A0,A1,A2,A3,A4,A5,class
0.23001961,5.0725783,-0.27606055,0.83244412,-0.37786573,0.4803223,0
0.15549112,-0.16939038,0.67065219,-0.85955255,-0.37786573,-0.94572324,0
-0.78441482,-0.44365372,5.6747053,-0.85955255,-0.37786573,-0.94572324,0
0.54608818,0.13141457,-0.45638679,-0.85955255,-0.37786573,-0.94572324,0
-0.10298725,-0.3949941,-0.14081588,0.97970269,-0.37786573,1.0135658,0
-0.18039525,-0.38172329,0.26491816,0.77294998,1.4689815,0.85206922,0
-0.068602514,-0.34633447,-0.18589744,0.89911132,1.7433811,1.0623195,0
-0.082491915,-0.44807732,0.89605999,-0.85955255,-0.37786573,-0.94572324,0
-0.15160016,-0.36845248,0.62557063,1.1974259,-0.37786573,1.0105187,0
-0.78441482,-0.47019533,-0.59163147,-0.85955255,-0.37786573,-0.94572324,0
-0.081136852,-0.32421646,1.0313047,1.1716873,-0.37786573,1.3975012,0
-0.78441482,-0.47019533,-0.59163147,-0.85955255,-0.37786573,-0.94572324,0
0.77509391,-0.44365372,-0.50146835,-0.85955255,-0.37786573,-0.94572324,0
0.53761903,1.5867797,-0.27606055,2.3754945,-0.37786573,0.80940974,0
1.3040768,1.060371,-0.36622367,1.8653638,-0.37786573,0.9434824,0
0.3860213,1.7769946,-0.41130523,0.76957442,-0.37786573,0.89777581,0
-0.78441482,-0.47019533,-0.59163147,-0.85955255,-0.37786573,-0.94572324,0
-0.10112404,-0.27998044,-0.27606055,-0.85955255,-0.37786573,-0.94572324,0
7.4696159,-0.44807732,-0.59163147,-0.85955255,-0.37786573,-0.94572324,0
-0.78441482,-0.47019533,-0.59163147,-0.85955255,-0.37786573,-0.94572324,0
0.81506829,2.7280691,-0.050652758,0.62991086,0.79101616,0.65400734,0
0.76408402,0.56935119,-0.50146835,1.3780181,-0.37786573,0.87339896,0
-0.44226128,-0.44365372,1.4370387,-0.19414637,0.1270441,1.278664,0
-0.78441482,-0.47019533,-0.59163147,-0.85955255,-0.37786573,-0.94572324,0
-0.78441482,-0.47019533,-0.59163147,-0.85955255,-0.37786573,-0.94572324,0
-0.78441482,-0.47019533,-0.59163147,-0.85955255,-0.37786573,-0.94572324,0
-0.78441482,-0.47019533,-0.59163147,-0.85955255,-0.37786573,-0.94572324,0
0.60164578,0.60031641,0.30999972,0.88560911,0.72806294,1.0562253,0
0.14515876,-0.17381398,-0.18589744,0.54510005,-0.37786573,1.1659211,0
-0.29540627,-0.41268851,0.039510361,-0.85955255,-0.37786573,-0.94572324,0
0.22239738,-0.2092028,-0.095734317,0.046783825,-0.37786573,1.2634285,0
0.60486406,0.5781984,0.08459192,-0.85955255,-0.37786573,-0.94572324,0
-0.1402515,-0.08534194,0.85097843,0.42526787,0.74050871,1.1689682,0
-0.18276662,0.05178973,0.35508128,1.1543876,0.62675172,1.306088,0
-0.78441482,-0.47019533,-0.59163147,-0.85955255,-0.37786573,-0.94572324,0
0.0071116601,-0.27113323,0.58048907,1.0687329,-0.37786573,1.2420988,0
-0.32267692,-0.37287609,1.9329359,-0.85955255,-0.37786573,-0.94572324,0
-0.78441482,-0.47019533,-0.59163147,-0.85955255,-0.37786573,-0.94572324,0
0.25271692,0.1844978,0.26491816,0.60206253,-0.37786573,1.2055335,0
-0.78441482,-0.47019533,-0.59163147,-0.85955255,-0.37786573,-0.94572324,0
-0.78441482,-0.47019533,-0.59163147,-0.85955255,-0.37786573,-0.94572324,0
-0.18446045,-0.37287609,0.35508128,1.2396204,-0.37786573,1.0866964,0
-0.78441482,-0.47019533,-0.59163147,-0.85955255,-0.37786573,-0.94572324,0
1.6330185,4.6788777,-0.45638679,1.4602973,1.2448588,0.30054306,0
-0.78441482,-0.47019533,-0.59163147,-0.85955255,-0.37786573,-0.94572324,0
1.5591675,5.0504603,-0.50146835,0.94805686,-0.37786573,0.30968437,0
0.28659351,0.05178973,0.44524439,0.57252643,1.0542212,1.1415443,0
-0.78441482,-0.47019533,-0.59163147,-0.85955255,-0.37786573,-0.94572324,0
-0.78441482,-0.47019533,-0.59163147,-0.85955255,-0.37786573,-0.94572324,0
-0.065553621,-0.32864006,-0.32114211,0.50121784,-0.37786573,1.6290812,0
0.095190789,-0.29767485,0.49032595,0.50543729,0.10327201,1.2664756,0
0.29692587,-0.31536926,-0.0055711987,0.74636748,0.61842161,1.1476385,0
-0.49375369,-0.38614689,1.1665493,-0.024102819,1.1365345,1.0227071,0
0.13719776,-0.36845248,-0.095734317,-0.85955255,-0.37786573,-0.94572324,0
0.84250832,0.52511517,-0.18589744,0.92822548,-0.37786573,0.96176503,0
1.190929,4.953141,-0.32114211,1.5105086,0.57956973,0.67838418,0
-0.1551572,-0.35518168,0.26491816,-0.85955255,-0.37786573,-0.94572324,0
0.14465061,-0.36402888,-0.095734317,0.79868858,0.64769223,1.4767259,0
-0.78441482,-0.47019533,-0.59163147,-0.85955255,-0.37786573,-0.94572324,0
0.21274255,0.46760834,2.8796486,0.7788572,-0.012954376,0.270072,0
0.24560284,0.48530275,0.12967348,-0.85955255,-0.37786573,-0.94572324,0
-0.78441482,-0.47019533,-0.59163147,-0.85955255,-0.37786573,-0.94572324,0
-0.78441482,-0.47019533,-0.59163147,-0.85955255,-0.37786573,-0.94572324,0
0.6223105,0.14468538,0.30999972,0.25311459,-0.37786573,1.1293559,0
0.17039681,-0.24016802,-0.27606055,0.88982855,-0.37786573,1.4188309,0
0.30827453,-0.45250093,-0.45638679,-0.85955255,-0.37786573,-0.94572324,0
-0.0020350187,-0.29325125,0.26491816,1.1978479,0.49030918,1.3030409,0
-0.029475055,0.020824514,0.12967348,-0.12410362,0.72016086,0.83073948,0
-0.78441482,-0.47019533,-0.59163147,-0.85955255,-0.37786573,-0.94572324,0
-0.78441482,-0.47019533,-0.59163147,-0.85955255,-0.37786573,-0.94572324,0
-0.0044063799,-0.15611958,1.3468756,-0.85955255,-0.37786573,-0.94572324,0
-0.34689869,-0.36845248,0.49032595,0.85354134,-0.37786573,0.99223609,0
-0.075039066,0.22873382,0.17475504,0.34087901,0.40480212,1.2268632,0
-0.28354947,-0.42595931,0.44524439,0.12948491,-0.37786573,1.4127367,0
-0.78441482,-0.47019533,-0.59163147,-0.85955255,-0.37786573,-0.94572324,0
0.044037141,-0.25786243,0.08459192,0.50501534,-0.37786573,0.86121054,0
0.11619427,-0.45250093,0.12967348,-0.85955255,-0.37786573,-0.94572324,0
-0.78441482,-0.47019533,-0.59163147,-0.85955255,-0.37786573,-0.94572324,0
-0.34232535,-0.42595931,0.17475504,0.71472166,0.5914887,1.3121822,0
-0.78441482,-0.47019533,-0.59163147,-0.85955255,-0.37786573,-0.94572324,0
-0.28710651,-0.42595931,0.80589687,0.28265069,-0.37786573,0.87949317,0
0.014903275,-0.44365372,0.039510361,0.59151392,-0.37786573,1.0866964,0
-0.096889465,-0.14727237,-0.095734317,1.1096615,-0.37786573,0.56868837,0
1.3062788,1.5292729,-0.27606055,1.1615607,0.44490516,0.24264805,0
-0.41990273,-0.41711211,0.62557063,0.40332676,-0.37786573,1.1110732,0
-0.2613603,-0.32864006,1.7976912,0.88476522,0.62912234,0.99223609,0
-0.78441482,-0.47019533,-0.59163147,-0.85955255,-0.37786573,-0.94572324,0
-0.78441482,-0.47019533,-0.59163147,-0.85955255,-0.37786573,-0.94572324,0
-0.069110663,-0.43038291,0.30999972,0.54805366,0.73310051,0.74542051,0
0.33605333,0.11814376,-0.41130523,0.57294838,-0.37786573,0.98614188,0
-0.33334805,-0.44807732,0.49032595,0.73117749,0.61842161,1.2055335,0
-0.33199299,-0.32864006,-0.050652758,0.95143242,1.4092549,1.0958377,0
-0.11535221,-0.37287609,0.039510361,-0.85955255,-0.37786573,-0.94572324,0
0.08028509,-0.45250093,0.12967348,-0.85955255,-0.37786573,-0.94572324,0
-0.78441482,-0.47019533,-0.59163147,-0.85955255,-0.37786573,-0.94572324,0
0.40228206,0.034095321,-0.18589744,1.4121956,0.78127026,0.92824687,0
0.70700197,2.1220356,1.1214678,-0.85955255,-0.37786573,-0.94572324,0
0.2042734,0.88342695,-0.27606055,-0.85955255,-0.37786573,-0.94572324,0
-0.56946787,-0.43923012,2.9247302,-0.11228918,-0.37786573,1.1141203,0
-0.78441482,-0.47019533,-0.59163147,-0.85955255,-0.37786573,-0.94572324,0
-0.78441482,-0.47019533,-0.59163147,-0.85955255,-0.37786573,-0.94572324,0
-0.78441482,-0.47019533,-0.59163147,-0.85955255,-0.37786573,-0.94572324,0
-0.78441482,-0.47019533,-0.59163147,-0.85955255,-0.37786573,-0.94572324,0
0.14634444,-0.33748727,-0.36622367,0.8417269,1.6810535,1.0714608,0
0.1317775,-0.34633447,0.039510361,-0.85955255,-0.37786573,-0.94572324,0
-0.78441482,-0.47019533,-0.59163147,-0.85955255,-0.37786573,-0.94572324,0
-0.78441482,-0.47019533,-0.59163147,-0.85955255,-0.37786573,-0.94572324,0
0.56827734,1.6487101,0.08459192,0.63497419,0.94497497,0.80026842,0
-0.78441482,-0.47019533,-0.59163147,-0.85955255,-0.37786573,-0.94572324,0
-0.78441482,-0.47019533,-0.59163147,-0.85955255,-0.37786573,-0.94572324,0
1.1868638,2.3166741,-0.36622367,-0.85955255,-0.37786573,-0.94572324,0
-0.78441482,-0.47019533,-0.59163147,-0.85955255,-0.37786573,-0.94572324,0
-0.78441482,-0.47019533,-0.59163147,-0.85955255,-0.37786573,-0.94572324,0
-0.78441482,-0.47019533,-0.59163147,-0.85955255,-0.37786573,-0.94572324,0
-0.78441482,-0.47019533,-0.59163147,-0.85955255,-0.37786573,-0.94572324,0
0.3114928,-0.44365372,0.08459192,-0.85955255,-0.37786573,-0.94572324,0
-0.46360353,-0.44807732,0.039510361,0.094041587,2.1414153,0.80026842,0
0.18987585,0.10044935,-0.32114211,-0.85955255,-0.37786573,-0.94572324,0
-0.78441482,-0.47019533,-0.59163147,-0.85955255,-0.37786573,-0.94572324,0
0.93075683,0.75956609,-0.41130523,1.1628265,-0.37786573,0.87949317,0
-0.26762747,-0.43923012,0.26491816,0.5750581,-0.37786573,0.88863449,0
-0.36790217,-0.45250093,1.1214678,0.46661841,0.17965876,0.92215265,0
-0.78441482,-0.47019533,-0.59163147,-0.85955255,-0.37786573,-0.94572324,0
0.053691969,0.060636934,0.98622311,0.12399963,-0.37786573,1.2969467,0
-0.12483765,-0.4038413,-0.32114211,-0.85955255,-0.37786573,-0.94572324,0
1.4312834,5.0858491,-0.45638679,0.87210689,-0.37786573,0.24874226,0
-0.55659477,-0.43923012,3.2853826,1.3050217,0.1855524,0.46813388,0
1.0430577,2.7988467,-0.45638679,2.1771806,-0.37786573,0.73323209,0
0.33622271,-0.12073076,0.17475504,5.5008359,-0.37786573,0.63877181,0
-0.78441482,-0.47019533,-0.59163147,-0.85955255,-0.37786573,-0.94572324,0
-0.78441482,-0.47019533,-0.59163147,-0.85955255,-0.37786573,-0.94572324,0
0.58030353,-0.45250093,0.12967348,-0.85955255,-0.37786573,-0.94572324,0
-0.78441482,-0.47019533,-0.59163147,-0.85955255,-0.37786573,-0.94572324,0
-0.42193533,-0.45250093,0.58048907,-0.85955255,-0.37786573,-0.94572324,0
0.79457295,2.4538057,-0.36622367,0.89067244,2.857146,1.0775551,0
-0.78441482,-0.47019533,-0.59163147,-0.85955255,-0.37786573,-0.94572324,0
0.026251932,-0.12515436,-0.14081588,0.84889995,-0.37786573,0.99223609,0
-0.065553621,-0.41711211,-0.36622367,-0.11524279,-0.37786573,0.75151473,0
-0.25356869,-0.31979286,2.3386699,1.1577632,0.27214599,0.8916816,0
-0.17107919,-0.42153571,1.0313047,0.36028844,-0.37786573,1.162874,0
0.011515617,-0.32421646,-0.050652758,0.046783825,-0.37786573,1.5132912,0
0.72292397,0.582622,0.17475504,0.77421581,0.28860866,0.86730475,0
-0.78441482,-0.47019533,-0.59163147,-0.85955255,-0.37786573,-0.94572324,0
-0.33470311,-0.43480652,-0.230979,-0.39836742,-0.37786573,0.35234386,0
-0.78441482,-0.47019533,-0.59163147,-0.85955255,-0.37786573,-0.94572324,0
-0.78441482,-0.47019533,-0.59163147,-0.85955255,-0.37786573,-0.94572324,0
-0.077241044,-0.36845248,-0.45638679,-0.85955255,-0.37786573,-0.94572324,0
-0.38297725,-0.4082649,1.4821203,1.3016462,0.1218419,0.86121054,0
-0.78441482,-0.47019533,-0.59163147,-0.85955255,-0.37786573,-0.94572324,0
0.3294474,0.1844978,0.2198366,1.067889,0.31432333,1.3152293,0
-0.78441482,-0.47019533,-0.59163147,-0.85955255,-0.37786573,-0.94572324,0
0.12771231,-0.31979286,0.039510361,-0.85955255,-0.37786573,-0.94572324,0
1.2178609,0.83919093,-0.230979,2.0117785,-0.37786573,1.2451459,0
-0.18310538,-0.36845248,0.039510361,0.77252803,0.82459999,1.5620449,0
0.086382876,-0.010140702,-0.14081588,0.51303228,1.2994161,0.92519976,0
-0.78441482,-0.47019533,-0.59163147,-0.85955255,-0.37786573,-0.94572324,0
-0.009657251,-0.27113323,0.76081531,0.57590199,-0.37786573,1.1720153,0
0.11483921,-0.22247361,2.5640777,0.58645059,0.31168931,0.91605844,0
-0.78441482,-0.47019533,-0.59163147,-0.85955255,-0.37786573,-0.94572324,0
0.72173829,0.84803813,0.08459192,1.7269661,0.43035217,1.2664756,0
0.2261238,0.087178548,0.80589687,0.82147357,0.5094388,1.01966,0
-0.78441482,-0.47019533,-0.59163147,-0.85955255,-0.37786573,-0.94572324,0
0.14837703,-0.44807732,-0.27606055,1.1400415,-0.37786573,1.8576142,0
-0.37840391,-0.43480652,0.80589687,-0.092035852,0.25591381,1.4096896,0
-0.78441482,-0.47019533,-0.59163147,-0.85955255,-0.37786573,-0.94572324,0
-0.78441482,-0.47019533,-0.59163147,-0.85955255,-0.37786573,-0.94572324,0
-0.34130905,-0.35960528,0.80589687,0.1856035,-0.37786573,0.83378658,0
-0.0084715705,-0.41711211,-0.0055711987,1.4835042,0.542858,0.86121054,0
-0.017618249,-0.43923012,-0.18589744,-0.85955255,-0.37786573,-0.94572324,0
-0.16430388,-0.14284877,1.0313047,1.2792831,1.8747532,0.97395345,0
-0.3685797,-0.41711211,1.1665493,0.77716942,0.86776508,0.85511633,0
0.74731511,1.294822,-0.45638679,1.7117761,-0.37786573,0.94043529,0
0.2340848,-0.44807732,0.58048907,-0.85955255,-0.37786573,-0.94572324,0
-0.78441482,-0.47019533,-0.59163147,-0.85955255,-0.37786573,-0.94572324,0
-0.031338267,-0.31979286,-0.095734317,0.23539293,-0.37786573,0.98614188,0
-0.26542549,-0.3994177,0.40016284,1.2700004,-0.37786573,0.91910555,0
-0.13652507,-0.43480652,-0.45638679,1.1240076,4.9025988,1.421878,0
0.27693868,-0.39057049,0.12967348,-0.85955255,-0.37786573,-0.94572324,0
0.0084667236,-0.15169597,0.71573375,0.356069,-0.37786573,1.2085806,0
0.13923035,0.83476733,-0.18589744,0.49573257,-0.37786573,0.80636263,0
-0.33317867,-0.43038291,-0.32114211,0.075054093,-0.37786573,1.0714608,0
0.29743402,-0.195932,0.2198366,-0.85955255,-0.37786573,-0.94572324,0
0.17818843,-0.41711211,-0.27606055,0.53961477,1.4927865,1.2817111,0
-0.43701041,-0.44365372,-0.095734317,2.0147321,-0.37786573,0.30968437,0
-0.78441482,-0.47019533,-0.59163147,-0.85955255,-0.37786573,-0.94572324,0
0.23730308,-0.24459162,0.039510361,-0.85955255,-0.37786573,-0.94572324,0
-0.14109841,-0.32864006,-0.0055711987,0.44594314,1.3727408,0.75456183,0
-0.78441482,-0.47019533,-0.59163147,-0.85955255,-0.37786573,-0.94572324,0
-0.028966906,-0.34633447,-0.050652758,-0.85955255,-0.37786573,-0.94572324,0
-0.31217518,-0.45250093,-0.18589744,0.61261114,-0.37786573,1.1232616,0
0.43023024,-0.23574442,-0.14081588,0.8674655,-0.37786573,0.7393263,0
-0.32115248,-0.42595931,-0.0055711987,1.0961593,-0.37786573,0.74542051,0
-0.016432569,-0.39057049,0.08459192,0.20416905,0.42613773,1.0958377,0
0.28134264,-0.032258713,0.08459192,-0.85955255,-0.37786573,-0.94572324,0
-0.78441482,-0.47019533,-0.59163147,-0.85955255,-0.37786573,-0.94572324,0
-0.78441482,-0.47019533,-0.59163147,-0.85955255,-0.37786573,-0.94572324,0
-0.3994074,-0.4082649,2.1583436,0.91556715,0.44977811,0.68143129,0
0.4138001,0.029671718,-0.050652758,0.20881044,-0.37786573,1.0958377,0
0.58352181,0.82149652,-0.095734317,1.4252759,-0.37786573,1.6047044,0
0.02150921,-0.12957796,-0.18589744,0.76493303,-0.37786573,1.3700772,0
0.29811155,0.0075537073,-0.14081588,1.3062876,2.5347742,0.9983303,0
0.17784966,-0.010140702,0.08459192,-0.85955255,-0.37786573,-0.94572324,0
-0.78441482,-0.47019533,-0.59163147,-0.85955255,-0.37786573,-0.94572324,0
-0.08045932,-0.29325125,-0.27606055,-0.85955255,-0.37786573,-0.94572324,0
-0.78441482,-0.47019533,-0.59163147,-0.85955255,-0.37786573,-0.94572324,0
-0.29455936,-0.44365372,0.44524439,-0.85955255,-0.37786573,-0.94572324,0
1.7427786,1.9539387,-0.18589744,0.57168254,0.63932919,0.49251073,0
0.34774075,0.24200463,0.12967348,-0.85955255,-0.37786573,-0.94572324,0
1.949934,1.9716331,-0.32114211,1.2556543,-0.37786573,0.41023887,0
0.85707525,2.0866468,-0.45638679,-0.85955255,-0.37786573,-0.94572324,0
0.42785888,0.32605307,0.30999972,-0.85955255,-0.37786573,-0.94572324,0
-0.38399355,-0.44365372,0.17475504,1.0932057,1.2048545,0.78503289,0
0.44716854,0.5914692,0.62557063,-0.3477341,-0.37786573,1.1567798,0
0.023372422,-0.36402888,0.17475504,0.59277976,-0.37786573,1.2603814,0
-0.23205705,-0.45250093,0.35508128,-0.85955255,-0.37786573,-0.94572324,0
0.72800545,1.1267251,0.08459192,0.96198103,0.29344868,1.0714608,0
-0.78441482,-0.47019533,-0.59163147,-0.85955255,-0.37786573,-0.94572324,0
-0.78441482,-0.47019533,-0.59163147,-0.85955255,-0.37786573,-0.94572324,0
-0.78441482,-0.47019533,-0.59163147,-0.85955255,-0.37786573,-0.94572324,0
-0.23781607,-0.18266119,0.62557063,0.56239977,0.46923698,0.87949317,0
0.10145796,-0.2136264,-0.18589744,2.0826651,-0.37786573,1.1506856,0
0.26033916,-0.32421646,-0.36622367,1.378862,-0.37786573,1.4432078,0
-0.78441482,-0.47019533,-0.59163147,-0.85955255,-0.37786573,-0.94572324,0
1.5540861,5.0681547,-0.230979,1.6299189,0.21706193,0.78808,0
-0.1461799,-0.22247361,-0.095734317,0.48265229,-0.37786573,1.190298,0
-0.0086409534,-0.30209845,2.9698117,0.68982695,0.13889721,0.69666682,0
-0.43260645,-0.44807732,-0.0055711987,-0.85955255,-0.37786573,-0.94572324,0
0.24780482,1.2328915,-0.0055711987,0.73159943,-0.37786573,1.0501311,0
-0.14584114,-0.27555684,0.89605999,0.49066924,0.74831201,0.78808,0
-0.78441482,-0.47019533,-0.59163147,-0.85955255,-0.37786573,-0.94572324,0
0.68176391,1.0338294,-0.32114211,0.64636668,1.1967549,0.65096023,0
0.31267848,0.025248116,0.039510361,0.5894042,-0.37786573,1.0013774,0
-0.20156812,-0.32864006,0.89605999,0.54341227,-0.37786573,0.9983303,0
0.38940896,-0.067647531,0.12967348,1.5581883,-0.37786573,0.96785924,0
0.53321507,-0.32421646,-0.14081588,0.95860547,-0.37786573,1.1476385,0
-0.78441482,-0.47019533,-0.59163147,-0.85955255,-0.37786573,-0.94572324,0
-0.78441482,-0.47019533,-0.59163147,-0.85955255,-0.37786573,-0.94572324,0
0.90670446,-0.45250093,-0.45638679,-0.85955255,-0.37786573,-0.94572324,0
-0.78441482,-0.47019533,-0.59163147,-0.85955255,-0.37786573,-0.94572324,0
0.11365353,0.029671718,0.039510361,-0.85955255,-0.37786573,-0.94572324,0
-0.084693894,-0.30652205,1.8427727,0.86029245,0.063399448,1.104979,0
-0.78441482,-0.47019533,-0.59163147,-0.85955255,-0.37786573,-0.94572324,0
-0.22866939,-0.37287609,0.039510361,0.63919363,1.2283961,1.1080261,0
0.017444019,-0.24459162,-0.41130523,0.12357769,1.7636631,1.0623195,0
-0.78441482,-0.47019533,-0.59163147,-0.85955255,-0.37786573,-0.94572324,0
-0.78441482,-0.47019533,-0.59163147,-0.85955255,-0.37786573,-0.94572324,0
0.72766669,-0.08534194,-0.230979,0.68982695,0.93015857,0.83378658,0
0.52017259,1.2107735,0.17475504,0.37716622,0.38060201,0.90996423,0
-0.78441482,-0.47019533,-0.59163147,-0.85955255,-0.37786573,-0.94572324,0
-0.11450529,-0.43038291,-0.14081588,0.92611576,1.308273,1.2695227,0
2.426747,2.462653,-0.45638679,1.2944731,0.81594063,0.52298179,0
-0.78441482,-0.47019533,-0.59163147,-0.85955255,-0.37786573,-0.94572324,0
0.46478436,-0.023411508,-0.36622367,1.0526991,-0.37786573,1.4980557,0
-0.56879034,-0.45250093,0.67065219,-0.85955255,-0.37786573,-0.94572324,0
-0.17768513,-0.43923012,-0.050652758,0.9826563,1.1757486,1.162874,0
-0.78441482,-0.47019533,-0.59163147,-0.85955255,-0.37786573,-0.94572324,0
-0.78441482,-0.47019533,-0.59163147,-0.85955255,-0.37786573,-0.94572324,0
-0.43006571,-0.38614689,0.17475504,-0.85955255,-0.37786573,-0.94572324,0
6.9031993,-0.43038291,-0.54654991,-0.85955255,-0.37786573,-0.94572324,0
1.3025524,1.6619809,-0.14081588,2.7176913,-0.37786573,1.0105187,0
0.59791936,1.2063499,-0.32114211,0.078429648,-0.37786573,0.55954706,0
0.77052057,0.68436485,-0.41130523,0.73244332,-0.37786573,0.75151473,0
-0.2405262,-0.36402888,-0.14081588,-0.85955255,-0.37786573,-0.94572324,0
1.2012614,3.8826293,-0.45638679,-0.85955255,-0.37786573,-0.94572324,0
-0.060810899,-0.33748727,-0.59163147,-0.14477889,-0.37786573,0.97395345,0
-0.78441482,-0.47019533,-0.59163147,-0.85955255,-0.37786573,-0.94572324,0
-0.19530095,-0.4082649,-0.095734317,0.50712506,1.1365016,1.507197,0
0.39957193,0.46318474,0.08459192,0.76577692,0.73310051,0.82464527,0
-0.37637132,-0.43480652,1.301794,0.63455224,-0.37786573,1.1110732,0
0.88028072,1.0957599,0.039510361,1.0058632,0.79414406,0.81855105,0
-0.78441482,-0.47019533,-0.59163147,-0.85955255,-0.37786573,-0.94572324,0
0.23476233,0.14910898,0.08459192,-0.85955255,-0.37786573,-0.94572324,0
-0.78441482,-0.47019533,-0.59163147,-0.85955255,-0.37786573,-0.94572324,0
1.1687399,1.8521958,-0.230979,-0.85955255,-0.37786573,-0.94572324,0
-0.26288475,-0.44365372,0.44524439,0.17336712,0.59804084,1.0897435,0
-0.17531377,-0.44807732,-0.14081588,1.6231678,1.4062258,0.77284447,0
0.4158327,0.50742076,-0.50146835,1.3851912,-0.37786573,1.0105187,0
-0.78441482,-0.47019533,-0.59163147,-0.85955255,-0.37786573,-0.94572324,0
0.48646538,-0.31094565,0.12967348,1.212194,-0.37786573,1.132403,0
-0.40669086,-0.43480652,1.1214678,-0.85955255,-0.37786573,-0.94572324,0
-0.78441482,-0.47019533,-0.59163147,-0.85955255,-0.37786573,-0.94572324,0
0.11551674,-0.29325125,0.17475504,0.86999717,0.61048661,1.2603814,0
-0.78441482,-0.47019533,-0.59163147,-0.85955255,-0.37786573,-0.94572324,0
-0.78441482,-0.47019533,-0.59163147,-0.85955255,-0.37786573,-0.94572324,0
-0.083508213,-0.38614689,-0.18589744,1.2615615,-0.37786573,0.9434824,0
-0.053188667,-0.45250093,0.40016284,-0.85955255,-0.37786573,-0.94572324,0
-0.14550237,-0.32421646,0.76081531,-0.85955255,-0.37786573,-0.94572324,0
-0.54558487,-0.44807732,0.85097843,-0.85955255,-0.37786573,-0.94572324,0
0.18479436,-0.027835111,0.35508128,-0.85955255,-0.37786573,-0.94572324,0
-0.07639413,-0.45250093,-0.095734317,-0.85955255,-0.37786573,-0.94572324,0
-0.78441482,-0.47019533,-0.59163147,-0.85955255,-0.37786573,-0.94572324,0
0.12635725,-0.18266119,-0.14081588,-0.85955255,-0.37786573,-0.94572324,0
-0.16261005,-0.42595931,-0.0055711987,1.015146,-0.37786573,1.2725698,0
-0.78441482,-0.47019533,-0.59163147,-0.85955255,-0.37786573,-0.94572324,0
0.78695072,0.62685802,-0.27606055,0.71134611,-0.37786573,0.55954706,0
0.039463802,-0.45250093,-0.36622367,-0.85955255,-0.37786573,-0.94572324,0
1.0749017,3.1792765,-0.45638679,1.6484844,2.2694619,0.7393263,0
0.6302715,0.67994125,-0.36622367,-0.85955255,-0.37786573,-0.94572324,0
0.87909504,-0.43923012,0.039510361,-0.85955255,-0.37786573,-0.94572324,0
-0.072328939,-0.0057170995,-0.27606055,0.35016178,2.7769399,0.76065604,0
-0.43260645,-0.45250093,1.0313047,0.46704035,0.34204645,0.90996423,0
0.25305569,-0.0012934972,0.08459192,0.71851916,-0.37786573,1.565092,0
-0.078257342,-0.36845248,0.08459192,1.3670476,-0.37786573,1.0135658,0
-0.062335345,-0.063223929,-0.45638679,0.87337272,-0.37786573,1.4767259,0
-0.22985507,-0.12515436,1.5272018,-0.85955255,-0.37786573,-0.94572324,0
-0.78441482,-0.47019533,-0.59163147,-0.85955255,-0.37786573,-0.94572324,0
0.68921676,4.6700305,-0.18589744,0.76029165,-0.37786573,0.61439496,0
-0.78441482,-0.47019533,-0.59163147,-0.85955255,-0.37786573,-0.94572324,0
0.42057542,-0.44807732,-0.230979,-0.85955255,-0.37786573,-0.94572324,0
-0.78441482,-0.47019533,-0.59163147,-0.85955255,-0.37786573,-0.94572324,0
-0.14109841,-0.41711211,-0.050652758,-0.85955255,-0.37786573,-0.94572324,0
-0.78441482,-0.47019533,-0.59163147,-0.85955255,-0.37786573,-0.94572324,0
-0.78441482,-0.47019533,-0.59163147,-0.85955255,-0.37786573,-0.94572324,0
0.83014337,0.75514249,-0.32114211,0.75775998,1.1283361,0.6357247,0
-0.016601952,-0.25786243,0.49032595,1.0088168,0.34711695,1.4096896,0
-0.48850282,-0.45250093,1.1665493,0.42400203,0.23243805,0.6844784,0
-0.59131827,-0.43038291,-0.59163147,-0.85955255,-0.37786573,-0.94572324,0
-0.35858611,-0.14284877,0.039510361,0.57294838,-0.37786573,1.0348956,0
0.16599286,-0.0057170995,-0.14081588,-0.85955255,-0.37786573,-0.94572324,0
-0.78441482,-0.47019533,-0.59163147,-0.85955255,-0.37786573,-0.94572324,0
-0.78441482,-0.47019533,-0.59163147,-0.85955255,-0.37786573,-0.94572324,0
-0.27948427,-0.41268851,0.62557063,0.60670392,-0.37786573,0.67228997,0
1.6563933,5.0504603,0.17475504,0.8045958,-0.37786573,0.4772752,0
-0.78441482,-0.47019533,-0.59163147,-0.85955255,-0.37786573,-0.94572324,0
-0.78441482,-0.47019533,-0.59163147,-0.85955255,-0.37786573,-0.94572324,0
-0.78441482,-0.47019533,-0.59163147,-0.85955255,-0.37786573,-0.94572324,0
-0.37637132,-0.4038413,4.1419323,-0.85955255,-0.37786573,-0.94572324,0
-0.78441482,-0.47019533,-0.59163147,-0.85955255,-0.37786573,-0.94572324,0
-0.24238941,-0.44365372,0.17475504,-0.85955255,-0.37786573,-0.94572324,0
-0.78441482,-0.47019533,-0.59163147,-0.85955255,-0.37786573,-0.94572324,0
-0.13872705,-0.3949941,0.30999972,0.95269825,-0.37786573,1.4828201,0
0.2361174,-0.4082649,0.26491816,0.71598749,0.26223547,1.2451459,0
-0.78441482,-0.47019533,-0.59163147,-0.85955255,-0.37786573,-0.94572324,0
-0.78441482,-0.47019533,-0.59163147,-0.85955255,-0.37786573,-0.94572324,0
-0.78441482,-0.47019533,-0.59163147,-0.85955255,-0.37786573,-0.94572324,0
-0.25102794,-0.29767485,0.35508128,0.80164219,0.85031466,0.55649995,0
-0.78441482,-0.47019533,-0.59163147,-0.85955255,-0.37786573,-0.94572324,0
-0.78441482,-0.47019533,-0.59163147,-0.85955255,-0.37786573,-0.94572324,0
0.25085371,-0.0012934972,-0.230979,0.61809642,2.1947214,1.01966,0
-0.13195173,-0.30209845,1.1665493,0.30881124,-0.37786573,1.4767259,0
-0.13737199,-0.3994177,0.2198366,0.75775998,0.52326743,1.4553962,0
-0.42430669,-0.4038413,1.2116309,0.87421661,0.48145227,0.23350673,0
-0.16481202,-0.27998044,0.08459192,-0.18190999,-0.37786573,1.3761714,0
-0.4122805,-0.42153571,0.17475504,-0.85955255,-0.37786573,-0.94572324,0
-0.21935333,-0.44807732,-0.32114211,-0.85955255,-0.37786573,-0.94572324,0
0.28896487,-0.45250093,-0.050652758,1.6535477,-0.37786573,0.82769237,0
0.46427622,-0.45250093,-0.36622367,-0.85955255,-0.37786573,-0.94572324,0
3.4970778,-0.45250093,-0.54654991,-0.85955255,-0.37786573,-0.94572324,0
0.40888799,0.3968307,-0.14081588,1.1936284,0.89700277,1.0866964,0
-0.78441482,-0.47019533,-0.59163147,-0.85955255,-0.37786573,-0.94572324,0
0.080115707,-0.45250093,0.35508128,-0.85955255,-0.37786573,-0.94572324,0
-0.050817306,-0.26670963,0.44524439,1.3008023,-0.37786573,1.5315738,0
-0.36214315,-0.43038291,0.40016284,1.7480633,-0.37786573,0.25788358,0
-0.78441482,-0.47019533,-0.59163147,-0.85955255,-0.37786573,-0.94572324,0
-0.78441482,-0.47019533,-0.59163147,-0.85955255,-0.37786573,-0.94572324,0
-0.78441482,-0.47019533,-0.59163147,-0.85955255,-0.37786573,-0.94572324,0
4.5111734,-0.37729969,-0.54654991,-0.85955255,-0.37786573,-0.94572324,0
-0.2117311,-0.43038291,-0.27606055,-0.85955255,-0.37786573,-0.94572324,0
-0.78441482,-0.47019533,-0.59163147,-0.85955255,-0.37786573,-0.94572324,0
-0.33504188,-0.31094565,20.686865,2.5358333,0.35791646,0.65096023,0
0.14990148,-0.076494735,-0.18589744,-0.85955255,-0.37786573,-0.94572324,0
0.22934208,0.047366127,-0.050652758,-0.85955255,-0.37786573,-0.94572324,0
-0.55879674,-0.44365372,1.0313047,0.018935501,0.46910528,0.85206922,0
-0.78441482,-0.47019533,-0.59163147,-0.85955255,-0.37786573,-0.94572324,0
0.70090418,2.0512579,0.039510361,-0.85955255,-0.37786573,-0.94572324,0
-0.78441482,-0.47019533,-0.59163147,-0.85955255,-0.37786573,-0.94572324,0
0.7434193,3.3650678,-0.45638679,0.78771803,1.9533459,0.53821731,0
-0.15532658,-0.42153571,-0.050652758,1.8813977,-0.37786573,0.97090635,0
-0.14397792,-0.32421646,-0.095734317,0.8379294,-0.37786573,0.36453228,0
-0.78441482,-0.47019533,-0.59163147,-0.85955255,-0.37786573,-0.94572324,0
-0.78441482,-0.47019533,-0.59163147,-0.85955255,-0.37786573,-0.94572324,0
0.40058823,1.1621139,0.039510361,0.76577692,0.75015583,0.68143129,0
-0.78441482,-0.47019533,-0.59163147,-0.85955255,-0.37786573,-0.94572324,0
0.31911504,-0.16939038,-0.14081588,-0.85955255,-0.37786573,-0.94572324,0
-0.065214855,-0.32421646,0.89605999,1.348904,-0.37786573,0.66619576,0
-0.78441482,-0.47019533,-0.59163147,-0.85955255,-0.37786573,-0.94572324,0
5.4461673,-0.4082649,-0.50146835,-0.85955255,-0.37786573,-0.94572324,0
0.99139593,0.7772605,-0.50146835,0.80712747,3.6836045,0.85511633,0
0.19004524,0.12256737,0.94114155,-0.85955255,-0.37786573,-0.94572324,0
0.004401533,-0.42153571,-0.27606055,-0.85955255,-0.37786573,-0.94572324,0
1.0632143,1.0072878,0.17475504,2.2556623,-0.37786573,1.3761714,0
-0.78441482,-0.47019533,-0.59163147,-0.85955255,-0.37786573,-0.94572324,0
-0.29523689,-0.43480652,0.49032595,1.2265401,0.37069149,1.1141203,0
-0.30268974,-0.44365372,0.49032595,0.42231426,-0.37786573,1.5833746,0
0.96802108,2.0424107,-0.230979,-0.85955255,-0.37786573,-0.94572324,0
-0.78441482,-0.47019533,-0.59163147,-0.85955255,-0.37786573,-0.94572324,0
-0.78441482,-0.47019533,-0.59163147,-0.85955255,-0.37786573,-0.94572324,0
0.57589957,0.016400912,-0.050652758,-0.85955255,-0.37786573,-0.94572324,0
-0.78441482,-0.47019533,-0.59163147,-0.85955255,-0.37786573,-0.94572324,0
-0.78441482,-0.47019533,-0.59163147,-0.85955255,-0.37786573,-0.94572324,0
-0.13262927,-0.33306367,0.53540751,0.78729608,0.82459999,1.2969467,0
1.6465691,5.0504603,-0.50146835,0.97632713,-0.37786573,0.52602889,0
0.19682055,0.01197731,-0.14081588,1.750173,-0.37786573,1.0166129,0
-0.78441482,-0.47019533,-0.59163147,-0.85955255,-0.37786573,-0.94572324,0
-0.028966906,-0.41268851,-0.36622367,-0.85955255,-0.37786573,-0.94572324,0
0.85470389,0.44549033,0.30999972,0.65016418,-0.37786573,0.87644607,0
1.3215233,4.9398702,0.17475504,1.3083973,-0.37786573,0.63877181,0
-0.20749653,-0.17823759,1.1665493,0.77590359,0.63860484,1.220769,0
-0.78441482,-0.47019533,-0.59163147,-0.85955255,-0.37786573,-0.94572324,0
-0.78441482,-0.47019533,-0.59163147,-0.85955255,-0.37786573,-0.94572324,0
-0.084693894,-0.42595931,-0.230979,0.72737999,-0.37786573,1.4462549,0
-0.17768513,-0.080918338,0.71573375,-0.85955255,-0.37786573,-0.94572324,0
-0.11704604,-0.27998044,-0.0055711987,0.56999476,-0.37786573,1.3274177,0
0.12991429,0.21988661,0.53540751,0.17547684,-0.37786573,0.56564127,0
0.45275818,0.073907741,0.44524439,0.74467971,-0.37786573,1.4828201,0
0.66228487,1.1709611,0.039510361,1.106286,-0.37786573,0.9983303,0
0.37551956,0.47645554,0.40016284,0.87041911,-0.089900855,1.0348956,0
0.065548774,-0.10745995,0.53540751,0.4265337,0.14633834,1.1354501,0
-0.78441482,-0.47019533,-0.59163147,-0.85955255,-0.37786573,-0.94572324,0
-0.78441482,-0.47019533,-0.59163147,-0.85955255,-0.37786573,-0.94572324,0
0.15515235,0.35701828,0.98622311,-0.85955255,-0.37786573,-0.94572324,0
-0.0018656358,-0.21805001,-0.095734317,0.29952846,1.365563,1.1506856,0
-0.019142696,-0.38172329,-0.14081588,0.86704356,1.4697058,1.2329575,0
-0.78441482,-0.47019533,-0.59163147,-0.85955255,-0.37786573,-0.94572324,0
-0.0079634216,0.12256737,0.17475504,0.21471766,1.1337358,0.82464527,0
0.82353743,0.77283689,-0.230979,0.89446994,1.0824053,0.81245684,0
-0.063351643,-0.45250093,0.26491816,-0.85955255,-0.37786573,-0.94572324,0
0.081809537,-0.31979286,-0.27606055,-0.85955255,-0.37786573,-0.94572324,0
0.1924166,0.016400912,2.7894855,0.19488628,0.59570314,0.41938019,0
0.075542368,-0.22689721,-0.0055711987,1.1429951,-0.37786573,1.5894688,0
0.11466983,-0.041105917,1.0763862,1.3818156,0.16187909,1.1141203,0
0.33503703,-0.13400156,-0.18589744,-0.85955255,-0.37786573,-0.94572324,0
0.37450326,0.065060536,0.08459192,0.81303469,-0.37786573,1.0775551,0
0.95870502,0.60031641,0.26491816,1.3974275,-0.37786573,1.3365591,0
-0.78441482,-0.45250093,6.1706024,-0.85955255,-0.37786573,-0.94572324,0
0.5150911,0.21103941,0.039510361,0.76113554,-0.37786573,1.1445914,0
0.65398511,0.72417727,-0.36622367,0.88729688,-0.37786573,0.67228997,0
-0.78441482,-0.47019533,-0.59163147,-0.85955255,-0.37786573,-0.94572324,0
1.7913916,2.1353064,0.44524439,1.9716938,0.22907967,1.2938996,0
-0.4539487,-0.43480652,0.30999972,1.3307603,1.1110174,0.71799656,0
0.16497656,-0.10303635,-0.230979,0.74130415,-0.37786573,1.2238161,0
-0.78441482,-0.47019533,-0.59163147,-0.85955255,-0.37786573,-0.94572324,0
-0.47986429,-0.44365372,0.76081531,-0.85955255,-0.37786573,-0.94572324,0
-0.78441482,-0.47019533,-0.59163147,-0.85955255,-0.37786573,-0.94572324,0
1.3423574,5.0416131,-0.41130523,2.3763383,-0.37786573,1.2878054,0
-0.10180157,-0.29767485,0.08459192,0.87463855,-0.37786573,1.5254796,0
-0.78441482,-0.47019533,-0.59163147,-0.85955255,-0.37786573,-0.94572324,0
0.070291497,-0.45250093,0.08459192,-0.85955255,-0.37786573,-0.94572324,0
-0.78441482,-0.47019533,-0.59163147,-0.85955255,-0.37786573,-0.94572324,0
-0.097058848,-0.4038413,0.53540751,1.7518608,-0.37786573,0.83378658,0
-0.78441482,-0.47019533,-0.59163147,-0.85955255,-0.37786573,-0.94572324,0
0.4197285,-0.4038413,0.2198366,-0.85955255,-0.37786573,-0.94572324,0
-0.78441482,-0.47019533,-0.59163147,-0.85955255,-0.37786573,-0.94572324,0
0.23933567,-0.0057170995,-0.14081588,-0.85955255,-0.37786573,-0.94572324,0
-0.78441482,-0.47019533,-0.59163147,-0.85955255,-0.37786573,-0.94572324,0
-0.78441482,-0.47019533,-0.59163147,-0.85955255,-0.37786573,-0.94572324,0
-0.78441482,-0.47019533,-0.59163147,-0.85955255,-0.37786573,-0.94572324,0
-0.78441482,-0.47019533,-0.59163147,-0.85955255,-0.37786573,-0.94572324,0
-0.78441482,-0.47019533,-0.59163147,-0.85955255,-0.37786573,-0.94572324,0
-0.49409246,-0.4082649,-0.59163147,0.066193263,-0.37786573,0.4772752,0
0.57420574,1.6796754,-0.230979,1.2754856,-0.37786573,1.3792185,0
-0.78441482,-0.47019533,-0.59163147,-0.85955255,-0.37786573,-0.94572324,0
0.51170344,-0.29325125,0.76081531,1.1662021,-0.09444455,1.5407151,0
-0.029644438,-0.24016802,2.023099,-0.43634241,-0.37786573,0.98918898,0
-0.78441482,-0.47019533,-0.59163147,-0.85955255,-0.37786573,-0.94572324,0
-0.13889643,-0.41268851,0.039510361,-0.85955255,-0.37786573,-0.94572324,0
-0.054374347,-0.45250093,-0.32114211,-0.85955255,-0.37786573,-0.94572324,0
0.38873142,-0.28440404,-0.230979,1.7974308,-0.37786573,1.0958377,0
-0.11399714,0.025248116,3.150138,0.20248127,-0.37786573,0.95262371,0
-0.024054801,0.72417727,4.9984819,1.1501682,0.060633721,0.61439496,0
1.1617952,0.83919093,-0.41130523,1.2615615,-0.37786573,1.2055335,0
0.69514516,1.9362443,0.12967348,0.75522832,-0.37786573,0.61134786,0
0.50882393,0.75956609,-0.095734317,0.6522739,1.4689815,1.0714608,0
-0.2345978,-0.44807732,0.58048907,0.69573417,0.60831354,0.90691713,0
0.090109301,0.29508785,1.8878543,1.0307579,-0.37786573,0.78198578,0
-0.78441482,-0.47019533,-0.59163147,-0.85955255,-0.37786573,-0.94572324,0
-0.004067614,-0.37729969,0.49032595,-0.85955255,-0.37786573,-0.94572324,0
0.16768669,0.13583817,-0.230979,0.46915008,-0.37786573,1.306088,0
-0.23188767,-0.43038291,-0.0055711987,0.72780194,-0.37786573,0.9952832,0
-0.78441482,-0.47019533,-0.59163147,-0.85955255,-0.37786573,-0.94572324,0
-0.78441482,-0.47019533,-0.59163147,-0.85955255,-0.37786573,-0.94572324,0
-0.5791227,-0.42595931,1.8878543,-0.85955255,-0.37786573,-0.94572324,0
-0.78441482,-0.47019533,-0.59163147,-0.85955255,-0.37786573,-0.94572324,0
0.026929464,-0.28882764,-0.050652758,0.92147437,1.9579554,1.0288014,0
-0.78441482,-0.47019533,-0.59163147,-0.85955255,-0.37786573,-0.94572324,0
-0.20986789,-0.3994177,-0.27606055,-0.027056429,-0.37786573,1.3121822,0
-0.78441482,-0.47019533,-0.59163147,-0.85955255,-0.37786573,-0.94572324,0
-0.39568097,-0.45250093,0.40016284,1.6995397,0.58961196,0.38586202,0
-0.78441482,-0.47019533,-0.59163147,-0.85955255,-0.37786573,-0.94572324,0
1.1711112,0.64455243,0.12967348,2.0434243,-0.37786573,1.2238161,0
-0.78441482,-0.47019533,-0.59163147,-0.85955255,-0.37786573,-0.94572324,0
-0.066739302,-0.34633447,-0.32114211,0.73286527,1.9520289,1.3335119,0
1.0264582,1.0869127,-0.32114211,1.5050233,-0.37786573,1.2238161,0
-0.78441482,-0.43923012,9.0558222,-0.85955255,-0.37786573,-0.94572324,0
0.78169985,-0.45250093,-0.50146835,-0.85955255,-0.37786573,-0.94572324,0
0.24323148,-0.076494735,-0.36622367,-0.85955255,-0.37786573,-0.94572324,0
0.60130701,0.21546301,-0.0055711987,0.84594634,-0.37786573,1.0623195,0
0.10857204,0.28181705,-0.32114211,-0.15490555,3.0694156,0.31577859,0
-0.11264208,-0.3994177,0.71573375,-0.089504186,0.41201277,1.0775551,0
0.29150562,-0.15169597,-0.18589744,0.67843445,-0.37786573,1.2634285,0
-0.78441482,-0.47019533,-0.59163147,-0.85955255,-0.37786573,-0.94572324,0
1.2109162,-0.45250093,-0.41130523,-0.85955255,-0.37786573,-0.94572324,0
-0.78441482,-0.47019533,-0.59163147,-0.85955255,-0.37786573,-0.94572324,0
-0.78441482,-0.47019533,-0.59163147,-0.85955255,-0.37786573,-0.94572324,0
0.38856204,-0.44365372,0.12967348,1.2809709,-0.37786573,0.91910555,0
1.2688452,5.0460367,-0.50146835,0.89109438,-0.37786573,0.20608278,0
1.2137957,4.6081,-0.50146835,-0.85955255,-0.37786573,-0.94572324,0
0.36163015,0.078331343,-0.095734317,0.75902581,-0.37786573,0.78503289,0
-0.42193533,-0.29325125,0.89605999,0.88982855,0.39084178,0.86121054,0
-0.78441482,-0.47019533,-0.59163147,-0.85955255,-0.37786573,-0.94572324,0
-0.54219722,-0.42153571,2.1583436,0.058598265,-0.37786573,0.76065604,0
0.43514235,0.37028909,0.76081531,2.0189515,-0.37786573,0.93129397,0
0.98563691,2.2857089,-0.45638679,1.810933,-0.37786573,0.94957661,0
-0.53762388,-0.44807732,0.40016284,0.42231426,0.43792499,1.3274177,0
-0.78441482,-0.47019533,-0.59163147,-0.85955255,-0.37786573,-0.94572324,0
-0.31962803,-0.45250093,-0.59163147,0.87295078,-0.37786573,0.56564127,0
-0.78441482,-0.47019533,-0.59163147,-0.85955255,-0.37786573,-0.94572324,0
0.78153046,0.9895934,0.26491816,1.182236,-0.37786573,0.8916816,0
-0.78441482,-0.47019533,-0.59163147,-0.85955255,-0.37786573,-0.94572324,0
-0.059625218,-0.30209845,-0.0055711987,0.57801171,-0.37786573,1.6656465,0
-0.40025431,-0.45250093,0.71573375,0.1856035,-0.37786573,0.88558738,0
-0.78441482,-0.47019533,-0.59163147,-0.85955255,-0.37786573,-0.94572324,0
0.46190485,0.59589281,0.44524439,-0.85955255,-0.37786573,-0.94572324,0
-0.78441482,-0.47019533,-0.59163147,-0.85955255,-0.37786573,-0.94572324,0
-0.78441482,-0.47019533,-0.59163147,-0.85955255,-0.37786573,-0.94572324,0
0.38077043,-0.054376724,-0.32114211,0.55860227,2.3139111,1.3487475,0
1.0229012,0.37471269,-0.32114211,-0.85955255,-0.37786573,-0.94572324,0
-0.78441482,-0.47019533,-0.59163147,-0.85955255,-0.37786573,-0.94572324,0
-0.032185182,-0.058800326,1.301794,0.49362285,-0.37786573,1.3792185,0
-0.28896972,-0.41268851,0.44524439,0.91641104,0.7316518,1.0836493,0
0.20647538,-0.2136264,-0.14081588,-0.85955255,-0.37786573,-0.94572324,0
0.45817843,0.51184436,0.71573375,-0.85955255,-0.37786573,-0.94572324,0
1.6506343,3.8605113,-0.32114211,1.6345603,-0.37786573,0.36453228,0
0.12974491,-0.45250093,0.44524439,0.45775758,-0.37786573,0.87949317,0
-0.78441482,-0.47019533,-0.59163147,-0.85955255,-0.37786573,-0.94572324,0
-0.49053542,-0.41268851,3.555872,1.0214752,0.046080728,0.76065604,0
2.85139,-0.41711211,-0.54654991,-0.85955255,-0.37786573,-0.94572324,0
0.275753,-0.39057049,-0.41130523,0.4712598,2.4231903,0.94957661,0
-0.78441482,-0.47019533,-0.59163147,-0.85955255,-0.37786573,-0.94572324,0
-0.78441482,-0.47019533,-0.59163147,-0.85955255,-0.37786573,-0.94572324,0
0.38822328,-0.45250093,-0.18589744,1.2961609,-0.37786573,0.83073948,0
-0.33114607,-0.3994177,0.62557063,1.0742182,1.0469447,0.81550395,0
-0.18547674,-0.41268851,-0.0055711987,0.0016357841,1.2940492,0.90082291,0
-0.12399074,-0.34191087,0.30999972,0.13581407,-0.37786573,1.4553962,0
4.291145,-0.45250093,-0.41130523,-0.85955255,-0.37786573,-0.94572324,0
0.3472326,-0.049953122,-0.230979,0.6189403,0.74314274,0.95262371,0
-0.78441482,-0.47019533,-0.59163147,-0.85955255,-0.37786573,-0.94572324,0
-0.48426825,-0.39057049,0.35508128,1.2455276,0.79088446,0.39500334,0
-0.78441482,-0.47019533,-0.59163147,-0.85955255,-0.37786573,-0.94572324,0
-0.78441482,-0.47019533,-0.59163147,-0.85955255,-0.37786573,-0.94572324,0
1.0479698,5.0371895,-0.18589744,-0.85955255,-0.37786573,-0.94572324,0
-0.35655351,0.13141457,0.80589687,0.90375271,0.39084178,1.1476385,0
0.81557643,4.0286081,-0.41130523,-0.85955255,-0.37786573,-0.94572324,0
-0.033709629,-0.43480652,-0.18589744,-0.85955255,-0.37786573,-0.94572324,0
0.74799264,0.68436485,0.76081531,0.92906937,-0.37786573,1.0958377,0
-0.78441482,-0.47019533,-0.59163147,-0.85955255,-0.37786573,-0.94572324,0
-0.78441482,-0.47019533,-0.59163147,-0.85955255,-0.37786573,-0.94572324,0
-0.16277943,-0.36402888,0.53540751,1.5809733,0.56096693,0.98309477,0
-0.001357487,-0.36845248,0.12967348,1.1117713,-0.37786573,1.1293559,0
0.45512954,0.69763566,0.53540751,1.4801286,-0.086377846,1.2756169,0
-0.78441482,-0.47019533,-0.59163147,-0.85955255,-0.37786573,-0.94572324,0
1.8291639,4.49751,-0.45638679,1.6185264,-0.37786573,0.29140174,0
-0.540334,-0.43480652,2.2034252,0.33497179,0.037388443,0.76370315,0
0.44547471,1.3744468,-0.41130523,-0.85955255,-0.37786573,-0.94572324,0
-0.096889465,-0.36402888,-0.230979,0.35480317,-0.37786573,0.87949317,0
-0.31607099,-0.44365372,0.26491816,0.37969788,-0.37786573,0.54126442,0
-0.78441482,-0.47019533,-0.59163147,-0.85955255,-0.37786573,-0.94572324,0
7.2233331,-0.45250093,-0.50146835,-0.85955255,-0.37786573,-0.94572324,0
-0.25170547,-0.44807732,-0.18589744,-0.85955255,-0.37786573,-0.94572324,0
0.33740839,-0.063223929,-0.230979,-0.85955255,-0.37786573,-0.94572324,0
-0.78441482,-0.47019533,-0.59163147,-0.85955255,-0.37786573,-0.94572324,0
-0.78441482,-0.47019533,-0.59163147,-0.85955255,-0.37786573,-0.94572324,0
0.024049954,-0.43038291,0.44524439,0.44130175,0.27896154,1.3609359,0
-0.78441482,-0.47019533,-0.59163147,-0.85955255,-0.37786573,-0.94572324,0
0.56912426,0.29508785,-0.36622367,0.30416985,-0.37786573,0.51384047,0
-0.055390645,-0.45250093,-0.32114211,-0.17473694,-0.37786573,0.28835463,0
0.42057542,-0.080918338,-0.41130523,1.4514364,-0.37786573,0.90691713,0
-0.198858,-0.38614689,0.94114155,1.0197874,-0.37786573,0.80940974,0
0.20173266,-0.2003556,-0.095734317,1.1240076,1.4947949,0.90082291,0
-0.78441482,-0.47019533,-0.59163147,-0.85955255,-0.37786573,-0.94572324,0
-0.78441482,-0.47019533,-0.59163147,-0.85955255,-0.37786573,-0.94572324,0
-0.78441482,-0.47019533,-0.59163147,-0.85955255,-0.37786573,-0.94572324,0
0.19394104,0.42779592,0.17475504,-0.85955255,-0.37786573,-0.94572324,0
-0.78441482,-0.47019533,-0.59163147,-0.85955255,-0.37786573,-0.94572324,0
-0.78441482,-0.47019533,-0.59163147,-0.85955255,-0.37786573,-0.94572324,0
-0.78441482,-0.47019533,-0.59163147,-0.85955255,-0.37786573,-0.94572324,0
0.64924239,0.43664312,-0.27606055,1.4138834,1.5995633,1.3152293,0
-0.78441482,-0.47019533,-0.59163147,-0.85955255,-0.37786573,-0.94572324,0
2.9415017,-0.44807732,-0.230979,-0.85955255,-0.37786573,-0.94572324,0
0.16006446,0.51626796,0.12967348,-0.85955255,-0.37786573,-0.94572324,0
-0.11687665,-0.33748727,0.89605999,0.76704276,0.48774101,1.1080261,0
-0.51492656,-0.44365372,0.71573375,0.10923158,-0.37786573,1.0806022,0
0.742403,-0.45250093,-0.41130523,-0.85955255,-0.37786573,-0.94572324,0
-0.1551572,-0.44365372,1.0313047,-0.85955255,-0.37786573,-0.94572324,0
0.10450685,0.087178548,1.0313047,1.1805482,-0.37786573,1.5529036,0
0.89298444,1.6265921,-0.095734317,-0.85955255,-0.37786573,-0.94572324,0
0.41718776,-0.11630716,-0.230979,-0.85955255,-0.37786573,-0.94572324,0
-0.40042369,-0.4038413,0.98622311,-0.85955255,-0.37786573,-0.94572324,0
-0.31844235,-0.34633447,5.0435634,0.67421501,0.40977384,0.85816343,0
-0.16582832,-0.42153571,-0.27606055,0.81641024,1.970928,1.0501311,0
-0.78441482,-0.47019533,-0.59163147,-0.85955255,-0.37786573,-0.94572324,0
0.23730308,0.47645554,0.08459192,0.43708231,0.4332496,1.0653666,0
-0.78441482,-0.47019533,-0.59163147,-0.85955255,-0.37786573,-0.94572324,0
1.0181584,-0.44365372,-0.0055711987,-0.85955255,-0.37786573,-0.94572324,0
2.908472,3.3164082,-0.50146835,1.3092412,2.5548586,0.32796701,0
-0.78441482,-0.47019533,-0.59163147,-0.85955255,-0.37786573,-0.94572324,0
-0.001357487,-0.35960528,-0.230979,-0.85955255,-0.37786573,-0.94572324,0
0.061652967,-0.054376724,0.08459192,0.89109438,-0.37786573,1.3517946,0
0.13008367,-0.17381398,0.35508128,0.65438363,0.14235437,1.0623195,0
-0.78441482,-0.47019533,-0.59163147,-0.85955255,-0.37786573,-0.94572324,0
0.20901612,-0.31536926,-0.230979,1.1100835,-0.37786573,1.0105187,0
0.31437231,-0.43923012,-0.18589744,-0.85955255,-0.37786573,-0.94572324,0
-0.15278584,-0.37287609,-0.230979,0.26788264,-0.37786573,0.96176503,0
-0.33233175,-0.43038291,-0.27606055,0.27674347,-0.37786573,0.96481214,0
0.38212549,0.034095321,-0.32114211,-0.85955255,-0.37786573,-0.94572324,0
-0.78441482,-0.47019533,-0.59163147,-0.85955255,-0.37786573,-0.94572324,0
-0.24662398,-0.45250093,0.71573375,-0.85955255,-0.37786573,-0.94572324,0
-0.78441482,-0.47019533,-0.59163147,-0.85955255,-0.37786573,-0.94572324,0
0.016935871,-0.27113323,-0.230979,0.7932033,-0.37786573,1.0227071,0
0.30742761,-0.16939038,-0.27606055,0.86324606,1.7554647,1.1384972,0
0.080962622,-0.14727237,-0.0055711987,0.74003832,0.38922844,1.047084,0
0.29980538,0.12699097,1.301794,-0.092035852,0.25591381,1.0105187,0
-0.059963984,-0.31094565,0.039510361,0.16492823,-0.37786573,0.67533708,0
-0.78441482,-0.47019533,-0.59163147,-0.85955255,-0.37786573,-0.94572324,0
0.46393745,0.025248116,-0.32114211,-0.85955255,-0.37786573,-0.94572324,0
1.2158283,0.90554496,-0.095734317,0.66788584,-0.37786573,0.90387002,0
-0.42362916,-0.44365372,0.039510361,-0.85955255,-0.37786573,-0.94572324,0
-0.24188126,-0.36402888,-0.095734317,0.80122024,0.57127255,0.92215265,0
-0.78441482,-0.47019533,-0.59163147,-0.85955255,-0.37786573,-0.94572324,0
0.41718776,1.361176,0.08459192,0.78434247,-0.37786573,0.61134786,0
-0.78441482,-0.47019533,-0.59163147,-0.85955255,-0.37786573,-0.94572324,0
1.000712,0.3968307,-0.32114211,0.54594394,1.3401776,0.90691713,0
-0.12077246,-0.41268851,-0.14081588,0.89742355,2.2466776,1.0531782,0
0.31928442,-0.098612747,-0.230979,0.83117829,-0.37786573,1.3274177,0
-0.11789295,-0.33748727,-0.32114211,0.44341147,1.4231494,1.1720153,0
8.9610327,-0.42153571,-0.54654991,-0.85955255,-0.37786573,-0.94572324,0
-0.532373,-0.45250093,0.039510361,0.67801251,2.0986783,0.62048917,0
-0.3467293,-0.39057049,2.7444039,0.7788572,-0.078640395,0.93129397,0
-0.78441482,-0.47019533,-0.59163147,-0.85955255,-0.37786573,-0.94572324,0
-0.47461342,-0.44365372,0.26491816,0.84889995,1.4481727,0.57173548,0
0.86808515,1.1886555,-0.27606055,-0.85955255,-0.37786573,-0.94572324,0
-0.78441482,-0.47019533,-0.59163147,-0.85955255,-0.37786573,-0.94572324,0
-0.16819968,-0.35960528,0.44524439,0.2007935,0.4691382,1.1872509,0
0.26999398,-0.15611958,-0.50146835,-0.85955255,-0.37786573,-0.94572324,0
-0.0018656358,-0.4038413,0.44524439,-0.85955255,-0.37786573,-0.94572324,0
-0.78441482,-0.47019533,-0.59163147,-0.85955255,-0.37786573,-0.94572324,0
-0.78441482,-0.47019533,-0.59163147,-0.85955255,-0.37786573,-0.94572324,0
-0.78441482,-0.47019533,-0.59163147,-0.85955255,-0.37786573,-0.94572324,0
-0.27050698,-0.45250093,-0.095734317,0.88603105,-0.37786573,1.1263087,0
0.80829297,0.96747539,0.2198366,1.4662045,-0.37786573,0.88863449,0
-0.78441482,-0.47019533,-0.59163147,-0.85955255,-0.37786573,-0.94572324,0
-0.41109482,-0.45250093,-0.59163147,0.10585603,-0.37786573,0.29444885,0
0.33774716,0.193345,1.0313047,0.75354054,-0.37786573,1.2756169,0
1.2288708,4.1347746,-0.50146835,-0.85955255,-0.37786573,-0.94572324,0
0.83793498,-0.45250093,-0.36622367,-0.85955255,-0.37786573,-0.94572324,0
-0.78441482,-0.47019533,-0.59163147,-0.85955255,-0.37786573,-0.94572324,0
-0.78441482,-0.47019533,-0.59163147,-0.85955255,-0.37786573,-0.94572324,0
-0.019142696,-0.31536926,-0.050652758,-0.85955255,-0.37786573,-0.94572324,0
0.35875064,-0.08534194,1.2567125,-0.85955255,-0.37786573,-0.94572324,0
-0.78441482,-0.47019533,-0.59163147,-0.85955255,-0.37786573,-0.94572324,0
0.16683977,-0.023411508,-0.14081588,0.74383582,-0.37786573,0.75456183,0
-0.78441482,-0.47019533,-0.59163147,-0.85955255,-0.37786573,-0.94572324,0
-0.33029916,-0.44807732,0.039510361,0.371259,-0.37786573,0.49555783,0
1.3333801,-0.45250093,-0.54654991,-0.85955255,-0.37786573,-0.94572324,0
0.43734433,0.14468538,-0.18589744,1.3632501,1.2530572,1.3944541,0
0.11975132,-0.32421646,0.26491816,2.3290806,0.17169083,1.2238161,0
0.54219237,0.034095321,0.08459192,0.70543889,0.23661957,0.91910555,0
0.28151202,0.41894872,-0.230979,1.0358213,1.2922713,1.2085806,0
0.053014437,1.2859748,-0.050652758,0.89826744,-0.37786573,1.1689682,0
-0.083169447,-0.16939038,0.2198366,0.74889915,0.38972232,1.363983,0
0.34638569,1.9318207,0.039510361,0.81345663,0.74541458,0.75151473,0
-0.20461702,-0.27555684,0.26491816,0.93708631,-0.37786573,0.86730475,0
-0.013553059,-0.3949941,-0.36622367,1.7328733,-0.37786573,1.0379427,0
-0.19445404,-0.36402888,0.17475504,0.50163979,0.24593744,1.3091351,0
0.112976,-0.28440404,-0.230979,-0.85955255,-0.37786573,-0.94572324,0
-0.78441482,-0.47019533,-0.59163147,-0.85955255,-0.37786573,-0.94572324,0
0.11466983,-0.34191087,0.2198366,-0.85955255,-0.37786573,-0.94572324,0
-0.78441482,-0.47019533,-0.59163147,-0.85955255,-0.37786573,-0.94572324,0
-0.13144359,-0.25343882,0.17475504,0.83708551,0.8875532,1.0958377,0
0.58013415,1.1090307,0.2198366,0.70375111,-0.37786573,0.74542051,0
-0.78441482,-0.47019533,-0.59163147,-0.85955255,-0.37786573,-0.94572324,0
-0.78441482,-0.47019533,-0.59163147,-0.85955255,-0.37786573,-0.94572324,0
-0.098752678,-0.27998044,1.1214678,1.8219035,0.22733463,1.1750624,0
-0.78441482,-0.47019533,-0.59163147,-0.85955255,-0.37786573,-0.94572324,0
0.82218237,2.874048,-0.095734317,0.77379386,-0.37786573,0.66314866,0
0.16226643,0.55608039,0.49032595,0.89067244,-0.37786573,0.85511633,0
-0.78441482,-0.47019533,-0.59163147,-0.85955255,-0.37786573,-0.94572324,0
0.17666398,0.43221952,-0.14081588,-0.85955255,-0.37786573,-0.94572324,0
1.1426549,3.329679,-0.45638679,2.3425828,-0.37786573,0.78808,0
-0.78441482,-0.47019533,-0.59163147,-0.85955255,-0.37786573,-0.94572324,0
-0.78441482,-0.45250093,-0.59163147,-0.85955255,-0.37786573,-0.94572324,0
-0.52441201,-0.41268851,7.0271521,1.1067079,0.23141737,0.60220654,0
0.63552237,4.4355796,-0.41130523,-0.85955255,-0.37786573,-0.94572324,0
-0.5125552,-0.44807732,3.2853826,-0.85955255,-0.37786573,-0.94572324,0
0.45445201,-0.29325125,-0.230979,0.64847641,-0.37786573,0.85816343,0
-0.78441482,-0.47019533,-0.59163147,-0.85955255,-0.37786573,-0.94572324,0
-0.78441482,-0.47019533,-0.59163147,-0.85955255,-0.37786573,-0.94572324,0
0.56844672,1.6885226,-0.50146835,0.57379226,-0.37786573,0.81245684,0
-0.78441482,-0.47019533,-0.59163147,-0.85955255,-0.37786573,-0.94572324,0
-0.78441482,-0.47019533,-0.59163147,-0.85955255,-0.37786573,-0.94572324,0
0.12364712,0.33047667,1.6624465,-0.85955255,-0.37786573,-0.94572324,0
-0.03438716,-0.16939038,1.9329359,0.86493384,-0.37786573,0.83378658,0
-0.32877471,-0.45250093,0.71573375,0.35649095,-0.37786573,0.46508677,0
-0.78441482,-0.47019533,-0.59163147,-0.85955255,-0.37786573,-0.94572324,0
-0.27355587,-0.43923012,0.35508128,0.50417145,0.41237494,1.0866964,0
-0.78441482,-0.47019533,-0.59163147,-0.85955255,-0.37786573,-0.94572324,0
-0.78441482,-0.47019533,-0.59163147,-0.85955255,-0.37786573,-0.94572324,0
-0.78441482,-0.47019533,-0.59163147,-0.85955255,-0.37786573,-0.94572324,0
-0.78441482,-0.47019533,-0.59163147,-0.85955255,-0.37786573,-0.94572324,0
-0.33995398,-0.37729969,0.35508128,0.189401,-0.37786573,1.4523491,0
0.75375166,-0.014564304,0.30999972,-0.85955255,-0.37786573,-0.94572324,0
0.80524407,2.2812853,0.35508128,0.95227631,-0.37786573,0.77284447,0
-0.78441482,-0.47019533,-0.59163147,-0.85955255,-0.37786573,-0.94572324,0
0.87282787,4.1215038,0.2198366,0.53075394,-0.37786573,0.61134786,0
-0.78441482,-0.47019533,-0.59163147,-0.85955255,-0.37786573,-0.94572324,0
0.17700275,-0.33306367,0.26491816,-0.85955255,-0.37786573,-0.94572324,0
2.7357014,-0.44807732,-0.41130523,-0.85955255,-0.37786573,-0.94572324,0
-0.78441482,-0.47019533,-0.59163147,-0.85955255,-0.37786573,-0.94572324,0
-0.78441482,-0.47019533,-0.59163147,-0.85955255,-0.37786573,-0.94572324,0
1.6533445,-0.45250093,-0.18589744,-0.85955255,-0.37786573,-0.94572324,0
0.036584292,-0.45250093,0.26491816,0.89193827,-0.37786573,0.94043529,0
0.54032916,0.1889214,0.08459192,-0.85955255,-0.37786573,-0.94572324,0
0.050473693,-0.067647531,0.17475504,-0.85955255,-0.37786573,-0.94572324,0
0.26203299,-0.44807732,-0.50146835,-0.85955255,-0.37786573,-0.94572324,0
0.38246426,0.90554496,-0.32114211,-0.85955255,-0.37786573,-0.94572324,0
-0.19665602,-0.37287609,-0.18589744,0.22695404,-0.37786573,0.88558738,0
-0.78441482,-0.47019533,-0.59163147,-0.85955255,-0.37786573,-0.94572324,0
-0.78441482,-0.47019533,-0.59163147,-0.85955255,-0.37786573,-0.94572324,0
0.09180313,0.10044935,1.0763862,0.90755021,-0.37786573,1.1384972,0
-0.23087137,-0.41711211,0.44524439,0.65269585,0.52326743,1.2238161,0
-0.78441482,-0.47019533,-0.59163147,-0.85955255,-0.37786573,-0.94572324,0
-0.17446685,-0.29325125,0.58048907,1.113881,0.55885971,1.1567798,0
-0.78441482,-0.47019533,-0.59163147,-0.85955255,-0.37786573,-0.94572324,0
-0.78441482,-0.47019533,-0.59163147,-0.85955255,-0.37786573,-0.94572324,0
0.48578785,0.082754945,-0.095734317,0.93919603,0.97473946,0.98004767,0
-0.78441482,-0.47019533,-0.59163147,-0.85955255,-0.37786573,-0.94572324,0
-0.78441482,-0.47019533,-0.59163147,-0.85955255,-0.37786573,-0.94572324,0
-0.31640976,-0.43038291,0.40016284,1.0556527,0.65621988,0.87644607,0
-0.78441482,-0.47019533,-0.59163147,-0.85955255,-0.37786573,-0.94572324,0
-0.78441482,-0.47019533,-0.59163147,-0.85955255,-0.37786573,-0.94572324,0
0.64839547,0.1889214,0.17475504,1.0050193,-0.37786573,1.190298,0
0.19123092,-0.24901522,-0.36622367,-0.85955255,-0.37786573,-0.94572324,0
0.038108738,-0.36845248,-0.050652758,0.29446513,-0.37786573,0.69361971,0
-0.78441482,-0.47019533,-0.59163147,-0.85955255,-0.37786573,-0.94572324,0
0.23035838,-0.12073076,-0.36622367,-0.85955255,-0.37786573,-0.94572324,0
0.80829297,0.22873382,0.2198366,0.87421661,0.31537694,0.97700056,0
-0.78441482,-0.47019533,-0.59163147,-0.85955255,-0.37786573,-0.94572324,0
0.37264005,-0.076494735,-0.41130523,0.26788264,2.3322505,0.79722131,0
0.67075402,0.77283689,-0.0055711987,-0.85955255,-0.37786573,-0.94572324,0
-0.78441482,-0.47019533,-0.59163147,-0.85955255,-0.37786573,-0.94572324,0
2.3696649,-0.43038291,-0.50146835,-0.85955255,-0.37786573,-0.94572324,0
0.14532814,-0.0012934972,-0.230979,1.1961601,-0.37786573,1.4371135,0
-0.78441482,-0.47019533,-0.59163147,-0.85955255,-0.37786573,-0.94572324,0
-0.19411527,-0.32421646,5.4492975,0.73539693,-0.37786573,0.67838418,0
0.56353462,0.91881577,-0.32114211,1.3240092,-0.37786573,1.1872509,0
0.47596364,1.4629188,0.44524439,-0.85955255,-0.37786573,-0.94572324,0
-0.78441482,-0.47019533,-0.59163147,-0.85955255,-0.37786573,-0.94572324,0
2.1489589,2.7811523,-0.230979,3.1476525,-0.37786573,0.97090635,0
-0.78441482,-0.47019533,-0.59163147,-0.85955255,-0.37786573,-0.94572324,0
-0.78441482,-0.47019533,-0.59163147,-0.85955255,-0.37786573,-0.94572324,0
-0.78441482,-0.47019533,-0.59163147,-0.85955255,-0.37786573,-0.94572324,0
-0.78441482,-0.47019533,-0.59163147,-0.85955255,-0.37786573,-0.94572324,0
0.026590698,-0.17381398,-0.050652758,-0.85955255,-0.37786573,-0.94572324,0
-0.31607099,-0.28440404,3.6911167,0.91978659,0.37437912,0.43461572,0
-0.30133467,-0.11630716,4.6378294,0.81303469,0.1656655,1.01966,0
-0.25051979,-0.35075807,1.2116309,2.2345651,0.16289977,1.0318485,0
0.31318663,-0.23132081,-0.36622367,1.1050201,1.6209318,1.4767259,0
0.048949246,-0.35960528,-0.230979,0.74847721,0.86839067,1.5346209,0
-0.089605999,-0.39057049,-0.230979,-0.85955255,-0.37786573,-0.94572324,0
-0.78441482,-0.47019533,-0.59163147,-0.85955255,-0.37786573,-0.94572324,0
1.5981256,4.0728442,-0.27606055,1.5341375,-0.37786573,1.104979,0
0.40854923,-0.063223929,-0.45638679,1.2079746,-0.37786573,1.047084,0
-0.05911707,-0.3949941,1.1214678,0.69573417,-0.37786573,0.92824687,0
0.48917551,2.4803474,-0.41130523,1.4594534,1.4778055,0.82769237,0
0.20816921,-0.2092028,0.98622311,0.46577452,-0.37786573,1.2238161,0
-0.19699478,-0.27555684,-0.59163147,1.0970032,-0.37786573,0.38586202,0
-0.030152587,-0.36845248,-0.230979,0.27758736,-0.37786573,0.48946362,0
-0.21325555,-0.41268851,0.94114155,-0.097099184,-0.37786573,0.80331553,0
-0.44073683,-0.44807732,0.039510361,1.0851888,0.81613818,0.57173548,0
0.11212908,-0.22689721,-0.41130523,1.2835026,-0.37786573,1.4249251,0
-0.059794601,-0.16939038,-0.0055711987,0.40037315,1.3401776,0.83683369,0
-0.78441482,-0.47019533,-0.59163147,-0.85955255,-0.37786573,-0.94572324,0
0.045392205,-0.37287609,-0.32114211,1.0822352,-0.37786573,1.449302,0
0.038955653,-0.38172329,0.12967348,-0.85955255,-0.37786573,-0.94572324,0
0.010668702,0.20219221,1.5272018,1.6856155,-0.37786573,1.0653666,0
0.55794498,1.2151971,-0.14081588,0.82442718,0.84145775,0.65705444,0
-0.61096669,-0.42595931,0.12967348,0.82949051,1.5477389,0.51384047,0
-0.24865658,-0.41268851,0.53540751,0.73961638,0.66082943,1.0257543,0
-0.78441482,-0.47019533,-0.59163147,-0.85955255,-0.37786573,-0.94572324,0
-0.19936614,-0.17381398,2.2034252,0.61092336,0.28041025,1.1598269,0
-0.78441482,-0.47019533,-0.59163147,-0.85955255,-0.37786573,-0.94572324,0
-0.023546652,-0.35960528,-0.050652758,-0.85955255,-0.37786573,-0.94572324,0
-0.23171829,-0.36402888,1.301794,0.75269665,0.21534981,0.96481214,0
-0.78441482,-0.47019533,-0.59163147,-0.85955255,-0.37786573,-0.94572324,0
0.8089705,0.26412264,-0.32114211,0.98898546,2.1639033,1.1537327,0
-0.78441482,-0.47019533,-0.59163147,-0.85955255,-0.37786573,-0.94572324,0
-0.37671008,-0.3994177,0.53540751,-0.85955255,-0.37786573,-0.94572324,0
1.4431402,1.5602381,-0.0055711987,2.5349894,0.39693297,1.306088,0
0.87198095,0.45876114,-0.095734317,0.86155828,-0.37786573,0.61134786,0
-0.78441482,-0.47019533,-0.59163147,-0.85955255,-0.37786573,-0.94572324,0
-0.31674852,-0.44807732,-0.18589744,-0.85955255,-0.37786573,-0.94572324,0
1.086081,1.294822,-0.050652758,1.1628265,-0.37786573,1.0348956,0
0.047086034,-0.2047792,-0.14081588,1.4172589,1.1425598,1.2664756,0
-0.78441482,-0.47019533,-0.59163147,-0.85955255,-0.37786573,-0.94572324,0
-0.069618812,-0.43480652,-0.095734317,0.97970269,1.2141066,1.3396062,0
1.0034221,3.0819573,0.12967348,1.060294,1.0244896,0.53821731,0
-0.08333883,-0.30209845,-0.14081588,-0.85955255,-0.37786573,-0.94572324,0
-0.78441482,-0.47019533,-0.59163147,-0.85955255,-0.37786573,-0.94572324,0
-0.78441482,-0.47019533,-0.59163147,-0.85955255,-0.37786573,-0.94572324,0
0.03302725,0.029671718,0.35508128,1.143839,-0.37786573,1.4279722,0
-0.78441482,-0.47019533,-0.59163147,-0.85955255,-0.37786573,-0.94572324,0
-0.78441482,-0.47019533,-0.59163147,-0.85955255,-0.37786573,-0.94572324,0
0.89213752,0.34817108,0.039510361,1.954816,0.12618804,1.1994393,0
-0.78441482,-0.47019533,-0.59163147,-0.85955255,-0.37786573,-0.94572324,0
0.73969288,-0.34191087,-0.50146835,-0.85955255,-0.37786573,-0.94572324,0
0.087907323,0.029671718,1.5272018,-0.85955255,-0.37786573,-0.94572324,0
1.1067457,3.2190889,-0.0055711987,-0.85955255,-0.37786573,-0.94572324,0
0.21070995,-0.26670963,-0.050652758,-0.85955255,-0.37786573,-0.94572324,0
0.29353821,0.34817108,-0.32114211,-0.85955255,-0.37786573,-0.94572324,0
-0.50577988,-0.4082649,2.1132621,0.27041431,0.28093706,0.91605844,0
0.16294397,-0.31979286,0.44524439,1.060294,-0.37786573,1.0775551,0
0.25881471,0.51626796,0.30999972,3.5063052,-0.37786573,0.28226042,0
0.54659632,0.46318474,0.35508128,-0.85955255,-0.37786573,-0.94572324,0
0.0042321501,-0.22247361,0.49032595,-0.85955255,-0.37786573,-0.94572324,0
0.39449044,-0.014564304,-0.36622367,0.69531222,-0.37786573,1.3152293,0
-0.26711932,-0.43480652,-0.14081588,0.65269585,-0.37786573,1.2664756,0
0.57505266,1.0338294,0.44524439,0.87801411,-0.37786573,0.79417421,0
0.19173906,-0.44365372,-0.41130523,-0.85955255,-0.37786573,-0.94572324,0
-0.36603896,-0.42595931,-0.14081588,0.50796895,1.4954864,1.4828201,0
-0.018126398,-0.43038291,-0.230979,0.64763252,1.6319948,1.2542872,0
0.33164937,0.016400912,0.35508128,0.82780274,-0.37786573,1.0684137,0
0.13025306,0.51626796,0.94114155,0.053112989,-0.37786573,0.68143129,0
-0.78441482,-0.47019533,-0.59163147,-0.85955255,-0.37786573,-0.94572324,0
0.44649101,0.30835866,0.08459192,0.4189387,-0.37786573,1.047084,0
0.30742761,-0.054376724,0.44524439,0.3303304,-0.37786573,1.0714608,0
-0.78441482,-0.47019533,-0.59163147,-0.85955255,-0.37786573,-0.94572324,0
-0.13415371,-0.36845248,2.1583436,0.68898306,-0.37786573,0.20608278,0
-0.78441482,-0.47019533,-0.59163147,-0.85955255,-0.37786573,-0.94572324,0
-0.17954834,-0.43923012,0.039510361,0.62147197,-0.37786573,1.3213235,0
0.35265286,-0.04552952,0.039510361,0.17969628,-0.37786573,0.91910555,0
0.50255676,0.71090646,-0.095734317,-0.85955255,-0.37786573,-0.94572324,0
-0.78441482,-0.47019533,-0.59163147,-0.85955255,-0.37786573,-0.94572324,0
0.18055979,0.10487296,0.17475504,0.85480717,-0.37786573,1.3792185,0
0.50662195,-0.30652205,-0.0055711987,1.1316026,0.4363775,1.1537327,0
-0.78441482,-0.47019533,-0.59163147,-0.85955255,-0.37786573,-0.94572324,0
0.46376807,0.65339963,0.67065219,-0.85955255,-0.37786573,-0.94572324,0
-0.78441482,-0.47019533,-0.59163147,-0.85955255,-0.37786573,-0.94572324,0
0.097900916,-0.12515436,0.44524439,0.77674748,-0.37786573,1.3335119,0
-0.12348259,-0.36402888,0.2198366,1.2695784,1.8564138,1.1963922,0
0.99969569,0.85688534,-0.0055711987,0.68982695,-0.37786573,1.0927906,0
-0.14448607,-0.28440404,-0.14081588,4.0392209,1.2592801,1.1019319,0
-0.78441482,-0.47019533,-0.59163147,-0.85955255,-0.37786573,-0.94572324,0
0.18326992,-0.30209845,-0.41130523,2.1235937,-0.37786573,1.0409898,0
-0.13110482,-0.072071133,0.039510361,0.88349938,-0.37786573,1.1263087,0
-0.25306054,-0.32864006,2.3386699,0.20501294,-0.023227077,0.87339896,0
-0.78441482,-0.47019533,-0.59163147,-0.85955255,-0.37786573,-0.94572324,0
-0.78441482,-0.47019533,-0.59163147,-0.85955255,-0.37786573,-0.94572324,0
-0.0079634216,0.41894872,0.17475504,0.41936065,-0.37786573,0.82769237,0
-0.78441482,-0.47019533,-0.59163147,-0.85955255,-0.37786573,-0.94572324,0
0.83641054,1.9804803,-0.230979,1.2788612,-0.37786573,0.79417421,0
-0.78441482,-0.47019533,-0.59163147,-0.85955255,-0.37786573,-0.94572324,0
-0.20919035,-0.36402888,-0.095734317,0.69573417,-0.37786573,0.87339896,0
-0.37704885,-0.33306367,1.2116309,0.061129931,0.45573759,0.87644607,0
-0.78441482,-0.47019533,-0.59163147,-0.85955255,-0.37786573,-0.94572324,0
-0.78441482,-0.47019533,-0.59163147,-0.85955255,-0.37786573,-0.94572324,0
0.077236197,-0.32421646,0.35508128,1.2489032,0.61825699,1.1598269,0
-0.34113967,-0.44807732,0.039510361,-0.85955255,-0.37786573,-0.94572324,0
0.10044166,0.016400912,-0.45638679,-0.85955255,-0.37786573,-0.94572324,0
-0.1700629,-0.4038413,0.44524439,-0.85955255,-0.37786573,-0.94572324,0
-0.17412809,-0.42595931,-0.27606055,-0.85955255,-0.37786573,-0.94572324,0
0.11619427,-0.45250093,-0.050652758,-0.85955255,-0.37786573,-0.94572324,0
-0.78441482,-0.47019533,-0.59163147,-0.85955255,-0.37786573,-0.94572324,0
-0.78441482,-0.47019533,-0.59163147,-0.85955255,-0.37786573,-0.94572324,0
-0.78441482,-0.47019533,-0.59163147,-0.85955255,-0.37786573,-0.94572324,0
0.13008367,-0.28440404,0.17475504,1.5290742,-0.37786573,0.55040574,0
0.46800264,-0.08534194,0.12967348,1.189409,0.24468628,1.3883599,0
0.0069422771,-0.11630716,-0.18589744,0.20670072,1.5363138,1.2116277,0
-0.78441482,-0.47019533,-0.59163147,-0.85955255,-0.37786573,-0.94572324,0
0.28896487,0.025248116,0.67065219,-0.1696736,-0.37786573,0.66314866,0
0.83641054,0.96747539,-0.41130523,1.7716921,-0.37786573,1.0105187,0
-0.78441482,-0.47019533,-0.59163147,-0.85955255,-0.37786573,-0.94572324,0
1.6409795,5.0062242,-0.32114211,0.55100727,-0.37786573,0.63877181,0
0.69785529,-0.43038291,-0.095734317,-0.85955255,-0.37786573,-0.94572324,0
-0.78441482,-0.47019533,-0.59163147,-0.85955255,-0.37786573,-0.94572324,0
-0.27643538,-0.22689721,-0.050652758,1.2172573,-0.37786573,0.68143129,0
-0.062504728,-0.29767485,0.039510361,0.77801331,0.62869431,1.132403,0
-0.78441482,-0.47019533,-0.59163147,-0.85955255,-0.37786573,-0.94572324,0
0.97157812,5.0814255,-0.54654991,-0.85955255,-0.37786573,-0.94572324,0
-0.78441482,-0.47019533,-0.59163147,-0.85955255,-0.37786573,-0.94572324,0
-0.78441482,-0.47019533,-0.59163147,-0.85955255,-0.37786573,-0.94572324,0
-0.044888903,-0.44365372,-0.36622367,-0.85955255,-0.37786573,-0.94572324,0
-0.78441482,-0.47019533,-0.59163147,-0.85955255,-0.37786573,-0.94572324,0
-0.78441482,-0.47019533,-0.59163147,-0.85955255,-0.37786573,-0.94572324,0
-0.28338008,-0.44807732,0.2198366,0.59235781,-0.37786573,0.98309477,0
-0.78441482,-0.47019533,-0.59163147,-0.85955255,-0.37786573,-0.94572324,0
-0.78441482,-0.47019533,-0.59163147,-0.85955255,-0.37786573,-0.94572324,0
0.43514235,0.3791363,-0.27606055,1.1307587,-0.37786573,0.99223609,0
-0.78441482,-0.47019533,-0.59163147,-0.85955255,-0.37786573,-0.94572324,0
-0.059794601,-0.36402888,0.039510361,2.0257026,1.5514265,0.91301134,0
0.10213549,-0.36402888,-0.050652758,-0.85955255,-0.37786573,-0.94572324,0
-0.78441482,-0.47019533,-0.59163147,-0.85955255,-0.37786573,-0.94572324,0
-0.38128342,-0.41711211,4.0066876,-0.11988418,-0.12091651,1.3853127,0
0.51255035,-0.16054318,-0.14081588,0.90586243,1.2685321,1.0958377,0
0.32910863,-0.04552952,-0.41130523,0.98012463,2.1347644,1.1232616,0
0.48680415,-0.2136264,0.40016284,1.9050266,-0.37786573,1.1415443,0
-0.78441482,-0.47019533,-0.59163147,-0.85955255,-0.37786573,-0.94572324,0
-0.78441482,-0.47019533,-0.59163147,-0.85955255,-0.37786573,-0.94572324,0
0.74494375,2.0114455,0.44524439,1.1991137,-0.37786573,1.2420988,0
-0.24950349,-0.4082649,3.4206273,0.076741871,-0.37786573,0.92824687,0
0.47664117,0.3791363,-0.14081588,1.0843449,-0.37786573,1.1384972,0
0.5220358,1.7902654,-0.41130523,1.5560786,-0.37786573,1.0409898,0
-0.16362634,-0.18266119,0.49032595,-0.025790596,0.81979289,1.1384972,0
-0.78441482,-0.47019533,-0.59163147,-0.85955255,-0.37786573,-0.94572324,0
0.10840266,-0.15611958,0.30999972,0.87084106,1.7542465,1.2420988,0
0.1248328,-0.16939038,0.35508128,-0.85955255,-0.37786573,-0.94572324,0
0.083333983,-0.14284877,0.53540751,0.66788584,1.5858664,1.3091351,0
-0.78441482,-0.47019533,-0.59163147,-0.85955255,-0.37786573,-0.94572324,0
-0.78441482,-0.47019533,-0.59163147,-0.85955255,-0.37786573,-0.94572324,0
-0.10214034,-0.33306367,-0.18589744,1.0446821,1.6883958,0.7911271,0
-0.78441482,-0.47019533,-0.59163147,-0.85955255,-0.37786573,-0.94572324,0
-0.78441482,-0.47019533,-0.59163147,-0.85955255,-0.37786573,-0.94572324,0
-0.78441482,-0.47019533,-0.59163147,-0.85955255,-0.37786573,-0.94572324,0
0.071985326,-0.094189144,0.17475504,0.9083941,-0.37786573,1.0745079,0
0.11450044,-0.26228603,0.67065219,1.067889,0.024086612,1.3487475,0
0.22307491,0.21546301,-0.27606055,-0.85955255,-0.37786573,-0.94572324,0
8.7982556,-0.45250093,-0.50146835,-0.85955255,-0.37786573,-0.94572324,0
-0.78441482,-0.47019533,-0.59163147,-0.85955255,-0.37786573,-0.94572324,0
0.38060104,0.3924071,0.039510361,0.49531062,-0.37786573,0.78198578,0
-0.087234638,-0.45250093,-0.27606055,0.85269745,-0.37786573,1.1354501,0
-0.12060308,-0.39057049,-0.230979,0.29952846,-0.37786573,0.76065604,0
-0.2533993,-0.44807732,-0.095734317,-0.85955255,-0.37786573,-0.94572324,0
0.84979179,-0.41711211,-0.50146835,-0.85955255,-0.37786573,-0.94572324,0
0.97242504,-0.45250093,-0.50146835,-0.85955255,-0.37786573,-0.94572324,0
1.1514628,0.85246174,-0.41130523,1.1016446,2.1639033,0.84597501,0
0.15295037,-0.27998044,0.08459192,-0.85955255,-0.37786573,-0.94572324,0
0.058773457,-0.31094565,-0.18589744,0.92780354,1.7070316,1.0044245,0
0.046239119,-0.15169597,0.26491816,0.39109038,1.0243908,0.85511633,0
-0.78441482,-0.47019533,-0.59163147,-0.85955255,-0.37786573,-0.94572324,0
0.9668354,5.0637311,-0.230979,0.68181001,-0.37786573,0.34624965,0
-0.23832422,-0.45250093,0.039510361,-0.85955255,-0.37786573,-0.94572324,0
-0.78441482,-0.47019533,-0.59163147,-0.85955255,-0.37786573,-0.94572324,0
-0.78441482,-0.47019533,-0.59163147,-0.85955255,-0.37786573,-0.94572324,0
0.034382313,-0.27113323,0.62557063,-0.85955255,-0.37786573,-0.94572324,0
3.228267,-0.41268851,-0.50146835,-0.85955255,-0.37786573,-0.94572324,0
0.41295319,-0.16496678,0.08459192,1.3024901,0.79414406,0.94957661,0
-0.78441482,-0.47019533,-0.59163147,-0.85955255,-0.37786573,-0.94572324,0
-0.78441482,-0.47019533,-0.59163147,-0.85955255,-0.37786573,-0.94572324,0
-0.78441482,-0.47019533,-0.59163147,-0.85955255,-0.37786573,-0.94572324,0
-0.20614146,-0.37729969,1.4370387,0.1636624,-0.1075159,1.3700772,0
1.0787975,0.95420459,0.039510361,-0.85955255,-0.37786573,-0.94572324,0
-0.78441482,-0.47019533,-0.59163147,-0.85955255,-0.37786573,-0.94572324,0
0.50340368,0.20661581,-0.14081588,0.74889915,0.61842161,0.65705444,0
-0.78441482,-0.47019533,-0.59163147,-0.85955255,-0.37786573,-0.94572324,0
-0.78441482,-0.47019533,-0.59163147,-0.85955255,-0.37786573,-0.94572324,0
0.91754496,5.0814255,-0.230979,0.84847801,-0.37786573,0.34015543,0
0.69836344,1.4540716,-0.27606055,1.3775962,-0.37786573,0.8916816,0
-0.043872605,-0.37287609,0.53540751,-0.85955255,-0.37786573,-0.94572324,0
0.75002524,0.003130105,-0.45638679,1.0919399,2.3564836,0.74846762,0
-0.78441482,-0.47019533,-0.59163147,-0.85955255,-0.37786573,-0.94572324,0
-0.42549237,-0.42153571,0.67065219,1.0113485,0.66975219,0.85206922,0
0.25102309,1.2019263,-0.32114211,-0.85955255,-0.37786573,-0.94572324,0
0.53711088,0.069484139,-0.45638679,-0.85955255,-0.37786573,-0.94572324,0
-0.051325454,-0.41268851,0.67065219,0.69489028,-0.37786573,1.0714608,0
0.1039987,-0.35075807,0.039510361,0.21556155,0.57321515,1.0074716,0
0.105015,-0.4038413,0.039510361,-0.85955255,-0.37786573,-0.94572324,0
-0.78441482,-0.47019533,-0.59163147,-0.85955255,-0.37786573,-0.94572324,0
0.15616865,0.10487296,-0.32114211,-0.85955255,-0.37786573,-0.94572324,0
0.047255417,-0.36845248,1.1214678,-0.85955255,-0.37786573,-0.94572324,0
-0.78441482,-0.47019533,-0.59163147,-0.85955255,-0.37786573,-0.94572324,0
-0.29845516,-0.45250093,-0.27606055,1.5332936,2.4553583,0.87035185,0
1.4727822,2.8253883,-0.050652758,0.70712666,-0.37786573,0.75760894,0
-0.78441482,-0.47019533,-0.59163147,-0.85955255,-0.37786573,-0.94572324,0
-0.78441482,-0.47019533,-0.59163147,-0.85955255,-0.37786573,-0.94572324,0
0.092480662,-0.44807732,-0.45638679,-0.85955255,-0.37786573,-0.94572324,0
0.25847594,0.020824514,-0.230979,-0.85955255,-0.37786573,-0.94572324,0
-0.78441482,-0.47019533,-0.59163147,-0.85955255,-0.37786573,-0.94572324,0
0.7871201,1.4629188,0.12967348,1.3041779,0.32729591,1.0684137,0
0.12296959,-0.19150839,0.35508128,0.87801411,0.34412075,1.2512401,0
-0.28185564,-0.14284877,1.7976912,0.19193267,-0.37786573,0.90082291,0
-0.16125498,-0.33306367,1.9329359,-0.85955255,-0.37786573,-0.94572324,0
1.4272182,4.4576976,0.44524439,0.21809321,-0.37786573,0.35843807,0
-0.78441482,-0.47019533,-0.59163147,-0.85955255,-0.37786573,-0.94572324,0
-0.064198558,-0.43480652,0.039510361,-0.85955255,-0.37786573,-0.94572324,0
-0.78441482,-0.47019533,-0.59163147,-0.85955255,-0.37786573,-0.94572324,0
3.6972884,-0.45250093,-0.50146835,-0.85955255,-0.37786573,-0.94572324,0
-0.78441482,-0.47019533,-0.59163147,-0.85955255,-0.37786573,-0.94572324,0
-0.10756059,-0.4082649,-0.32114211,-0.85955255,-0.37786573,-0.94572324,0
-0.78441482,-0.47019533,-0.59163147,-0.85955255,-0.37786573,-0.94572324,0
0.96835985,0.87900335,-0.36622367,1.4311831,-0.37786573,0.82159816,0
-0.0059308263,-0.098612747,0.58048907,-0.85955255,-0.37786573,-0.94572324,0
0.064363094,0.3791363,1.9329359,0.69067084,-0.37786573,0.75456183,0
-0.090622297,0.31278226,3.1050564,-0.85955255,-0.37786573,-0.94572324,0
-0.31878112,-0.42595931,0.17475504,0.25944376,1.2687955,1.2725698,0
1.5713631,3.0863809,-0.41130523,1.5911,-0.37786573,0.54431153,0
-0.34740683,-0.42595931,1.9329359,0.46661841,-0.37786573,0.63877181,0
-0.14634928,-0.30652205,1.6173649,0.19615211,-0.37786573,1.766201,0
-0.78441482,-0.47019533,-0.59163147,-0.85955255,-0.37786573,-0.94572324,0
-0.78441482,-0.47019533,-0.59163147,-0.85955255,-0.37786573,-0.94572324,0
0.30725823,0.3879835,0.039510361,-0.85955255,-0.37786573,-0.94572324,0
-0.78441482,-0.47019533,-0.59163147,-0.85955255,-0.37786573,-0.94572324,0
-0.21850642,-0.41268851,-0.095734317,0.5341295,1.4310186,1.2451459,0
-0.78441482,-0.44807732,-0.59163147,-0.85955255,-0.37786573,-0.94572324,0
1.3813155,-0.42153571,-0.095734317,-0.85955255,-0.37786573,-0.94572324,0
-0.23747731,-0.12515436,1.7976912,0.75058693,-0.37786573,0.95262371,0
-0.78441482,-0.47019533,-0.59163147,-0.85955255,-0.37786573,-0.94572324,0
0.77882034,0.50742076,0.2198366,1.2927854,-0.37786573,1.3243706,0
-0.78441482,-0.47019533,-0.59163147,-0.85955255,-0.37786573,-0.94572324,0
-0.78441482,-0.47019533,-0.59163147,-0.85955255,-0.37786573,-0.94572324,0
0.29709525,-0.45250093,0.039510361,1.3446845,-0.37786573,1.2329575,0
-0.33639694,-0.43480652,0.039510361,2.2632573,-0.37786573,0.71190235,0
-0.78441482,-0.47019533,-0.59163147,-0.85955255,-0.37786573,-0.94572324,0
0.49645897,2.0777996,0.49032595,-0.17600277,-0.37786573,-0.17785256,0
-0.22324914,-0.26670963,1.5272018,1.3691573,-0.031524258,1.0288014,0
-0.062843494,-0.44365372,-0.36622367,-0.85955255,-0.37786573,-0.94572324,0
-0.061657814,-0.30209845,0.2198366,0.3932001,-0.37786573,1.2085806,0
0.76848798,0.056213332,-0.230979,1.1813921,-0.37786573,0.90691713,0
-0.25594005,-0.31536926,1.7075281,0.087712423,-0.37786573,1.3182764,0
-0.78441482,-0.47019533,-0.59163147,-0.85955255,-0.37786573,-0.94572324,0
-0.78441482,-0.47019533,-0.59163147,-0.85955255,-0.37786573,-0.94572324,0
-0.78441482,-0.47019533,-0.59163147,-0.85955255,-0.37786573,-0.94572324,0
1.2608842,-0.45250093,-0.18589744,-0.85955255,-0.37786573,-0.94572324,0
-0.78441482,-0.47019533,-0.59163147,-0.85955255,-0.37786573,-0.94572324,0
0.023372422,-0.032258713,0.58048907,0.74383582,-0.37786573,1.0806022,0
0.15108716,0.26412264,0.40016284,1.0024877,-0.37786573,1.5711862,0
-0.78441482,-0.47019533,-0.59163147,-0.85955255,-0.37786573,-0.94572324,0
-0.78441482,-0.47019533,-0.59163147,-0.85955255,-0.37786573,-0.94572324,0
0.07164656,-0.28882764,-0.32114211,-0.85955255,-0.37786573,-0.94572324,0
0.20545908,-0.27113323,-0.36622367,0.6007967,-0.37786573,1.1781095,0
-0.78441482,-0.47019533,-0.59163147,-0.85955255,-0.37786573,-0.94572324,0
-0.78441482,-0.47019533,-0.59163147,-0.85955255,-0.37786573,-0.94572324,0
-0.78441482,-0.47019533,-0.59163147,-0.85955255,-0.37786573,-0.94572324,0
0.11958193,0.25085183,0.08459192,0.10121464,1.4336855,0.98614188,0
-0.78441482,-0.47019533,-0.59163147,-0.85955255,-0.37786573,-0.94572324,0
-0.78441482,-0.47019533,-0.59163147,-0.85955255,-0.37786573,-0.94572324,0
-0.20309257,-0.45250093,0.44524439,0.90755021,-0.37786573,1.0806022,0
0.018799083,-0.22247361,0.2198366,0.75775998,0.2599307,1.1354501,0
-0.1809034,-0.067647531,0.76081531,0.47421341,1.365563,0.62963049,0
-0.083846979,-0.32421646,0.67065219,0.8341319,0.53851186,1.3243706,0
-0.038791117,-0.17823759,0.67065219,-0.85955255,-0.37786573,-0.94572324,0
-0.78441482,-0.47019533,-0.59163147,-0.85955255,-0.37786573,-0.94572324,0
-0.78441482,-0.47019533,-0.59163147,-0.85955255,-0.37786573,-0.94572324,0
-0.78441482,-0.47019533,-0.59163147,-0.85955255,-0.37786573,-0.94572324,0
-0.78441482,-0.47019533,-0.59163147,-0.85955255,-0.37786573,-0.94572324,0
-0.78441482,-0.47019533,-0.59163147,-0.85955255,-0.37786573,-0.94572324,0
0.17293756,-0.058800326,0.26491816,0.37590038,-0.37786573,1.1994393,0
-0.090452914,-0.24901522,0.2198366,0.21809321,0.58724133,1.3517946,0
-0.40804593,-0.42153571,-0.59163147,0.21471766,-0.37786573,0.19084725,0
-0.24408324,-0.42153571,0.039510361,0.96999797,0.8364531,0.92215265,0
-0.3050611,-0.32864006,0.08459192,0.26872653,-0.37786573,0.94043529,0
0.0055872136,-0.10303635,2.428833,-0.85955255,-0.37786573,-0.94572324,0
1.3509959,0.71090646,-0.32114211,0.68729528,0.79555985,0.82464527,0
0.88434591,0.90554496,0.40016284,0.80164219,-0.37786573,1.1720153,0
-0.090961062,-0.4082649,0.08459192,1.2493251,0.59856764,0.92824687,0
-0.78441482,-0.47019533,-0.59163147,-0.85955255,-0.37786573,-0.94572324,0
-0.78441482,-0.47019533,-0.59163147,-0.85955255,-0.37786573,-0.94572324,0
-0.78441482,-0.47019533,-0.59163147,-0.85955255,-0.37786573,-0.94572324,0
-0.78441482,-0.47019533,-0.59163147,-0.85955255,-0.37786573,-0.94572324,0
-0.36925723,-0.44807732,-0.27606055,-0.85955255,-0.37786573,-0.94572324,0
0.087229791,-0.10303635,0.67065219,1.1463707,0.37115244,1.1202145,0
0.46851079,1.1355723,0.039510361,0.78856192,0.19872252,0.79417421,0
-0.78441482,-0.47019533,-0.59163147,-0.85955255,-0.37786573,-0.94572324,0
0.31471108,1.5027313,0.62557063,3.227822,-0.37786573,0.65705444,0
0.3572262,0.14910898,-0.27606055,0.058598265,1.2940492,0.73018498,0
-0.78441482,-0.47019533,-0.59163147,-0.85955255,-0.37786573,-0.94572324,0
0.73274818,4.5904056,-0.41130523,-0.85955255,-0.37786573,-0.94572324,0
-0.78441482,-0.47019533,-0.59163147,-0.85955255,-0.37786573,-0.94572324,0
-0.78441482,-0.47019533,-0.59163147,-0.85955255,-0.37786573,-0.94572324,0
-0.25035041,-0.43923012,0.62557063,-0.85955255,-0.37786573,-0.94572324,0
-0.78441482,-0.47019533,-0.59163147,-0.85955255,-0.37786573,-0.94572324,0
4.7310325,-0.45250093,-0.54654991,-0.85955255,-0.37786573,-0.94572324,0
0.61875346,0.74629528,0.35508128,0.85100967,0.39337703,1.2664756,0
0.12144514,-0.24901522,0.2198366,1.0176777,-0.37786573,0.87949317,0
1.2002451,1.8035362,-0.50146835,1.2594518,3.0621061,0.51993468,0
-0.33300928,-0.43038291,0.2198366,1.0809693,1.1035762,0.56868837,0
-0.78441482,-0.47019533,-0.59163147,-0.85955255,-0.37786573,-0.94572324,0
-0.78441482,-0.47019533,-0.59163147,-0.85955255,-0.37786573,-0.94572324,0
6.1226827,-0.44807732,-0.54654991,-0.85955255,-0.37786573,-0.94572324,0
0.56505907,0.32605307,-0.32114211,0.43244092,-0.37786573,1.0348956,0
0.12076761,-0.35518168,0.08459192,-0.85955255,-0.37786573,-0.94572324,0
-0.78441482,-0.47019533,-0.59163147,-0.85955255,-0.37786573,-0.94572324,0
-0.017618249,0.096025752,2.1132621,0.24551959,-0.37786573,0.62963049,0
-0.78441482,-0.47019533,-0.59163147,-0.85955255,-0.37786573,-0.94572324,0
0.063516179,-0.32864006,-0.095734317,0.96999797,1.1285007,1.2573343,0
0.26118607,0.24200463,0.30999972,0.16619406,-0.37786573,0.8947287,0
0.053691969,-0.43038291,-0.41130523,1.3147265,4.4716721,1.8119076,0
-0.78441482,-0.47019533,-0.59163147,-0.85955255,-0.37786573,-0.94572324,0
-0.78441482,-0.47019533,-0.59163147,-0.85955255,-0.37786573,-0.94572324,0
-0.14634928,-0.27555684,1.301794,0.64130335,0.14235437,0.95871792,0
-0.78441482,-0.47019533,-0.59163147,-0.85955255,-0.37786573,-0.94572324,0
-0.0091491022,0.10929656,3.2403011,0.90248688,-0.1050465,0.67838418,0
-0.099091444,-0.31979286,0.17475504,0.62822308,1.4032625,1.3853127,0
-0.47749293,-0.42595931,0.08459192,0.88560911,-0.37786573,0.58697101,0
-0.78441482,-0.47019533,-0.59163147,-0.85955255,-0.37786573,-0.94572324,0
-0.78441482,-0.47019533,-0.59163147,-0.85955255,-0.37786573,-0.94572324,0
1.3938498,4.7894677,-0.36622367,1.2974267,-0.37786573,0.83378658,0
0.37077683,-0.24016802,-0.18589744,1.5780197,0.90315981,1.6656465,0
-0.78441482,-0.47019533,-0.59163147,-0.85955255,-0.37786573,-0.94572324,0
-0.093840572,-0.34191087,-0.36622367,0.19404239,-0.37786573,0.91605844,0
-0.78441482,-0.47019533,-0.59163147,-0.85955255,-0.37786573,-0.94572324,0
0.0096524042,-0.33306367,-0.27606055,0.54594394,-0.37786573,1.4767259,0
1.4602479,2.2591672,-0.45638679,1.1016446,1.7961933,0.45289835,0
0.29675649,-0.45250093,-0.41130523,-0.85955255,-0.37786573,-0.94572324,0
-0.78441482,-0.47019533,-0.59163147,-0.85955255,-0.37786573,-0.94572324,0
-0.33588879,-0.45250093,-0.59163147,0.81725413,-0.37786573,1.0348956,1
4.5929854,1.9185499,-0.45638679,2.2645231,1.9188402,0.70276103,1
0.66025228,-0.37729969,-0.41130523,1.7084005,3.5208547,1.4005483,1
-0.32183001,-0.45250093,-0.27606055,1.3252751,13.750423,1.0135658,1
-0.52034682,-0.45250093,-0.27606055,3.0016598,13.750423,0.70276103,1
3.0390663,1.1311487,-0.54654991,2.2421601,9.6565874,0.67838418,1
0.42294678,-0.10745995,-0.27606055,0.88603105,2.4836412,1.0592724,1
3.7472564,-0.44365372,-0.54654991,-0.85955255,-0.37786573,-0.94572324,1
-0.042178776,-0.37287609,-0.14081588,1.3725328,1.6613312,1.6747878,1
4.7826943,-0.049953122,-0.45638679,1.1965821,2.6293357,0.90082291,1
0.085705344,-0.43480652,-0.36622367,1.0185216,-0.37786573,1.5041499,1
1.2678289,0.7905313,-0.18589744,2.0324537,-0.37786573,0.90387002,1
-0.34317226,-0.44807732,0.49032595,0.96409075,0.50924124,1.1872509,1
-0.13483124,-0.32864006,-0.32114211,1.6792863,7.7221917,1.2908525,1
0.12720416,-0.29325125,-0.45638679,1.5489056,4.6900987,1.5833746,1
0.73088496,-0.37729969,-0.45638679,1.3999592,4.0076226,1.4279722,1
0.29099747,-0.23574442,-0.50146835,1.4750653,6.3472961,1.5407151,1
-0.31082012,-0.37729969,-0.41130523,1.4265417,-0.37786573,1.1080261,1
-0.0016962528,-0.34191087,-0.41130523,1.575488,4.2351366,1.2573343,1
0.18614943,-0.35960528,-0.27606055,1.8750685,2.1617303,1.1659211,1
0.73359509,-0.35960528,-0.32114211,1.840891,1.928619,1.3426533,1
-0.017279483,-0.44365372,-0.32114211,1.7037591,3.1986145,1.3487475,1
0.99308976,-0.30652205,-0.50146835,0.85058773,2.4394883,1.190298,1
0.022694891,-0.43038291,-0.36622367,1.5029136,3.4600087,1.5163383,1
0.42701197,-0.15611958,-0.45638679,1.5535469,4.0606653,1.5041499,1
0.72681977,-0.33306367,-0.41130523,1.9143093,4.523299,1.4614904,1
0.51051776,0.09160215,-0.14081588,-0.85955255,-0.37786573,-0.94572324,0
-0.78441482,-0.47019533,-0.59163147,-0.85955255,-0.37786573,-0.94572324,0
-0.10620553,-0.4038413,-0.36622367,-0.85955255,-0.37786573,-0.94572324,0
-0.78441482,-0.47019533,-0.59163147,-0.85955255,-0.37786573,-0.94572324,0
0.30827453,0.20219221,0.30999972,0.95776158,0.93756677,1.047084,0
-0.78441482,-0.47019533,-0.59163147,-0.85955255,-0.37786573,-0.94572324,0
-0.46174032,-0.42595931,2.2034252,0.85354134,0.19579217,0.6844784,0
-0.78441482,-0.47019533,-0.59163147,-0.85955255,-0.37786573,-0.94572324,0
-0.78441482,-0.47019533,-0.59163147,-0.85955255,-0.37786573,-0.94572324,0
-0.32199939,-0.36402888,1.301794,0.33581567,-0.37786573,1.1232616,0
-0.78441482,-0.47019533,-0.59163147,-0.85955255,-0.37786573,-0.94572324,0
-0.78441482,-0.47019533,-0.59163147,-0.85955255,-0.37786573,-0.94572324,0
-0.78441482,-0.47019533,-0.59163147,-0.85955255,-0.37786573,-0.94572324,0
1.1623033,1.9495151,-0.27606055,0.78645219,0.7111064,0.75151473,0
0.1427874,0.26412264,-0.230979,0.96831019,-0.37786573,0.96481214,0
0.42650382,-0.17381398,0.71573375,2.264945,0.42709256,1.2603814,0
-0.19106638,-0.34633447,0.35508128,-0.85955255,-0.37786573,-0.94572324,0
-0.78441482,-0.47019533,-0.59163147,-0.85955255,-0.37786573,-0.94572324,0
-0.78441482,-0.47019533,-0.59163147,-0.85955255,-0.37786573,-0.94572324,0
-0.78441482,-0.47019533,-0.59163147,-0.85955255,-0.37786573,-0.94572324,0
-0.24967288,-0.42595931,-0.230979,0.75016498,-0.37786573,0.79417421,0
1.4710884,1.7416058,-0.45638679,-0.85955255,-0.37786573,-0.94572324,0
-0.43243707,-0.43923012,0.26491816,0.53370755,-0.37786573,0.59306522,0
0.4207448,0.3835599,0.2198366,0.33328401,1.0011785,0.92519976,0
-0.78441482,-0.47019533,-0.59163147,-0.85955255,-0.37786573,-0.94572324,0
0.041496397,-0.35518168,0.40016284,-0.85955255,-0.37786573,-0.94572324,0
0.76205143,1.2992456,-0.50146835,0.88771883,2.6839588,0.66619576,0
-0.78441482,-0.47019533,-0.59163147,-0.85955255,-0.37786573,-0.94572324,0
0.088754237,-0.3994177,-0.18589744,1.4518584,-0.37786573,1.6077515,0
-0.78441482,-0.47019533,-0.59163147,-0.85955255,-0.37786573,-0.94572324,0
1.7166937,5.0814255,-0.050652758,-0.85955255,-0.37786573,-0.94572324,0
-0.076563512,-0.25786243,0.08459192,0.83117829,0.94932111,1.1872509,0
-0.4837601,-0.45250093,1.301794,0.67294918,-0.37786573,0.79417421,0
0.14753012,0.1844978,0.49032595,-0.85955255,-0.37786573,-0.94572324,0
0.31996195,0.44991393,0.2198366,0.92231826,0.38922844,0.69361971,0
0.88891925,1.7239114,-0.050652758,-0.85955255,-0.37786573,-0.94572324,0
-0.30861814,-0.37729969,1.5722834,1.7075566,0.030408274,0.6844784,0
-0.44039807,-0.12957796,-0.18589744,-0.006803102,-0.37786573,0.58697101,0
-0.78441482,-0.47019533,-0.59163147,-0.85955255,-0.37786573,-0.94572324,0
1.0557614,4.5152044,-0.36622367,1.1923626,-0.37786573,0.35234386,0
0.096884618,-0.2092028,0.62557063,0.75185276,-0.37786573,1.0958377,0
0.019137849,-0.32864006,-0.050652758,1.1282271,0.71755976,1.1689682,0
-0.78441482,-0.47019533,-0.59163147,-0.85955255,-0.37786573,-0.94572324,0
0.57014055,-0.44807732,0.40016284,-0.85955255,-0.37786573,-0.94572324,0
-0.78441482,-0.47019533,-0.59163147,-0.85955255,-0.37786573,-0.94572324,0
-0.78441482,-0.47019533,-0.59163147,-0.85955255,-0.37786573,-0.94572324,0
-0.78441482,-0.47019533,-0.59163147,-0.85955255,-0.37786573,-0.94572324,0
-0.017448866,-0.32421646,-0.45638679,1.0586063,-0.37786573,1.5681391,0
-0.78441482,-0.47019533,-0.59163147,-0.85955255,-0.37786573,-0.94572324,0
-0.78441482,-0.47019533,-0.59163147,-0.85955255,-0.37786573,-0.94572324,0
-0.78441482,-0.47019533,-0.59163147,-0.85955255,-0.37786573,-0.94572324,0
1.5943992,4.7938913,-0.32114211,1.999964,-0.37786573,0.93738818,0
-0.017279483,-0.31536926,1.7075281,-0.85955255,-0.37786573,-0.94572324,0
-0.0677556,-0.41711211,-0.32114211,-0.85955255,-0.37786573,-0.94572324,0
0.94888081,1.0869127,-0.18589744,1.0168338,-0.37786573,0.96785924,0
0.92652226,2.8696244,0.08459192,-0.85955255,-0.37786573,-0.94572324,0
0.58860329,0.80380211,0.039510361,-0.85955255,-0.37786573,-0.94572324,0
-0.78441482,-0.47019533,-0.59163147,-0.85955255,-0.37786573,-0.94572324,0
-0.10501985,-0.37287609,0.08459192,0.50881284,1.2684663,1.3030409,0
0.82506188,0.95862819,-0.230979,2.4185328,-0.37786573,1.0044245,0
-0.40652148,-0.3949941,0.30999972,0.67674667,1.2397225,1.0074716,0
0.03014774,-0.34633447,-0.41130523,0.81894191,-0.37786573,1.2938996,0
-0.17565253,-0.41268851,0.44524439,0.78687414,-0.37786573,1.2451459,0
-0.07063511,-0.14284877,1.0313047,-0.85955255,-0.37786573,-0.94572324,0
1.6541914,1.2771276,-0.50146835,1.3455284,-0.37786573,0.79722131,0
-0.78441482,-0.47019533,-0.59163147,-0.85955255,-0.37786573,-0.94572324,0
-0.78441482,-0.47019533,-0.59163147,-0.85955255,-0.37786573,-0.94572324,0
-0.40567457,-0.41268851,1.4370387,0.89193827,-0.37786573,0.75760894,0
-0.78441482,-0.47019533,-0.59163147,-0.85955255,-0.37786573,-0.94572324,0
-0.46817687,-0.39057049,1.1214678,0.50923478,3.300683,0.94043529,0
0.84098388,0.60916361,-0.095734317,0.55818032,-0.37786573,0.86425764,0
0.45800905,-0.27998044,-0.45638679,-0.85955255,-0.37786573,-0.94572324,0
-0.026934311,-0.31979286,0.08459192,1.1771726,0.95215269,1.0105187,0
-0.12788654,-0.3994177,0.35508128,0.16619406,0.61888257,0.98918898,0
-0.2832107,-0.24016802,1.8427727,-0.013976155,-0.37786573,1.3700772,0
-0.17361994,-0.43923012,-0.32114211,0.96451269,-0.37786573,0.74846762,0
0.79169344,0.11814376,0.30999972,0.51598589,-0.37786573,0.9983303,0
-0.020667142,-0.45250093,-0.230979,0.68982695,-0.37786573,1.1933451,0
-0.11569097,-0.44365372,-0.050652758,1.1678898,0.79681101,0.88254028,0
0.2251075,-0.3994177,-0.45638679,-0.85955255,-0.37786573,-0.94572324,0
0.63416731,0.44106673,-0.18589744,-0.85955255,-0.37786573,-0.94572324,0
0.15244222,-0.010140702,0.17475504,0.31387457,-0.37786573,1.162874,0
-0.50374729,-0.37287609,3.5107904,0.67421501,-0.37786573,0.61744207,0
0.43836063,-0.44365372,-0.54654991,-0.85955255,-0.37786573,-0.94572324,0
-0.78441482,-0.47019533,-0.59163147,-0.85955255,-0.37786573,-0.94572324,0
-0.50256161,-0.38614689,1.6624465,0.73328721,-0.37786573,0.88558738,0
-0.065723004,-0.27998044,-0.18589744,-0.85955255,-0.37786573,-0.94572324,0
0.018290934,-0.24459162,-0.14081588,0.64130335,1.1084163,1.2969467,0
0.025574401,-0.30209845,-0.36622367,-0.85955255,-0.37786573,-0.94572324,0
-0.78441482,-0.47019533,-0.59163147,-0.85955255,-0.37786573,-0.94572324,0
-0.38094466,-0.44807732,0.26491816,-0.065453361,-0.37786573,0.88558738,0
-0.78441482,-0.47019533,-0.59163147,-0.85955255,-0.37786573,-0.94572324,0
0.33351259,0.042942525,-0.230979,1.0421504,-0.37786573,1.2908525,0
0.29709525,-0.17381398,1.0763862,0.5894042,0.21284749,1.2116277,0
-0.0044063799,-0.35075807,-0.18589744,-0.85955255,-0.37786573,-0.94572324,0
0.25644335,-0.14727237,-0.27606055,-0.85955255,-0.37786573,-0.94572324,0
1.2600373,-0.15611958,-0.050652758,1.0451041,0.50693647,0.89777581,0
-0.52898535,-0.43038291,3.2853826,-0.85955255,-0.37786573,-0.94572324,0
-0.78441482,-0.47019533,-0.59163147,-0.85955255,-0.37786573,-0.94572324,0
-0.78441482,-0.47019533,-0.59163147,-0.85955255,-0.37786573,-0.94572324,0
1.2747736,2.0379871,0.039510361,1.0248507,-0.37786573,0.68143129,0
-0.46275662,-0.43923012,0.49032595,0.042986326,1.6428601,0.74237341,0
-0.78441482,-0.47019533,-0.59163147,-0.85955255,-0.37786573,-0.94572324,0
-0.0088103363,0.10929656,-0.32114211,-0.85955255,-0.37786573,-0.94572324,0
-0.078596108,-0.37729969,0.2198366,0.43919203,0.5962958,1.3030409,0
0.27388979,0.96747539,0.2198366,0.21640544,-0.37786573,0.12685802,0
0.15650741,-0.36402888,-0.230979,0.83708551,0.8875532,1.1293559,0
-0.097566997,-0.35960528,-0.36622367,0.58898226,-0.37786573,1.3335119,0
-0.35638413,-0.42595931,0.12967348,-0.85955255,-0.37786573,-0.94572324,0
0.33368197,0.52511517,-0.41130523,-0.85955255,-0.37786573,-0.94572324,0
-0.78441482,-0.47019533,-0.59163147,-0.85955255,-0.37786573,-0.94572324,0
-0.39618912,-0.31979286,14.645936,-0.85955255,-0.37786573,-0.94572324,0
-0.78441482,-0.47019533,-0.59163147,-0.85955255,-0.37786573,-0.94572324,0
-0.78441482,-0.47019533,-0.59163147,-0.85955255,-0.37786573,-0.94572324,0
-0.78441482,-0.47019533,-0.59163147,-0.85955255,-0.37786573,-0.94572324,0
0.59503985,0.93651018,-0.095734317,0.66704196,1.2817352,0.90082291,0
0.98123295,5.0239186,0.35508128,0.80543969,-0.37786573,0.37976781,0
0.2857466,0.3968307,-0.27606055,0.29446513,1.787534,0.44375703,0
0.013040063,-0.054376724,0.26491816,-0.85955255,-0.37786573,-0.94572324,0
-0.78441482,-0.47019533,-0.59163147,-0.85955255,-0.37786573,-0.94572324,0
-0.78441482,-0.47019533,-0.59163147,-0.85955255,-0.37786573,-0.94572324,0
-0.10925442,-0.44365372,-0.095734317,0.21471766,-0.37786573,0.8398808,0
-0.78441482,-0.47019533,-0.59163147,-0.85955255,-0.37786573,-0.94572324,0
0.33673086,-0.17823759,0.67065219,0.1712574,2.0104713,0.92215265,0
0.37856845,-0.3949941,-0.27606055,0.72780194,-0.37786573,0.92215265,0
-0.78441482,-0.47019533,-0.59163147,-0.85955255,-0.37786573,-0.94572324,0
0.16141952,-0.19150839,0.53540751,0.73497499,0.28538197,1.0745079,0
1.8076523,1.794689,-0.14081588,1.8396252,0.40108156,1.0257543,0
-0.78441482,-0.47019533,-0.59163147,-0.85955255,-0.37786573,-0.94572324,0
-0.78441482,-0.47019533,-0.59163147,-0.85955255,-0.37786573,-0.94572324,0
-0.0088103363,-0.4038413,-0.36622367,-0.85955255,-0.37786573,-0.94572324,0
0.32724542,-0.42153571,-0.36622367,-0.85955255,-0.37786573,-0.94572324,0
-0.78441482,-0.47019533,-0.59163147,-0.85955255,-0.37786573,-0.94572324,0
-0.3546903,-0.33748727,0.12967348,1.204599,-0.37786573,0.69057261,0
-0.78441482,-0.47019533,-0.59163147,-0.85955255,-0.37786573,-0.94572324,0
0.33656148,-0.16054318,-0.41130523,1.0100827,-0.37786573,0.81550395,0
-0.18954193,-0.42153571,-0.36622367,-0.85955255,-0.37786573,-0.94572324,0
-0.78441482,-0.47019533,-0.59163147,-0.85955255,-0.37786573,-0.94572324,0
-0.12703963,-0.29325125,0.62557063,-0.85955255,-0.37786573,-0.94572324,0
-0.78441482,-0.47019533,-0.59163147,-0.85955255,-0.37786573,-0.94572324,0
0.25559643,-0.15169597,-0.050652758,2.3425828,-0.37786573,0.62048917,0
-0.084016362,-0.32864006,-0.0055711987,0.62948891,1.0735484,1.1354501,0
0.14685259,-0.45250093,-0.095734317,1.9210604,-0.37786573,0.91910555,0
-0.78441482,-0.47019533,-0.59163147,-0.85955255,-0.37786573,-0.94572324,0
0.73393386,4.7363845,-0.36622367,0.68602945,3.4006443,0.20912988,0
0.58690946,1.2727039,0.12967348,1.1628265,0.29180241,1.1994393,0
-0.50730433,-0.43923012,-0.59163147,-0.85955255,-0.37786573,-0.94572324,0
-0.46563613,-0.44365372,0.89605999,-0.85955255,-0.37786573,-0.94572324,0
0.081640154,-0.43923012,-0.18589744,-0.85955255,-0.37786573,-0.94572324,0
-0.17802389,-0.44365372,0.08459192,0.81261274,-0.37786573,1.0958377,0
0.76154328,0.47645554,-0.36622367,-0.85955255,-0.37786573,-0.94572324,0
0.67549674,1.8566194,-0.095734317,1.1316026,-0.37786573,0.4803223,0
-0.24493016,-0.3949941,-0.27606055,0.26788264,1.3740248,0.95567082,0
-0.049801008,-0.072071133,0.71573375,1.0282263,0.45606685,0.98918898,0
-0.16786092,-0.43923012,0.039510361,1.0370871,-0.37786573,1.01966,0
-0.78441482,-0.47019533,-0.59163147,-0.85955255,-0.37786573,-0.94572324,0
-0.78441482,-0.47019533,-0.59163147,-0.85955255,-0.37786573,-0.94572324,0
-0.18310538,-0.38614689,0.67065219,0.11598269,0.090661615,0.98004767,0
0.60621912,-0.43480652,-0.095734317,-0.85955255,-0.37786573,-0.94572324,0
-0.16769153,-0.21805001,-0.0055711987,4.1624286,1.583364,1.2695227,0
-0.16667524,-0.38614689,-0.14081588,2.1189523,-0.37786573,0.88254028,0
-0.31539346,-0.28440404,1.9329359,2.1497542,0.12618804,0.91605844,0
-0.78441482,-0.47019533,-0.59163147,-0.85955255,-0.37786573,-0.94572324,0
0.0054178307,-0.3949941,-0.45638679,1.1240076,4.478784,1.3091351,0
7.8646169,-0.45250093,-0.50146835,-0.85955255,-0.37786573,-0.94572324,0
4.3416211,-0.44365372,-0.54654991,-0.85955255,-0.37786573,-0.94572324,0
-0.2405262,-0.45250093,-0.095734317,1.7919455,-0.37786573,0.81550395,0
-0.25780326,-0.44807732,-0.18589744,0.60332837,-0.37786573,1.4767259,0
0.0042321501,-0.18708479,-0.32114211,0.69573417,-0.37786573,1.3792185,0
-0.78441482,-0.47019533,-0.59163147,-0.85955255,-0.37786573,-0.94572324,0
-0.78441482,-0.47019533,-0.59163147,-0.85955255,-0.37786573,-0.94572324,0
2.1115253,1.3788704,-0.45638679,1.3354017,1.8158168,0.41023887,0
-0.78441482,-0.47019533,-0.59163147,-0.85955255,-0.37786573,-0.94572324,0
-0.4480203,-0.45250093,0.76081531,-0.85955255,-0.37786573,-0.94572324,0
-0.55930489,-0.45250093,3.150138,0.71851916,0.80744589,0.60830075,0
-0.23815484,-0.41711211,0.76081531,0.23075154,0.93987154,0.83683369,0
-0.78441482,-0.47019533,-0.59163147,-0.85955255,-0.37786573,-0.94572324,0
1.2600373,1.2417387,-0.14081588,2.5797155,-0.37786573,0.75456183,0
0.75070277,1.3567524,0.35508128,-0.85955255,-0.37786573,-0.94572324,0
0.43768309,-0.45250093,-0.41130523,-0.85955255,-0.37786573,-0.94572324,0
-0.78441482,-0.47019533,-0.59163147,-0.85955255,-0.37786573,-0.94572324,0
-0.21799827,-0.45250093,-0.050652758,0.24045626,1.5561019,0.96785924,0
0.91449607,4.7054193,-0.32114211,0.56999476,2.6704594,0.14514066,0
0.083333983,-0.4038413,-0.230979,0.62315975,-0.37786573,1.278664,0
0.67634366,0.60474001,0.49032595,-0.024524763,-0.37786573,0.54431153,0
0.071815943,-0.35518168,-0.14081588,0.60501614,-0.37786573,1.1019319,0
0.14922395,-0.13842517,0.12967348,0.86619967,-0.37786573,1.2908525,0
0.004401533,-0.45250093,-0.050652758,-0.85955255,-0.37786573,-0.94572324,0
0.045900353,0.078331343,-0.32114211,-0.85955255,-0.37786573,-0.94572324,0
-0.013214293,0.042942525,0.53540751,0.54341227,-0.37786573,0.81245684,0
0.38957834,0.25527543,-0.14081588,0.72062888,-0.37786573,0.69666682,0
0.46173547,0.67994125,0.26491816,1.1948943,-0.37786573,1.5803275,0
0.092650045,-0.31979286,0.76081531,0.6750589,0.23586229,1.1963922,0
-0.78441482,-0.47019533,-0.59163147,-0.85955255,-0.37786573,-0.94572324,0
4.0582434,-0.45250093,-0.41130523,-0.85955255,-0.37786573,-0.94572324,0
-0.78441482,-0.47019533,-0.59163147,-0.85955255,-0.37786573,-0.94572324,0
0.17734152,-0.11188355,-0.27606055,1.3324481,1.0614648,1.4706317,0
0.020154146,-0.42153571,-0.41130523,0.59953087,-0.37786573,1.4706317,0
-0.78441482,-0.47019533,-0.59163147,-0.85955255,-0.37786573,-0.94572324,0
-0.099091444,-0.29325125,-0.18589744,1.5944755,1.0455948,1.1872509,0
0.20867736,-0.33306367,-0.14081588,0.72105083,0.64900924,1.1720153,0
-0.18378291,-0.13842517,0.40016284,1.2328693,-0.37786573,0.97700056,0
0.25237816,-0.35075807,-0.14081588,0.92274021,-0.37786573,1.1080261,0
-0.3397846,-0.38614689,1.2567125,0.69067084,0.22796021,1.1141203,0
-0.45767513,-0.44807732,8.4246804,-0.85955255,-0.37786573,-0.94572324,0
-0.78441482,-0.47019533,-0.59163147,-0.85955255,-0.37786573,-0.94572324,0
0.16108075,-0.26670963,0.12967348,0.71134611,0.50308421,1.3152293,0
-0.78441482,-0.47019533,-0.59163147,-0.85955255,-0.37786573,-0.94572324,0
-0.78441482,-0.47019533,-0.59163147,-0.85955255,-0.37786573,-0.94572324,0
3.1368002,-0.43923012,-0.45638679,-0.85955255,-0.37786573,-0.94572324,0
-0.78441482,-0.47019533,-0.59163147,-0.85955255,-0.37786573,-0.94572324,0
-0.43972054,-0.45250093,1.1214678,1.6948983,0.35524951,0.37062649,0
-0.78441482,-0.47019533,-0.59163147,-0.85955255,-0.37786573,-0.94572324,0
-0.78441482,-0.47019533,-0.59163147,-0.85955255,-0.37786573,-0.94572324,0
-0.78441482,-0.47019533,-0.59163147,-0.85955255,-0.37786573,-0.94572324,0
0.7444356,-0.041105917,-0.36622367,0.28687014,2.0405651,1.1506856,0
-0.29557565,-0.41711211,0.98622311,0.84974384,0.23006743,1.1750624,0
-0.78441482,-0.47019533,-0.59163147,-0.85955255,-0.37786573,-0.94572324,0
0.52034197,0.65339963,-0.095734317,0.60670392,1.1818727,0.83683369,0
-0.78441482,-0.47019533,-0.59163147,-0.85955255,-0.37786573,-0.94572324,0
-0.78441482,-0.47019533,-0.59163147,-0.85955255,-0.37786573,-0.94572324,0
1.1467201,-0.3949941,-0.54654991,-0.85955255,-0.37786573,-0.94572324,0
-0.21613506,-0.45250093,-0.32114211,0.1674599,-0.37786573,0.78503289,0
0.16734792,1.6265921,0.85097843,0.73581888,0.16833245,0.81855105,0
0.33351259,-0.16054318,-0.095734317,-0.85955255,-0.37786573,-0.94572324,0
1.4670232,1.9760567,-0.230979,2.0147321,-0.37786573,0.5839239,0
0.079438176,0.33047667,1.7075281,0.11345103,-0.12144331,0.46203967,0
-0.78441482,-0.47019533,-0.59163147,-0.85955255,-0.37786573,-0.94572324,0
-0.78441482,-0.47019533,-0.59163147,-0.85955255,-0.37786573,-0.94572324,0
-0.21020665,-0.3994177,0.58048907,-0.85955255,-0.37786573,-0.94572324,0
-0.78441482,-0.47019533,-0.59163147,-0.85955255,-0.37786573,-0.94572324,0
-0.40686025,-0.43038291,0.40016284,0.58476282,1.9527532,0.41328597,0
2.4082842,-0.44807732,-0.50146835,-0.85955255,-0.37786573,-0.94572324,0
-0.78441482,-0.47019533,-0.59163147,-0.85955255,-0.37786573,-0.94572324,0
0.579626,1.1886555,0.08459192,1.0961593,0.54177146,0.89777581,0
0.019645998,-0.31094565,-0.27606055,1.4138834,2.510179,0.90387002,0
-0.78441482,-0.47019533,-0.59163147,-0.85955255,-0.37786573,-0.94572324,0
-0.78441482,-0.47019533,-0.59163147,-0.85955255,-0.37786573,-0.94572324,0
-0.78441482,-0.47019533,-0.59163147,-0.85955255,-0.37786573,-0.94572324,0
-0.78441482,-0.47019533,-0.59163147,-0.85955255,-0.37786573,-0.94572324,0
0.86571378,-0.35960528,-0.230979,0.863668,0.66678891,0.96176503,0
-0.78441482,-0.47019533,-0.59163147,-0.85955255,-0.37786573,-0.94572324,0
0.23391542,-0.12957796,-0.14081588,0.4227362,-0.37786573,1.0288014,0
-0.78441482,-0.47019533,-0.59163147,-0.85955255,-0.37786573,-0.94572324,0
-0.78441482,-0.47019533,-0.59163147,-0.85955255,-0.37786573,-0.94572324,0
0.24272333,0.060636934,-0.14081588,0.3674615,0.2881477,0.66010155,0
-0.074192151,-0.43480652,0.76081531,1.0037535,0.1269124,0.91301134,0
-0.78441482,-0.47019533,-0.59163147,-0.85955255,-0.37786573,-0.94572324,0
-0.0074552728,-0.35075807,-0.230979,0.44298953,-0.37786573,1.1689682,0
-0.10671368,-0.18266119,1.3468756,1.1067079,0.096555248,1.01966,0
1.0208686,0.99844061,-0.18589744,0.97590519,0.75868349,1.2055335,0
1.0738854,-0.45250093,0.039510361,-0.85955255,-0.37786573,-0.94572324,0
0.77407761,0.75514249,-0.0055711987,-0.85955255,-0.37786573,-0.94572324,0
-0.78441482,-0.47019533,-0.59163147,-0.85955255,-0.37786573,-0.94572324,0
0.13702838,-0.36845248,-0.230979,-0.85955255,-0.37786573,-0.94572324,0
-0.78441482,-0.47019533,-0.59163147,-0.85955255,-0.37786573,-0.94572324,0
-0.78441482,-0.47019533,-0.59163147,-0.85955255,-0.37786573,-0.94572324,0
-0.26966006,-0.45250093,0.30999972,-0.85955255,-0.37786573,-0.94572324,0
0.19173906,-0.24459162,0.12967348,1.2387765,0.59573607,1.0836493,0
-0.50323914,-0.44807732,-0.27606055,0.93919603,3.5004739,0.6875255,0
-0.14245348,-0.25786243,7.2525599,0.28349458,-0.013448256,0.94957661,0
-0.47749293,-0.45250093,1.3919571,-0.85955255,-0.37786573,-0.94572324,0
-0.39026072,-0.45250093,1.0313047,-0.85955255,-0.37786573,-0.94572324,0
-0.78441482,-0.47019533,-0.59163147,-0.85955255,-0.37786573,-0.94572324,0
-0.78441482,-0.47019533,-0.59163147,-0.85955255,-0.37786573,-0.94572324,0
0.62806952,-0.45250093,-0.050652758,-0.85955255,-0.37786573,-0.94572324,0
-0.78441482,-0.47019533,-0.59163147,-0.85955255,-0.37786573,-0.94572324,0
-0.78441482,-0.47019533,-0.59163147,-0.85955255,-0.37786573,-0.94572324,0
-0.39720542,-0.23132081,1.7976912,1.0210532,0.49343709,1.2512401,0
-0.78441482,-0.47019533,-0.59163147,-0.85955255,-0.37786573,-0.94572324,0
-0.78441482,-0.41711211,0.40016284,-0.85955255,-0.37786573,-0.94572324,0
-0.78441482,-0.47019533,-0.59163147,-0.85955255,-0.37786573,-0.94572324,0
-0.22392667,-0.24901522,1.3919571,1.0687329,-0.37786573,1.4767259,0
-0.78441482,-0.47019533,-0.59163147,-0.85955255,-0.37786573,-0.94572324,0
-0.78441482,-0.47019533,-0.59163147,-0.85955255,-0.37786573,-0.94572324,0
2.3798279,-0.3949941,-0.54654991,-0.85955255,-0.37786573,-0.94572324,0
-0.78441482,-0.47019533,-0.59163147,-0.85955255,-0.37786573,-0.94572324,0
-0.78441482,-0.47019533,-0.59163147,-0.85955255,-0.37786573,-0.94572324,0
-0.78441482,-0.47019533,-0.59163147,-0.85955255,-0.37786573,-0.94572324,0
-0.78441482,-0.47019533,-0.59163147,-0.85955255,-0.37786573,-0.94572324,0
-0.004067614,-0.45250093,-0.14081588,-0.85955255,-0.37786573,-0.94572324,0
0.4058391,2.6484442,-0.18589744,0.88771883,1.8533188,0.56564127,0
-0.78441482,-0.47019533,-0.59163147,-0.85955255,-0.37786573,-0.94572324,0
0.17818843,-0.44807732,0.49032595,1.1632485,-0.37786573,0.97395345,0
-0.78441482,-0.47019533,-0.59163147,-0.85955255,-0.37786573,-0.94572324,0
0.030486506,-0.11630716,1.3919571,-0.1295889,-0.37786573,1.2847583,0
1.3365984,2.0291399,-0.230979,1.181814,-0.37786573,0.90387002,0
-0.3477456,0.10487296,0.53540751,0.52189311,-0.37786573,0.87644607,0
0.83945943,4.5992528,-0.18589744,-0.85955255,-0.37786573,-0.94572324,0
-0.78441482,-0.47019533,-0.59163147,-0.85955255,-0.37786573,-0.94572324,0
0.92296522,5.0814255,0.30999972,0.11007547,-0.37786573,0.51688757,0
0.85199377,2.3476393,0.35508128,1.1451049,-0.37786573,1.0806022,0
-0.78441482,-0.47019533,-0.59163147,-0.85955255,-0.37786573,-0.94572324,0
-0.78441482,-0.47019533,-0.59163147,-0.85955255,-0.37786573,-0.94572324,0
2.094587,4.9796826,-0.27606055,1.2813929,-0.37786573,0.30054306,0
-0.78441482,-0.47019533,-0.59163147,-0.85955255,-0.37786573,-0.94572324,0
-0.78441482,-0.47019533,-0.59163147,-0.85955255,-0.37786573,-0.94572324,0
1.0989541,4.8690926,-0.27606055,1.0923618,-0.37786573,0.80331553,0
0.64839547,0.0075537073,-0.32114211,0.50543729,-0.37786573,1.1232616,0
-0.78441482,-0.47019533,-0.59163147,-0.85955255,-0.37786573,-0.94572324,0
-0.78441482,-0.47019533,-0.59163147,-0.85955255,-0.37786573,-0.94572324,0
0.88688665,2.8917424,-0.14081588,-0.85955255,-0.37786573,-0.94572324,0
-0.78441482,-0.47019533,-0.59163147,-0.85955255,-0.37786573,-0.94572324,0
0.17581707,-0.15169597,0.30999972,-0.85955255,-0.37786573,-0.94572324,0
-0.11365838,-0.44807732,-0.14081588,0.37590038,1.5857017,0.95871792,0
1.2769756,1.0072878,-0.095734317,1.0640915,0.20211383,0.76065604,0
0.15007086,-0.33306367,-0.18589744,1.7375147,1.5465206,1.4553962,0
-0.24442201,-0.44807732,-0.27606055,-0.85955255,-0.37786573,-0.94572324,0
0.1417711,-0.076494735,0.89605999,0.69489028,0.22104589,1.2847583,0
-0.78441482,-0.47019533,-0.59163147,-0.85955255,-0.37786573,-0.94572324,0
0.3482489,1.038253,-0.050652758,-0.85955255,-0.37786573,-0.94572324,0
-0.78441482,-0.47019533,-0.59163147,-0.85955255,-0.37786573,-0.94572324,0
0.19478796,-0.32421646,0.08459192,0.79446914,-0.37786573,0.74237341,0
-0.78441482,-0.47019533,-0.59163147,-0.85955255,-0.37786573,-0.94572324,0
-0.33893769,-0.45250093,0.35508128,0.75396248,0.47743538,0.80940974,0
1.672146,3.7278032,-0.32114211,1.780131,-0.37786573,0.45289835,0
-0.78441482,-0.47019533,-0.59163147,-0.85955255,-0.37786573,-0.94572324,0
0.470374,-0.45250093,-0.32114211,-0.85955255,-0.37786573,-0.94572324,0
0.8814664,0.92323937,-0.14081588,0.045517992,2.0104713,0.69361971,0
-0.064367941,-0.35960528,0.2198366,-0.85955255,-0.37786573,-0.94572324,0
-0.09485687,-0.38172329,-0.32114211,-0.85955255,-0.37786573,-0.94572324,0
-0.15193892,-0.43480652,-0.18589744,-0.85955255,-0.37786573,-0.94572324,0
-0.78441482,-0.47019533,-0.59163147,-0.85955255,-0.37786573,-0.94572324,0
-0.23798545,-0.44807732,1.1214678,0.16914767,-0.37786573,1.421878,0
0.52372963,0.87015614,-0.050652758,0.9083941,-0.37786573,1.1293559,0
-0.020328376,-0.35075807,-0.32114211,-0.85955255,-0.37786573,-0.94572324,0
-0.78441482,-0.47019533,-0.59163147,-0.85955255,-0.37786573,-0.94572324,0
-0.78441482,-0.47019533,-0.59163147,-0.85955255,-0.37786573,-0.94572324,0
0.57471389,-0.19150839,-0.41130523,2.0088248,-0.37786573,0.7911271,0
1.2017695,-0.44807732,-0.14081588,-0.85955255,-0.37786573,-0.94572324,0
0.037769972,-0.41711211,-0.14081588,1.356077,1.5680867,0.76370315,0
0.090786833,-0.4082649,-0.095734317,-0.85955255,-0.37786573,-0.94572324,0
-0.78441482,-0.47019533,-0.59163147,-0.85955255,-0.37786573,-0.94572324,0
-0.19208268,-0.43923012,0.30999972,0.61345503,-0.37786573,0.62963049,0
0.13516516,-0.38172329,-0.41130523,1.5299181,3.176785,1.5772804,0
-0.78441482,-0.47019533,-0.59163147,-0.85955255,-0.37786573,-0.94572324,0
-0.78441482,-0.47019533,-0.59163147,-0.85955255,-0.37786573,-0.94572324,0
0.76831859,1.4806133,-0.36622367,-0.85955255,-0.37786573,-0.94572324,0
0.41329195,0.30835866,-0.36622367,0.93160104,1.2594118,1.1537327,0
-0.092316126,-0.43923012,-0.14081588,-0.85955255,-0.37786573,-0.94572324,0
2.4135351,4.9487174,-0.36622367,1.8079794,-0.37786573,0.56868837,0
-0.3209831,-0.37729969,-0.050652758,-0.85955255,-0.37786573,-0.94572324,0
-0.31149765,-0.27555684,-0.14081588,0.20332516,-0.37786573,0.90387002,0
-0.092485509,-0.089765542,0.30999972,-0.26503302,-0.37786573,0.45289835,0
-0.78441482,-0.47019533,-0.59163147,-0.85955255,-0.37786573,-0.94572324,0
-0.087404021,-0.45250093,-0.36622367,-0.85955255,-0.37786573,-0.94572324,0
-0.78441482,-0.47019533,-0.59163147,-0.85955255,-0.37786573,-0.94572324,0
-0.093501806,-0.37729969,0.17475504,-0.85955255,-0.37786573,-0.94572324,0
-0.24272818,-0.45250093,-0.0055711987,0.34594234,-0.37786573,1.650411,0
-0.13567816,-0.41268851,-0.14081588,-0.024524763,-0.37786573,1.0318485,0
-0.78441482,-0.47019533,-0.59163147,-0.85955255,-0.37786573,-0.94572324,0
-0.78441482,-0.47019533,-0.59163147,-0.85955255,-0.37786573,-0.94572324,0
-0.78441482,-0.47019533,-0.59163147,-0.85955255,-0.37786573,-0.94572324,0
0.43107716,0.45876114,0.40016284,1.075906,-0.05164163,1.2055335,0
0.76340649,2.7147983,-0.45638679,1.0328677,-0.37786573,0.64486602,0
-0.78441482,-0.47019533,-0.59163147,-0.85955255,-0.37786573,-0.94572324,0
-0.39568097,-0.45250093,0.30999972,-0.85955255,-0.37786573,-0.94572324,0
-0.78441482,-0.47019533,-0.59163147,-0.85955255,-0.37786573,-0.94572324,0
0.51051776,-0.19150839,0.26491816,1.1915187,-0.37786573,1.1415443,0
-0.78441482,-0.47019533,-0.59163147,-0.85955255,-0.37786573,-0.94572324,0
-0.17124858,-0.36845248,0.58048907,1.2974267,-0.37786573,0.95262371,0
-0.78441482,-0.47019533,-0.59163147,-0.85955255,-0.37786573,-0.94572324,0
-0.44615709,-0.45250093,-0.59163147,0.40628037,-0.37786573,0.72104367,0
-0.78441482,-0.45250093,5.0435634,-0.85955255,-0.37786573,-0.94572324,0
-0.20105997,-0.44365372,0.039510361,0.76155748,0.60347352,0.83073948,0
-0.78441482,-0.47019533,-0.59163147,-0.85955255,-0.37786573,-0.94572324,0
-0.78441482,-0.47019533,-0.59163147,-0.85955255,-0.37786573,-0.94572324,0
-0.78441482,-0.47019533,-0.59163147,-0.85955255,-0.37786573,-0.94572324,0
0.2052897,-0.43923012,-0.0055711987,-0.85955255,-0.37786573,-0.94572324,0
-0.78441482,-0.47019533,-0.59163147,-0.85955255,-0.37786573,-0.94572324,0
-0.31827297,-0.44365372,0.58048907,-0.85955255,-0.37786573,-0.94572324,0
-0.2891391,-0.45250093,-0.41130523,1.1240076,4.9025988,1.2116277,0
-0.78441482,-0.47019533,-0.59163147,-0.85955255,-0.37786573,-0.94572324,0
-0.060472133,-0.3949941,0.12967348,-0.85955255,-0.37786573,-0.94572324,0
-0.3050611,-0.14727237,3.0148933,0.65311779,0.45563882,0.84597501,0
-0.20004368,-0.38614689,0.49032595,0.25100487,-0.37786573,0.28835463,0
-0.021175291,-0.36845248,-0.41130523,1.0100827,-0.37786573,1.248193,0
-0.78441482,-0.47019533,-0.59163147,-0.85955255,-0.37786573,-0.94572324,0
-0.076055364,-0.15611958,2.7444039,0.704595,-0.37786573,0.8916816,0
-0.22850001,-0.41711211,-0.050652758,-0.85955255,-0.37786573,-0.94572324,0
-0.13906582,-0.42595931,-0.18589744,-0.3886627,-0.37786573,1.1506856,0
-0.3408009,-0.44807732,-0.18589744,0.86113634,1.5130026,0.6844784,0
0.56624475,0.72860087,-0.27606055,2.0586143,-0.37786573,0.82159816,0
0.12178391,-0.018987906,0.49032595,1.0780157,0.34076237,0.93434108,0
0.17293756,-0.34191087,-0.18589744,0.38644899,0.38438842,1.2695227,0
-0.78441482,-0.47019533,-0.59163147,-0.85955255,-0.37786573,-0.94572324,0
-0.78441482,-0.47019533,-0.59163147,-0.85955255,-0.37786573,-0.94572324,0
0.90043729,1.4452244,-0.095734317,1.6311847,-0.37786573,0.76979736,0
-0.44683462,-0.44807732,-0.27606055,1.1240076,4.3039176,1.1963922,0
-0.28693712,-0.43480652,0.12967348,0.69995361,0.82459999,1.4157838,0
-0.21918395,-0.18266119,0.30999972,0.38307344,0.70099832,1.3152293,0
1.6450447,2.4316877,-0.41130523,0.54720977,2.0922908,0.41938019,0
-0.29032478,-0.35960528,0.2198366,0.61261114,-0.37786573,1.3975012,0
-0.25865017,-0.38614689,0.039510361,0.30037235,-0.37786573,1.3396062,0
-0.20393948,-0.32864006,0.2198366,0.89446994,-0.37786573,1.1750624,0
-0.78441482,-0.47019533,-0.59163147,-0.85955255,-0.37786573,-0.94572324,0
1.2852753,3.8605113,-0.18589744,-0.85955255,-0.37786573,-0.94572324,0
-0.78441482,-0.47019533,-0.59163147,-0.85955255,-0.37786573,-0.94572324,0
0.32216393,-0.27113323,0.08459192,2.3480681,-0.37786573,1.1293559,0
1.7764859,3.6304839,-0.41130523,1.6332944,-0.37786573,0.10248118,0
-0.33114607,-0.3994177,0.26491816,-0.85955255,-0.37786573,-0.94572324,0
-0.00084933814,0.24642823,-0.36622367,-0.85955255,-0.37786573,-0.94572324,0
0.94752574,3.5420119,-0.50146835,1.6425772,-0.37786573,0.23350673,0
0.71716495,1.0072878,0.039510361,1.5071331,0.55362458,0.82159816,0
-0.78441482,-0.47019533,-0.59163147,-0.85955255,-0.37786573,-0.94572324,0
-0.38788936,-0.45250093,0.08459192,-0.85955255,-0.37786573,-0.94572324,0
1.0079955,1.2107735,-0.0055711987,1.3307603,-0.37786573,0.96481214,0
-0.78441482,-0.47019533,-0.59163147,-0.85955255,-0.37786573,-0.94572324,0
-0.78441482,-0.47019533,-0.59163147,-0.85955255,-0.37786573,-0.94572324,0
0.020154146,-0.24016802,0.17475504,0.34003512,-0.37786573,1.0105187,0
-0.49019665,-0.43480652,0.17475504,1.0168338,2.4758049,0.91605844,0
0.80456654,0.37471269,-0.050652758,-0.85955255,-0.37786573,-0.94572324,0
-0.78441482,-0.47019533,-0.59163147,-0.85955255,-0.37786573,-0.94572324,0
0.61993914,2.7015275,-0.45638679,1.6387797,-0.37786573,0.4285215,0
0.96649663,0.46318474,-0.27606055,0.91050382,1.0194191,0.91910555,0
-0.78441482,-0.47019533,-0.59163147,-0.85955255,-0.37786573,-0.94572324,0
0.55235534,0.67994125,-0.14081588,1.0375091,0.75015583,1.2603814,0
0.19766747,0.85246174,1.2567125,0.65353974,-0.37786573,0.9465295,0
-0.78441482,-0.47019533,-0.59163147,-0.85955255,-0.37786573,-0.94572324,0
1.1565443,0.70205926,0.12967348,0.79235941,-0.37786573,0.93434108,0
2.7953242,3.373915,-0.41130523,1.9754912,1.2398871,0.59306522,0
-0.50577988,-0.45250093,0.08459192,0.64763252,1.4923585,0.91301134,0
-0.78441482,-0.47019533,-0.59163147,-0.85955255,-0.37786573,-0.94572324,0
-0.24476077,-0.42153571,0.94114155,0.64889835,-0.37786573,0.93434108,0
0.20664476,0.94093378,-0.14081588,0.1780085,-0.37786573,1.0288014,0
1.167046,4.1568926,-0.45638679,-0.85955255,-0.37786573,-0.94572324,0
-0.78441482,-0.47019533,-0.59163147,-0.85955255,-0.37786573,-0.94572324,0
-0.22697556,-0.34191087,0.26491816,0.82906857,-0.37786573,1.2695227,0
-0.78441482,-0.47019533,-0.59163147,-0.85955255,-0.37786573,-0.94572324,0
-0.78441482,-0.47019533,-0.59163147,-0.85955255,-0.37786573,-0.94572324,0
-0.78441482,-0.47019533,-0.59163147,-0.85955255,-0.37786573,-0.94572324,0
1.0117219,5.0460367,-0.27606055,-0.85955255,-0.37786573,-0.94572324,0
-0.21715135,-0.43480652,0.44524439,-0.85955255,-0.37786573,-0.94572324,0
-0.78441482,-0.47019533,-0.59163147,-0.85955255,-0.37786573,-0.94572324,0
-0.036927904,-0.22247361,1.7976912,0.56915088,-0.035508222,1.3152293,0
-0.16515079,-0.42595931,-0.0055711987,0.94257159,0.96390703,1.0257543,0
-0.78441482,-0.47019533,-0.59163147,-0.85955255,-0.37786573,-0.94572324,0
-0.78441482,-0.47019533,-0.59163147,-0.85955255,-0.37786573,-0.94572324,0
0.20190204,0.46760834,0.26491816,0.48898146,-0.37786573,0.62658339,0
-0.18479921,-0.43038291,-0.230979,1.0383529,-0.37786573,0.9434824,0
1.0755792,3.4977759,-0.27606055,1.0193655,-0.37786573,1.1293559,0
8.7938517,-0.44807732,-0.54654991,-0.85955255,-0.37786573,-0.94572324,0
2.2389013,-0.43480652,-0.095734317,-0.85955255,-0.37786573,-0.94572324,0
-0.78441482,-0.47019533,-0.59163147,-0.85955255,-0.37786573,-0.94572324,0
0.065210009,-0.37287609,-0.0055711987,-0.85955255,-0.37786573,-0.94572324,0
0.94921957,1.3877176,0.039510361,0.33623762,0.61898134,0.76979736,0
-0.78441482,-0.47019533,-0.59163147,-0.85955255,-0.37786573,-0.94572324,0
-0.21952271,-0.38614689,4.7279925,0.4265337,0.14633834,1.1445914,0
0.54574941,-0.45250093,-0.45638679,-0.85955255,-0.37786573,-0.94572324,0
0.4217611,-0.32421646,-0.41130523,1.0809693,2.1639033,1.0714608,0
-0.78441482,-0.47019533,-0.59163147,-0.85955255,-0.37786573,-0.94572324,0
-0.52034682,-0.43923012,1.5722834,0.56450949,0.2881477,0.66924287,0
-0.78441482,-0.47019533,-0.59163147,-0.85955255,-0.37786573,-0.94572324,0
-0.039468649,-0.014564304,0.26491816,0.65649335,-0.37786573,1.1842038,0
-0.78441482,-0.47019533,-0.59163147,-0.85955255,-0.37786573,-0.94572324,0
-0.78441482,-0.47019533,-0.59163147,-0.85955255,-0.37786573,-0.94572324,0
1.0117219,-0.45250093,-0.50146835,-0.85955255,-0.37786573,-0.94572324,0
0.36281583,0.63128162,0.039510361,0.062817709,-0.37786573,0.66314866,0
-0.78441482,-0.47019533,-0.59163147,-0.85955255,-0.37786573,-0.94572324,0
-0.036758521,-0.3949941,0.35508128,0.38476121,-0.37786573,1.1141203,0
0.6778681,0.14026177,-0.36622367,1.1164126,-0.37786573,1.2938996,0
-0.78441482,-0.47019533,-0.59163147,-0.85955255,-0.37786573,-0.94572324,0
-0.082661298,-0.37729969,-0.0055711987,-0.85955255,-0.37786573,-0.94572324,0
-0.78441482,-0.47019533,-0.59163147,-0.85955255,-0.37786573,-0.94572324,0
0.51271974,0.32605307,-0.18589744,0.99869018,0.73922462,1.1659211,0
-0.15227769,-0.45250093,-0.41130523,1.5535469,-0.37786573,1.1598269,0
-0.35689228,-0.29325125,2.7894855,0.92906937,-0.041336004,0.95567082,0
0.42718135,1.2151971,-0.41130523,2.0189515,-0.37786573,1.1963922,0
-0.78441482,-0.47019533,-0.59163147,-0.85955255,-0.37786573,-0.94572324,0
-0.32911348,-0.44807732,-0.18589744,-0.1477325,-0.37786573,0.15732908,0
-0.13059667,-0.45250093,0.76081531,1.0742182,0.2702034,0.80331553,0
-0.78441482,-0.47019533,-0.59163147,-0.85955255,-0.37786573,-0.94572324,0
0.17412324,0.056213332,-0.27606055,0.88138966,-0.37786573,1.2634285,0
0.38178672,-0.33306367,-0.18589744,0.49066924,0.74831201,1.0684137,0
-0.32657273,-0.4038413,0.89605999,-0.85955255,-0.37786573,-0.94572324,0
1.4372118,0.25969903,-0.050652758,2.5349894,0.39693297,1.3213235,0
0.24289271,-0.14727237,-0.14081588,0.7455236,1.3515369,1.4310193,0
0.62298803,-0.11188355,-0.0055711987,1.4404659,0.56096693,1.2847583,0
-0.78441482,-0.47019533,-0.59163147,-0.85955255,-0.37786573,-0.94572324,0
-0.78441482,-0.47019533,-0.59163147,-0.85955255,-0.37786573,-0.94572324,0
1.2143039,0.72417727,-0.0055711987,-0.85955255,-0.37786573,-0.94572324,0
-0.023885418,-0.28440404,-0.32114211,-0.85955255,-0.37786573,-0.94572324,0
0.19902253,-0.27113323,-0.230979,-0.85955255,-0.37786573,-0.94572324,0
-0.78441482,-0.47019533,-0.59163147,-0.85955255,-0.37786573,-0.94572324,0
-0.78441482,-0.47019533,-0.59163147,-0.85955255,-0.37786573,-0.94572324,0
-0.081645001,-0.42153571,-0.32114211,-0.85955255,-0.37786573,-0.94572324,0
-0.034217777,-0.29767485,1.8427727,2.7590418,-0.37786573,1.5346209,0
-0.15464905,-0.35518168,-0.32114211,0.71725333,2.8913554,1.1019319,0
-0.78441482,-0.47019533,-0.59163147,-0.85955255,-0.37786573,-0.94572324,0
-0.78441482,-0.47019533,-0.59163147,-0.85955255,-0.37786573,-0.94572324,0
-0.478848,-0.44365372,0.12967348,-0.24056025,1.1538203,1.0318485,0
4.5682555,-0.45250093,-0.41130523,-0.85955255,-0.37786573,-0.94572324,0
-0.052849901,-0.23132081,-0.050652758,0.3969976,1.211275,1.1872509,0
0.47697994,0.078331343,-0.14081588,-0.85955255,-0.37786573,-0.94572324,0
-0.78441482,-0.47019533,-0.59163147,-0.85955255,-0.37786573,-0.94572324,0
0.52593161,0.55165678,0.17475504,0.76619887,0.15358191,0.9434824,0
-0.076224747,-0.15169597,1.8427727,-0.85955255,-0.37786573,-0.94572324,0
-0.78441482,-0.47019533,-0.59163147,-0.85955255,-0.37786573,-0.94572324,0
1.058641,2.8342355,-0.095734317,-0.85955255,-0.37786573,-0.94572324,0
-0.78441482,-0.47019533,-0.59163147,-0.85955255,-0.37786573,-0.94572324,0
-0.78441482,-0.47019533,-0.59163147,-0.85955255,-0.37786573,-0.94572324,0
-0.36586957,-0.37287609,2.9698117,-0.85955255,-0.37786573,-0.94572324,0
0.034043548,-0.29767485,3.0148933,0.47294757,-0.37786573,0.69361971,0
0.88332961,-0.032258713,-0.050652758,1.7071347,0.29213167,1.0592724,0
-0.78441482,-0.47019533,-0.59163147,-0.85955255,-0.37786573,-0.94572324,0
4.8314766,-0.45250093,-0.54654991,-0.85955255,-0.37786573,-0.94572324,0
0.44564409,-0.014564304,-0.27606055,1.0193655,-0.37786573,1.3792185,0
0.48917551,0.25085183,-0.41130523,-0.85955255,-0.37786573,-0.94572324,0
0.31792936,-0.054376724,-0.27606055,0.30501374,-0.37786573,0.97395345,0
-0.78441482,-0.41711211,10.678758,-0.85955255,-0.37786573,-0.94572324,0
1.0076567,0.75071888,-0.27606055,1.7484852,0.53525225,1.162874,0
-0.39026072,-0.42153571,2.2485068,0.95227631,-0.37786573,0.62048917,0
0.1963124,-0.23574442,0.35508128,-0.85955255,-0.37786573,-0.94572324,0
0.00084449127,-0.37729969,-0.18589744,0.76451109,-0.37786573,1.2878054,0
0.37247066,-0.45250093,-0.14081588,-0.85955255,-0.37786573,-0.94572324,0
1.0745629,4.5152044,-0.41130523,1.091096,1.1846384,0.5321231,0
0.79779123,3.7764628,0.40016284,1.8624102,-0.37786573,0.80940974,0
1.1722969,2.4582293,0.039510361,1.5088208,0.58658283,0.54735863,0
-0.78441482,-0.47019533,-0.59163147,-0.85955255,-0.37786573,-0.94572324,0
-0.78441482,-0.47019533,-0.59163147,-0.85955255,-0.37786573,-0.94572324,0
-0.26661117,-0.44807732,-0.18589744,-0.85955255,-0.37786573,-0.94572324,0
1.0334029,-0.44807732,-0.18589744,-0.85955255,-0.37786573,-0.94572324,0
0.035229228,-0.31979286,-0.36622367,0.77294998,-0.37786573,0.98309477,0
-0.78441482,-0.47019533,-0.59163147,-0.85955255,-0.37786573,-0.94572324,0
0.76391464,-0.15611958,-0.095734317,0.69489028,0.22104589,1.1963922,0
-0.33131545,-0.45250093,1.6624465,-0.85955255,-0.37786573,-0.94572324,0
-0.30014899,-0.42153571,3.150138,-0.85955255,-0.37786573,-0.94572324,0
0.46597005,0.25085183,0.12967348,1.4822384,-0.37786573,1.1080261,0
1.3553999,-0.44807732,-0.41130523,-0.85955255,-0.37786573,-0.94572324,0
0.63772435,0.96305179,-0.32114211,1.2400423,1.7515466,0.78198578,0
0.61299444,3.3208318,-0.36622367,1.3615623,-0.37786573,0.53517021,0
-0.78441482,-0.47019533,-0.59163147,-0.85955255,-0.37786573,-0.94572324,0
-0.089944765,-0.44365372,0.71573375,-0.85955255,-0.37786573,-0.94572324,0
-0.11806233,-0.4038413,0.039510361,0.91303549,-0.37786573,1.6351754,0
0.031841569,-0.16054318,-0.27606055,0.12357769,1.6326862,1.1750624,0
0.82641694,2.8917424,-0.45638679,-0.85955255,-0.37786573,-0.94572324,0
-0.39381776,-0.44807732,0.40016284,-0.85955255,-0.37786573,-0.94572324,0
0.14617505,-0.45250093,-0.41130523,0.97084186,-0.37786573,1.0562253,0
-0.78441482,-0.47019533,-0.59163147,-0.85955255,-0.37786573,-0.94572324,0
-0.78441482,-0.47019533,-0.59163147,-0.85955255,-0.37786573,-0.94572324,0
-0.78441482,-0.47019533,-0.59163147,-0.85955255,-0.37786573,-0.94572324,0
-0.78441482,-0.47019533,-0.59163147,-0.85955255,-0.37786573,-0.94572324,0
-0.78441482,-0.47019533,-0.59163147,-0.85955255,-0.37786573,-0.94572324,0
-0.1312742,-0.30652205,1.5272018,0.69024889,-0.37786573,1.1293559,0
1.2676595,5.0770019,-0.14081588,1.6873033,-0.37786573,0.62353628,0
0.23357665,-0.37287609,0.08459192,-0.85955255,-0.37786573,-0.94572324,0
0.58860329,2.9890616,0.58048907,0.49109118,-0.37786573,0.59915943,0
-0.78441482,-0.47019533,-0.59163147,-0.85955255,-0.37786573,-0.94572324,0
-0.061488431,-0.29767485,-0.32114211,-0.85955255,-0.37786573,-0.94572324,0
-0.03320148,-0.36402888,-0.32114211,-0.85955255,-0.37786573,-0.94572324,0
-0.78441482,-0.47019533,-0.59163147,-0.85955255,-0.37786573,-0.94572324,0
0.40160453,-0.032258713,0.53540751,1.1510121,0.57766006,1.3822656,0
0.1963124,-0.28440404,0.26491816,-0.85955255,-0.37786573,-0.94572324,0
0.36959115,-0.21805001,-0.095734317,0.26999236,2.7769399,1.248193,0
0.081470771,-0.38614689,-0.41130523,1.3071315,2.9247088,1.1963922,0
-0.78441482,-0.47019533,-0.59163147,-0.85955255,-0.37786573,-0.94572324,0
-0.78441482,-0.47019533,-0.59163147,-0.85955255,-0.37786573,-0.94572324,0
-0.78441482,-0.47019533,-0.59163147,-0.85955255,-0.37786573,-0.94572324,0
-0.78441482,-0.47019533,-0.59163147,-0.85955255,-0.37786573,-0.94572324,0
-0.78441482,-0.47019533,-0.59163147,-0.85955255,-0.37786573,-0.94572324,0
-0.78441482,-0.47019533,-0.59163147,-0.85955255,-0.37786573,-0.94572324,0
-0.78441482,-0.47019533,-0.59163147,-0.85955255,-0.37786573,-0.94572324,0
-0.11806233,-0.31536926,0.26491816,0.56239977,0.57400535,0.94957661,0
0.8457266,2.3210977,-0.45638679,-0.85955255,-0.37786573,-0.94572324,0
-0.78441482,-0.47019533,-0.59163147,-0.85955255,-0.37786573,-0.94572324,0
-0.092485509,-0.45250093,-0.18589744,-0.85955255,-0.37786573,-0.94572324,0
-0.23663039,-0.43038291,-0.0055711987,1.2075526,-0.37786573,0.52602889,0
1.3266048,1.0072878,-0.50146835,1.9522843,2.99428,1.0501311,0
-0.78441482,-0.47019533,-0.59163147,-0.85955255,-0.37786573,-0.94572324,0
0.48240019,0.46760834,-0.230979,-0.85955255,-0.37786573,-0.94572324,0
-0.78441482,-0.47019533,-0.59163147,-0.85955255,-0.37786573,-0.94572324,0
1.7637821,5.0283423,-0.095734317,1.2130379,0.41346148,0.51384047,0
-0.016601952,-0.31094565,0.62557063,2.1261254,-0.37786573,1.1384972,0
-0.31607099,-0.44807732,1.2116309,-0.85955255,-0.37786573,-0.94572324,0
-0.78441482,-0.47019533,-0.59163147,-0.85955255,-0.37786573,-0.94572324,0
-0.78441482,-0.47019533,-0.59163147,-0.85955255,-0.37786573,-0.94572324,0
-0.78441482,-0.47019533,-0.59163147,-0.85955255,-0.37786573,-0.94572324,0
0.32656789,-0.34191087,0.17475504,-0.85955255,-0.37786573,-0.94572324,0
0.020831678,-0.45250093,0.62557063,-0.85955255,-0.37786573,-0.94572324,0
0.3572262,0.14026177,-0.095734317,0.64425696,-0.37786573,0.73018498,0
-0.78441482,-0.47019533,-0.59163147,-0.85955255,-0.37786573,-0.94572324,0
1.125886,4.5284752,-0.27606055,-0.85955255,-0.37786573,-0.94572324,0
1.2322585,1.7327586,-0.36622367,0.99278296,-0.37786573,0.41023887,0
-0.22443482,-0.22689721,2.428833,2.1548176,-0.37786573,0.88254028,0
-0.24442201,-0.22689721,-0.095734317,0.066193263,-0.37786573,0.69361971,0
0.09925598,-0.080918338,1.301794,-0.85955255,-0.37786573,-0.94572324,0
-0.78441482,-0.47019533,-0.59163147,-0.85955255,-0.37786573,-0.94572324,0
-0.78441482,-0.43480652,3.6460351,-0.85955255,-0.37786573,-0.94572324,0
0.012701297,-0.43923012,-0.41130523,0.52484672,2.9410068,0.80026842,0
-0.78441482,-0.47019533,-0.59163147,-0.85955255,-0.37786573,-0.94572324,0
-0.041331861,-0.38614689,1.0313047,1.2619834,0.19378373,0.79417421,0
-0.78441482,-0.47019533,-0.59163147,-0.85955255,-0.37786573,-0.94572324,0
-0.080289937,-0.45250093,-0.095734317,1.1953162,-0.37786573,0.84597501,0
-0.044550137,-0.34633447,-0.230979,-0.85955255,-0.37786573,-0.94572324,0
0.72868299,2.3962989,-0.230979,0.77294998,-0.37786573,0.34015543,0
0.68159453,1.6619809,-0.32114211,0.033281607,-0.37786573,0.54735863,0
0.96344774,0.36144189,-0.41130523,0.26070959,-0.37786573,1.1293559,0
2.9135535,-0.45250093,-0.50146835,-0.85955255,-0.37786573,-0.94572324,0
0.18699634,-0.43923012,0.17475504,-0.85955255,-0.37786573,-0.94572324,0
-0.78441482,-0.47019533,-0.59163147,-0.85955255,-0.37786573,-0.94572324,0
-0.57031478,-0.43038291,1.6173649,0.49573257,0.42268057,0.6875255,0
-0.0018656358,-0.45250093,0.44524439,-0.85955255,-0.37786573,-0.94572324,0
-0.34469671,-0.16939038,0.58048907,0.60670392,0.73626134,1.0866964,0
-0.78441482,-0.47019533,-0.59163147,-0.85955255,-0.37786573,-0.94572324,0
-0.33555003,-0.45250093,-0.32114211,0.90375271,-0.37786573,1.0166129,0
-0.20563331,-0.45250093,0.12967348,0.56408754,-0.37786573,1.5589978,0
0.047763566,-0.43038291,0.85097843,0.90965993,-0.37786573,0.87949317,0
0.026590698,-0.13400156,1.3468756,0.25691209,1.6428601,0.73323209,0
0.38619068,0.74629528,0.12967348,0.11049742,-0.37786573,0.62048917,0
1.1560361,2.8386591,-0.36622367,0.84003912,-0.37786573,0.35843807,0
-0.78441482,-0.47019533,-0.59163147,-0.85955255,-0.37786573,-0.94572324,0
-0.78441482,-0.47019533,-0.59163147,-0.85955255,-0.37786573,-0.94572324,0
-0.78441482,-0.47019533,-0.59163147,-0.85955255,-0.37786573,-0.94572324,0
-0.11873986,-0.2136264,0.85097843,0.23075154,0.90595846,1.0806022,0
0.95531736,0.90996856,-0.18589744,0.95607381,-0.37786573,0.77893868,0
-0.78441482,-0.47019533,-0.59163147,-0.85955255,-0.37786573,-0.94572324,0
-0.02862814,-0.16939038,0.58048907,0.15142601,-0.37786573,1.1445914,0
-0.31319148,-0.38614689,-0.27606055,0.8493219,2.210328,0.9434824,0
-0.78441482,-0.47019533,-0.59163147,-0.85955255,-0.37786573,-0.94572324,0
-0.079781788,-0.31094565,0.26491816,0.045096048,-0.37786573,1.0866964,0
0.81947224,1.0824891,0.62557063,1.3522795,-0.37786573,0.97700056,0
-0.24797905,-0.42595931,1.2567125,-0.85955255,-0.37786573,-0.94572324,0
0.11958193,-0.067647531,0.26491816,0.96873213,0.51934932,1.2999938,0
-0.78441482,-0.47019533,-0.59163147,-0.85955255,-0.37786573,-0.94572324,0
0.038447504,-0.35075807,0.26491816,1.5261206,-0.37786573,0.8916816,0
-0.27050698,-0.4082649,0.44524439,0.46239897,-0.37786573,1.4706317,0
0.76882674,-0.44365372,0.17475504,-0.85955255,-0.37786573,-0.94572324,0
0.35604052,-0.11188355,0.62557063,0.017669668,0.3948916,0.83378658,0
-0.78441482,-0.47019533,-0.59163147,-0.85955255,-0.37786573,-0.94572324,0
-0.21291678,-0.43038291,0.85097843,0.71598749,0.29025492,1.132403,0
0.10433747,-0.34191087,-0.27606055,0.56450949,-0.37786573,0.98309477,0
-0.78441482,-0.47019533,-0.59163147,-0.85955255,-0.37786573,-0.94572324,0
-0.052680518,-0.44365372,-0.14081588,-0.85955255,-0.37786573,-0.94572324,0
-0.15380213,0.10487296,1.301794,-0.083175022,-0.37786573,0.74542051,0
-0.78441482,-0.47019533,-0.59163147,-0.85955255,-0.37786573,-0.94572324,0
-0.78441482,-0.47019533,-0.59163147,-0.85955255,-0.37786573,-0.94572324,0
0.63670805,1.7637238,2.6542408,1.2476373,-0.10188567,1.2268632,0
-0.78441482,-0.47019533,-0.59163147,-0.85955255,-0.37786573,-0.94572324,0
-0.10688306,-0.33748727,29.477769,0.40628037,-0.092205628,0.62353628,0
-0.78441482,-0.47019533,-0.59163147,-0.85955255,-0.37786573,-0.94572324,0
-0.78441482,-0.47019533,-0.59163147,-0.85955255,-0.37786573,-0.94572324,0
6.1902665,-0.41268851,-0.50146835,-0.85955255,-0.37786573,-0.94572324,0
-0.78441482,-0.47019533,-0.59163147,-0.85955255,-0.37786573,-0.94572324,0
-0.13008852,-0.35960528,-0.27606055,-0.85955255,-0.37786573,-0.94572324,0
0.22561565,-0.3994177,0.12967348,-0.85955255,-0.37786573,-0.94572324,0
0.26254113,0.24200463,0.49032595,1.2096623,0.56794709,0.82769237,0
-0.78441482,-0.47019533,-0.59163147,-0.85955255,-0.37786573,-0.94572324,0
1.2137957,4.0020665,0.08459192,1.8244352,0.41724789,0.8398808,0
-0.090114148,-0.11630716,3.6911167,0.47041591,-0.095794488,1.1537327,0
-0.060810899,-0.32864006,-0.230979,0.96620047,1.7771296,0.88863449,0
-0.24357509,-0.33748727,0.89605999,-0.088238353,-0.37786573,1.0105187,0
-0.78441482,-0.47019533,-0.59163147,-0.85955255,-0.37786573,-0.94572324,0
0.47291475,-0.058800326,-0.32114211,1.3168362,-0.37786573,1.1080261,0
-0.78441482,-0.47019533,-0.59163147,-0.85955255,-0.37786573,-0.94572324,0
-0.78441482,-0.47019533,-0.59163147,-0.85955255,-0.37786573,-0.94572324,0
-0.03726667,-0.37287609,-0.36622367,0.89067244,-0.37786573,1.1384972,0
-0.43396152,-0.45250093,-0.095734317,0.18391572,-0.37786573,0.61439496,0
-0.061488431,-0.28882764,-0.095734317,0.42484592,0.61071709,0.7911271,0
-0.029644438,-0.29325125,0.30999972,-0.85955255,-0.37786573,-0.94572324,0
-0.78441482,-0.47019533,-0.59163147,-0.85955255,-0.37786573,-0.94572324,0
-0.78441482,-0.47019533,-0.59163147,-0.85955255,-0.37786573,-0.94572324,0
-0.3983911,-0.45250093,0.2198366,0.36830539,-0.37786573,0.85511633,0
0.13228565,-0.023411508,0.40016284,0.69193667,-0.37786573,0.7393263,0
-0.32928286,-0.43038291,1.9329359,0.6560714,0.52850256,0.39805045,0
-0.78441482,-0.47019533,-0.59163147,-0.85955255,-0.37786573,-0.94572324,0
-0.033879011,-0.26228603,1.0313047,1.0649354,-0.37786573,1.7692481,0
1.844239,-0.45250093,-0.095734317,-0.85955255,-0.37786573,-0.94572324,0
-0.17107919,-0.17381398,-0.27606055,0.50712506,1.9465633,0.62353628,0
-0.78441482,-0.47019533,-0.59163147,-0.85955255,-0.37786573,-0.94572324,0
0.74833141,1.750453,0.12967348,1.7484852,-0.37786573,0.77284447,0
-0.094009955,-0.30652205,0.40016284,0.89278216,1.4043161,0.63877181,0
0.68142515,4.0463026,-0.0055711987,1.1282271,-0.37786573,0.44375703,0
-0.78441482,-0.47019533,-0.59163147,-0.85955255,-0.37786573,-0.94572324,0
-0.22782248,-0.45250093,0.44524439,1.2619834,-0.37786573,0.81855105,0
-0.78441482,-0.47019533,-0.59163147,-0.85955255,-0.37786573,-0.94572324,0
0.16480718,-0.0012934972,-0.36622367,1.0083949,-0.37786573,1.6199399,0
1.1309675,4.0463026,-0.095734317,0.51092256,0.51315936,0.24569515,0
0.29929723,-0.2047792,1.1214678,1.6172605,0.042096764,1.0227071,0
-0.78441482,-0.47019533,-0.59163147,-0.85955255,-0.37786573,-0.94572324,0
0.017105254,-0.18266119,0.80589687,1.4459511,-0.37786573,1.1080261,0
-0.78441482,-0.47019533,-0.59163147,-0.85955255,-0.37786573,-0.94572324,0
-0.21816765,-0.36845248,0.08459192,0.57801171,0.61252798,1.796672,0
3.6381738,-0.45250093,-0.54654991,-0.85955255,-0.37786573,-0.94572324,0
0.35451607,0.3968307,-0.14081588,0.50712506,2.168019,1.3182764,0
-0.19259083,-0.42153571,0.40016284,0.4303312,-0.37786573,1.4157838,0
0.4425952,0.029671718,0.80589687,0.3151404,0.25653939,1.3944541,0
2.0881505,4.1259274,-0.14081588,1.5569225,0.43048387,0.44985124,0
-0.037774819,-0.33306367,-0.18589744,0.18307184,-0.37786573,1.0074716,0
0.275753,-0.23132081,-0.230979,0.57716782,2.1703896,0.89777581,0
0.54642694,0.71533007,-0.095734317,0.15522351,-0.37786573,0.62658339,0
0.079268793,-0.23132081,0.44524439,0.66197862,0.18848275,1.1293559,0
-0.11365838,-0.3949941,-0.32114211,0.41471926,-0.37786573,1.3426533,0
0.091294981,-0.45250093,0.26491816,1.4109298,-0.37786573,0.83378658,0
-0.29760825,-0.35518168,-0.59163147,0.15311379,-0.37786573,0.57173548,0
-0.24814843,-0.27113323,-0.27606055,0.076319926,-0.37786573,0.90996423,0
-0.78441482,-0.47019533,-0.59163147,-0.85955255,-0.37786573,-0.94572324,0
1.7019574,-0.45250093,-0.50146835,-0.85955255,-0.37786573,-0.94572324,0
0.63975694,1.31694,0.30999972,0.28011903,0.13464985,0.4803223,0
0.84945302,0.61358721,-0.50146835,-0.85955255,-0.37786573,-0.94572324,0
0.052167522,-0.41711211,-0.18589744,-0.85955255,-0.37786573,-0.94572324,0
-0.78441482,-0.47019533,-0.59163147,-0.85955255,-0.37786573,-0.94572324,0
-0.78441482,-0.47019533,-0.59163147,-0.85955255,-0.37786573,-0.94572324,0
-0.78441482,-0.47019533,-0.59163147,-0.85955255,-0.37786573,-0.94572324,0
-0.78441482,-0.47019533,-0.59163147,-0.85955255,-0.37786573,-0.94572324,0
-0.43785732,-0.31979286,1.4370387,1.0484796,0.10488535,0.91605844,0
0.043528992,-0.45250093,-0.32114211,-0.85955255,-0.37786573,-0.94572324,0
-0.47020947,-0.43038291,0.58048907,0.55860227,0.90658404,0.61439496,0
0.50831578,0.48087915,0.44524439,-0.85955255,-0.37786573,-0.94572324,0
-0.17243426,-0.041105917,3.1050564,1.3434187,0.16885926,0.61134786,0
0.28506907,0.20219221,0.30999972,0.69995361,0.5409154,1.2360046,0
-0.78441482,-0.47019533,-0.59163147,-0.85955255,-0.37786573,-0.94572324,0
-0.78441482,-0.47019533,-0.59163147,-0.85955255,-0.37786573,-0.94572324,0
-0.78441482,-0.47019533,-0.59163147,-0.85955255,-0.37786573,-0.94572324,0
-0.13771075,-0.42153571,-0.36622367,-0.85955255,-0.37786573,-0.94572324,0
-0.5354219,-0.45250093,0.58048907,0.26872653,0.61647902,0.9434824,0
-0.78441482,-0.47019533,-0.59163147,-0.85955255,-0.37786573,-0.94572324,0
-0.78441482,-0.47019533,-0.59163147,-0.85955255,-0.37786573,-0.94572324,0
8.0534789,-0.42595931,-0.54654991,-0.85955255,-0.37786573,-0.94572324,0
0.84149202,1.6354393,-0.36622367,1.8873049,-0.37786573,1.3365591,0
-0.38043651,-0.34633447,0.26491816,0.16619406,1.0035491,1.1689682,0
0.80033197,-0.42153571,-0.50146835,-0.85955255,-0.37786573,-0.94572324,0
0.30641132,-0.094189144,0.08459192,0.81894191,1.0121426,1.4614904,0
0.098578448,-0.17381398,-0.18589744,-0.85955255,-0.37786573,-0.94572324,0
-0.78441482,-0.47019533,-0.59163147,-0.85955255,-0.37786573,-0.94572324,0
-0.78441482,-0.47019533,-0.59163147,-0.85955255,-0.37786573,-0.94572324,0
1.0735467,5.0637311,-0.050652758,1.4636728,-0.37786573,0.44375703,0
0.72885237,0.45433753,-0.230979,-0.85955255,-0.37786573,-0.94572324,0
-0.78441482,-0.47019533,-0.59163147,-0.85955255,-0.37786573,-0.94572324,0
0.15244222,-0.0057170995,-0.45638679,0.92189632,4.1331998,0.98614188,0
-0.78441482,-0.47019533,-0.59163147,-0.85955255,-0.37786573,-0.94572324,0
-0.020836525,-0.32421646,-0.27606055,0.73666277,2.726202,1.2756169,0
-0.78441482,-0.47019533,-0.59163147,-0.85955255,-0.37786573,-0.94572324,0
0.38449685,-0.072071133,-0.36622367,0.68307584,-0.37786573,0.8398808,0
-0.78441482,-0.47019533,-0.59163147,-0.85955255,-0.37786573,-0.94572324,0
0.19343289,-0.23574442,0.30999972,-0.85955255,-0.37786573,-0.94572324,0
0.182423,0.056213332,0.35508128,0.47421341,1.1983024,0.95871792,0
-0.78441482,-0.47019533,-0.59163147,-0.85955255,-0.37786573,-0.94572324,0
-0.78441482,-0.47019533,-0.59163147,-0.85955255,-0.37786573,-0.94572324,0
-0.089775382,-0.38614689,0.12967348,1.0096607,-0.37786573,1.2390517,0
-0.083000064,-0.24901522,2.023099,0.60586003,-0.095794488,1.2329575,0
-0.11196455,-0.36402888,-0.32114211,1.0067071,2.9760394,0.87644607,0
0.058265308,0.025248116,0.62557063,0.40248288,-0.37786573,0.46813388,0
-0.075547215,-0.34633447,1.3468756,1.0311799,1.3967762,1.104979,0
-0.78441482,-0.47019533,-0.59163147,-0.85955255,-0.37786573,-0.94572324,0
0.4793513,0.01197731,0.2198366,1.4311831,0.47114665,1.306088,0
-0.27169266,-0.43923012,0.44524439,0.46282091,0.37381939,0.98309477,0
-0.19242144,-0.076494735,1.2567125,-0.85955255,-0.37786573,-0.94572324,0
0.23577863,0.25969903,-0.14081588,-0.85955255,-0.37786573,-0.94572324,0
0.12906738,-0.15611958,0.35508128,-0.85955255,-0.37786573,-0.94572324,0
-0.16582832,-0.4038413,0.08459192,-0.85955255,-0.37786573,-0.94572324,0
-0.12585395,-0.28882764,0.08459192,1.2695784,1.6873422,1.1720153,0
-0.78441482,-0.47019533,-0.59163147,-0.85955255,-0.37786573,-0.94572324,0
-0.78441482,-0.47019533,-0.59163147,-0.85955255,-0.37786573,-0.94572324,0
0.35993632,0.85246174,-0.050652758,-0.85955255,-0.37786573,-0.94572324,0
0.5140748,1.6796754,-0.36622367,1.8970096,-0.37786573,1.0409898,0
-0.78441482,-0.47019533,-0.59163147,-0.85955255,-0.37786573,-0.94572324,0
0.069105816,0.48530275,0.85097843,-0.85955255,-0.37786573,-0.94572324,0
-0.78441482,-0.47019533,-0.59163147,-0.85955255,-0.37786573,-0.94572324,0
0.32402714,-0.11630716,0.30999972,-0.85955255,-0.37786573,-0.94572324,0
-0.78441482,-0.47019533,-0.59163147,-0.85955255,-0.37786573,-0.94572324,0
0.18530251,-0.32421646,0.039510361,1.4721117,-0.37786573,0.57173548,0
1.0515269,4.7983149,-0.14081588,1.7193711,-0.37786573,0.59306522,0
2.0115894,-0.43038291,-0.45638679,-0.85955255,-0.37786573,-0.94572324,0
-0.26711932,-0.39057049,0.17475504,-0.85955255,-0.37786573,-0.94572324,0
-0.10197095,-0.35518168,0.53540751,1.0725304,-0.37786573,1.3944541,0
-0.78441482,-0.47019533,-0.59163147,-0.85955255,-0.37786573,-0.94572324,0
0.55557362,-0.42595931,-0.41130523,-0.85955255,-0.37786573,-0.94572324,0
0.34401433,-0.041105917,0.2198366,1.2252743,0.33177375,1.278664,0
-0.28270255,-0.44807732,-0.32114211,0.7636672,-0.37786573,0.48641652,0
-0.78441482,-0.47019533,-0.59163147,-0.85955255,-0.37786573,-0.94572324,0
0.097731533,0.034095321,-0.14081588,0.39952927,-0.37786573,1.0714608,0
-0.1014628,-0.42595931,-0.32114211,-0.85955255,-0.37786573,-0.94572324,0
0.43514235,0.30835866,-0.0055711987,0.98434407,-0.37786573,1.1872509,0
-0.78441482,-0.47019533,-0.59163147,-0.85955255,-0.37786573,-0.94572324,0
-0.36553081,-0.43480652,0.44524439,0.56282171,0.48622644,1.104979,0
0.64280584,0.43221952,-0.36622367,-0.85955255,-0.37786573,-0.94572324,0
-0.25678696,-0.37729969,6.2607655,-0.85955255,-0.37786573,-0.94572324,0
-0.78441482,-0.47019533,-0.59163147,-0.85955255,-0.37786573,-0.94572324,0
0.2539026,0.5870456,-0.14081588,0.96029325,-0.37786573,1.1141203,0
-0.78441482,-0.47019533,-0.59163147,-0.85955255,-0.37786573,-0.94572324,0
-0.78441482,-0.45250093,-0.59163147,-0.85955255,-0.37786573,-0.94572324,0
-0.046074583,0.37471269,0.08459192,0.6674639,-0.37786573,1.2055335,0
-0.78441482,-0.47019533,-0.59163147,-0.85955255,-0.37786573,-0.94572324,0
0.47020462,-0.14727237,-0.095734317,1.3695792,0.37414864,1.1963922,0
-0.30539986,-0.44807732,-0.18589744,-0.85955255,-0.37786573,-0.94572324,0
-0.78441482,-0.47019533,-0.59163147,-0.85955255,-0.37786573,-0.94572324,0
0.82201299,0.065060536,-0.45638679,0.76662081,2.9291866,0.75151473,0
-0.40686025,-0.41268851,1.1214678,0.64214724,-0.37786573,0.98004767,0
-0.1333068,-0.31094565,-0.095734317,0.80797135,0.79177344,1.0166129,0
0.5726813,-0.11188355,0.12967348,-0.85955255,-0.37786573,-0.94572324,0
1.45144,2.8076939,-0.45638679,1.568315,-0.37786573,0.77893868,0
-0.48782529,-0.43923012,0.49032595,-0.85955255,-0.37786573,-0.94572324,0
-0.21816765,-0.43923012,0.40016284,-0.85955255,-0.37786573,-0.94572324,0
0.22544627,-0.18266119,0.35508128,0.9636688,0.77623269,1.2878054,0
-0.78441482,-0.47019533,-0.59163147,-0.85955255,-0.37786573,-0.94572324,0
-0.78441482,-0.47019533,-0.59163147,-0.85955255,-0.37786573,-0.94572324,0
-0.18259723,-0.45250093,-0.36622367,-0.85955255,-0.37786573,-0.94572324,0
-0.35079449,-0.35960528,-0.050652758,0.35564706,1.2283961,1.0044245,0
0.49476515,5.0858491,-0.41130523,-0.85955255,-0.37786573,-0.94572324,0
0.17835781,-0.24459162,-0.18589744,1.4932089,-0.37786573,1.0775551,0
-0.045566434,-0.32864006,0.80589687,0.84721217,0.52962202,1.2817111,0
-0.78441482,-0.47019533,-0.59163147,-0.85955255,-0.37786573,-0.94572324,0
-0.28727589,-0.43923012,-0.36622367,0.46408674,-0.37786573,1.7936249,0
1.2027858,0.34817108,-0.27606055,1.242574,0.91102896,0.87339896,0
-0.78441482,-0.47019533,-0.59163147,-0.85955255,-0.37786573,-0.94572324,0
-0.78441482,-0.47019533,-0.59163147,-0.85955255,-0.37786573,-0.94572324,0
0.15311975,0.069484139,0.30999972,0.56197782,0.29795945,1.1598269,0
0.81676211,-0.058800326,-0.18589744,1.394052,1.2653713,1.4005483,0
-0.26186845,-0.43923012,-0.230979,0.50796895,1.4954864,1.4736788,0
-0.13110482,-0.37729969,0.30999972,0.73539693,-0.37786573,1.1720153,0
-0.44835907,-0.45250093,1.8427727,-0.85955255,-0.37786573,-0.94572324,0
-0.56438638,-0.41711211,3.6009535,0.17547684,0.17350173,0.9465295,0
-0.22477359,-0.45250093,0.26491816,-0.85955255,-0.37786573,-0.94572324,0
-0.22968569,0.042942525,-0.095734317,-0.19709998,1.2748208,1.1384972,0
0.99037963,4.7673497,0.35508128,1.4910992,-0.37786573,0.86730475,0
0.28811796,-0.10745995,-0.14081588,0.29741874,-0.37786573,1.0531782,0
-0.78441482,-0.47019533,-0.59163147,-0.85955255,-0.37786573,-0.94572324,0
0.84064511,3.9401361,0.2198366,-0.85955255,-0.37786573,-0.94572324,0
0.2469579,0.05178973,0.08459192,0.9674663,-0.37786573,0.94957661,0
0.16311335,-0.45250093,-0.36622367,-0.85955255,-0.37786573,-0.94572324,0
1.4026577,3.2279361,-0.45638679,1.8041819,-0.37786573,0.61439496,0
0.31979257,-0.058800326,0.12967348,0.55649255,-0.37786573,1.2695227,0
-0.78441482,-0.47019533,-0.59163147,-0.85955255,-0.37786573,-0.94572324,0
-0.10569738,-0.42595931,-0.0055711987,0.59573337,0.69599367,0.90387002,0
0.079776941,-0.31979286,0.08459192,-0.85955255,-0.37786573,-0.94572324,0
0.091633747,-0.036682315,1.0313047,1.2062868,0.029782693,1.4432078,0
0.60486406,0.54723318,1.2116309,0.77759136,-0.37786573,1.2024864,0
-0.091638594,-0.33748727,0.76081531,0.76113554,-0.37786573,1.0562253,0
-0.15871424,-0.023411508,1.8427727,1.7826627,0.098069813,1.0348956,0
0.090109301,-0.24901522,-0.050652758,0.69235861,-0.37786573,1.1598269,0
-0.15837547,-0.036682315,0.89605999,-0.85955255,-0.37786573,-0.94572324,0
0.31369478,-0.24016802,0.76081531,1.000378,0.0068995937,0.9952832,0
-0.23425903,-0.44807732,-0.050652758,-0.85955255,-0.37786573,-0.94572324,0
-0.34740683,-0.36845248,1.5722834,0.7788572,0.078775573,1.0897435,0
-0.78441482,-0.47019533,-0.59163147,-0.85955255,-0.37786573,-0.94572324,0
-0.26508673,-0.44807732,0.30999972,0.30754541,0.47565741,1.0592724,0
7.5946205,-0.42153571,-0.54654991,-0.85955255,-0.37786573,-0.94572324,0
-0.24967288,-0.45250093,0.26491816,-0.85955255,-0.37786573,-0.94572324,0
0.45987226,0.56050399,0.67065219,-0.85955255,-0.37786573,-0.94572324,0
-0.78441482,-0.47019533,-0.59163147,-0.85955255,-0.37786573,-0.94572324,0
0.43260161,1.5912033,-0.27606055,0.80164219,0.85031466,0.57478259,0
1.5806792,1.0294058,-0.14081588,0.90206493,-0.37786573,0.77589157,0
-0.78441482,-0.47019533,-0.59163147,-0.85955255,-0.37786573,-0.94572324,0
-0.78441482,-0.47019533,-0.59163147,-0.85955255,-0.37786573,-0.94572324,0
0.10569253,0.42779592,0.44524439,-0.85955255,-0.37786573,-0.94572324,0
-0.071312641,-0.38614689,-0.0055711987,1.5628297,-0.37786573,0.98614188,0
-0.14533299,-0.37287609,0.039510361,0.83581968,0.61908012,1.4462549,0
4.4603585,-0.43923012,-0.45638679,-0.85955255,-0.37786573,-0.94572324,0
0.029978357,-0.17823759,-0.18589744,0.85438523,-0.37786573,0.92519976,0
-0.049292859,-0.41711211,0.12967348,0.92231826,0.38922844,1.1933451,0
0.011854382,-0.39057049,-0.18589744,0.80586163,-0.37786573,1.2756169,0
-0.15058386,-0.43480652,-0.230979,-0.85955255,-0.37786573,-0.94572324,0
-0.78441482,-0.47019533,-0.59163147,-0.85955255,-0.37786573,-0.94572324,0
-0.78441482,-0.47019533,-0.59163147,-0.85955255,-0.37786573,-0.94572324,0
-0.78441482,-0.47019533,-0.59163147,-0.85955255,-0.37786573,-0.94572324,0
0.63298162,0.57377479,0.40016284,0.21302988,0.87326361,0.77589157,0
-0.30184282,-0.36402888,3.150138,0.31134291,0.23579644,1.1537327,0
0.8179478,0.23315742,0.26491816,0.96577852,-0.37786573,1.0257543,0
0.56658351,0.042942525,-0.18589744,1.8024941,-0.37786573,1.0257543,0
0.055385798,-0.45250093,-0.41130523,0.88349938,-0.37786573,1.4249251,0
-0.78441482,-0.47019533,-0.59163147,-0.85955255,-0.37786573,-0.94572324,0
-0.78441482,-0.47019533,-0.59163147,-0.85955255,-0.37786573,-0.94572324,0
-0.018126398,-0.29325125,-0.230979,-0.26334524,-0.37786573,1.4432078,0
-0.3994074,-0.43923012,-0.36622367,0.63581808,-0.37786573,0.89777581,0
-0.20241504,-0.15169597,1.3919571,1.856503,0.40157544,1.0257543,0
5.8928301,-0.44365372,-0.54654991,-0.85955255,-0.37786573,-0.94572324,0
-0.78441482,-0.47019533,-0.59163147,-0.85955255,-0.37786573,-0.94572324,0
0.56980179,-0.0012934972,0.039510361,0.46661841,0.24778126,0.91910555,0
0.40516157,-0.4082649,-0.45638679,-0.85955255,-0.37786573,-0.94572324,0
-0.78441482,-0.47019533,-0.59163147,-0.85955255,-0.37786573,-0.94572324,0
-0.25085856,-0.34191087,-0.095734317,0.29573097,-0.37786573,1.5163383,0
-0.00034118932,-0.24901522,0.039510361,-0.85955255,-0.37786573,-0.94572324,0
-0.23137952,-0.39057049,0.71573375,0.10965353,0.76721115,0.8947287,0
-0.15989992,-0.30652205,0.2198366,-0.24056025,1.3557842,0.95262371,0
-0.78441482,-0.47019533,-0.59163147,-0.85955255,-0.37786573,-0.94572324,0
-0.44293881,-0.44365372,-0.0055711987,0.86324606,1.8978997,0.9952832,0
-0.78441482,-0.47019533,-0.59163147,-0.85955255,-0.37786573,-0.94572324,0
-0.78441482,-0.47019533,-0.59163147,-0.85955255,-0.37786573,-0.94572324,0
-0.78441482,-0.47019533,-0.59163147,-0.85955255,-0.37786573,-0.94572324,0
-0.2752497,-0.44365372,0.08459192,1.0742182,0.84807574,0.73323209,0
0.33571456,-0.15611958,0.2198366,1.1872993,0.16885926,1.3517946,0
-0.026595545,-0.089765542,1.0763862,0.10248047,0.44526734,0.8429279,0
-0.33538065,-0.44365372,-0.18589744,0.68982695,-0.37786573,1.2938996,0
0.02726823,-0.14727237,-0.27606055,0.082649091,2.8381152,1.0592724,0
0.064024328,0.047366127,-0.32114211,1.0784377,-0.37786573,1.3883599,0
-0.78441482,-0.47019533,-0.59163147,-0.85955255,-0.37786573,-0.94572324,0
0.48002883,0.14468538,-0.230979,1.1860335,-0.37786573,1.2664756,0
0.36874424,0.83476733,-0.41130523,-0.85955255,-0.37786573,-0.94572324,0
-0.026595545,-0.42153571,-0.45638679,1.3143045,-0.37786573,1.738777,0
0.29015055,0.17122699,-0.14081588,0.33750345,-0.37786573,0.74542051,0
-0.32132186,-0.37287609,1.4370387,-0.85955255,-0.37786573,-0.94572324,0
0.37721338,0.46318474,0.40016284,1.3307603,0.53525225,0.97700056,0
0.47664117,2.8032703,-0.32114211,0.63539613,-0.37786573,0.36453228,0
0.27253473,0.10487296,0.98622311,-0.85955255,-0.37786573,-0.94572324,0
-0.78441482,-0.47019533,-0.59163147,-0.85955255,-0.37786573,-0.94572324,0
-0.078765491,-0.38172329,-0.27606055,1.1071299,-0.37786573,1.3761714,0
0.22239738,0.025248116,0.08459192,0.57590199,-0.37786573,1.0958377,0
-0.14143718,-0.35075807,0.08459192,-0.85955255,-0.37786573,-0.94572324,0
0.1407548,-0.32421646,-0.230979,0.96662241,-0.37786573,1.2116277,0
-0.3248789,-0.43038291,-0.050652758,0.68391973,1.9018507,1.0866964,0
-0.12483765,-0.3994177,-0.230979,1.8742246,1.2875959,0.49251073,0
0.36874424,-0.30652205,0.12967348,0.78603025,0.34843397,1.2908525,0
-0.19394589,-0.38172329,1.5272018,1.4835042,-0.010649603,0.79722131,0
2.1526854,-0.42153571,-0.50146835,-0.85955255,-0.37786573,-0.94572324,0
0.56726104,0.087178548,0.30999972,1.0189435,-0.37786573,1.3822656,0
-0.17361994,-0.31094565,1.2116309,0.88096772,0.1659289,1.2878054,0
0.48172266,-0.014564304,0.039510361,0.28096291,-0.37786573,0.95871792,0
-0.78441482,-0.47019533,-0.59163147,-0.85955255,-0.37786573,-0.94572324,0
0.22256676,-0.19150839,-0.095734317,0.95396408,-0.37786573,1.2024864,0
0.053522586,-0.45250093,-0.27606055,0.47716702,3.8514908,0.97395345,0
-0.78441482,-0.47019533,-0.59163147,-0.85955255,-0.37786573,-0.94572324,0
0.041835163,-0.27555684,-0.27606055,-0.85955255,-0.37786573,-0.94572324,0
1.1775478,2.7413399,-0.050652758,1.4873017,0.5483236,0.92519976,0
0.0069422771,-0.29325125,-0.0055711987,0.97970269,1.2141066,1.2573343,0
-0.32013618,-0.4038413,0.76081531,0.55818032,0.41948681,1.1842038,0
0.058265308,-0.2136264,0.17475504,1.1797043,0.53034638,1.2116277,0
-0.37112045,-0.45250093,0.53540751,-0.85955255,-0.37786573,-0.94572324,0
-0.78441482,-0.47019533,-0.59163147,-0.85955255,-0.37786573,-0.94572324,0
-0.78441482,-0.47019533,-0.59163147,-0.85955255,-0.37786573,-0.94572324,0
-0.13804952,-0.41268851,-0.36622367,-0.85955255,-0.37786573,-0.94572324,0
0.65025868,0.16680339,0.35508128,1.8058696,-0.37786573,1.2360046,0
13.789632,-0.32864006,-0.54654991,-0.85955255,-0.37786573,-0.94572324,0
-0.78441482,-0.47019533,-0.59163147,-0.85955255,-0.37786573,-0.94572324,0
-0.78441482,-0.47019533,-0.59163147,-0.85955255,-0.37786573,-0.94572324,0
0.47782685,-0.24459162,0.89605999,2.6586191,-0.37786573,1.1567798,0
0.096207087,-0.036682315,0.76081531,-0.85955255,-0.37786573,-0.94572324,0
0.62112482,0.82592012,-0.27606055,1.3556551,-0.37786573,0.98918898,0
1.2779919,1.6708281,-0.14081588,1.7999624,-0.37786573,0.29444885,0
-0.28693712,-0.43923012,0.2198366,0.39488788,0.48151812,0.81245684,0
0.18852079,-0.45250093,0.2198366,0.91852076,-0.37786573,1.5011028,0
-0.21088418,-0.45250093,-0.27606055,-0.85955255,-0.37786573,-0.94572324,0
0.44513594,-0.45250093,-0.36622367,-0.85955255,-0.37786573,-0.94572324,0
0.001522023,-0.45250093,-0.36622367,1.0822352,-0.37786573,1.2451459,0
-0.78441482,-0.47019533,-0.59163147,-0.85955255,-0.37786573,-0.94572324,0
0.83996758,5.0371895,-0.41130523,-0.85955255,-0.37786573,-0.94572324,0
-0.78441482,-0.47019533,-0.59163147,-0.85955255,-0.37786573,-0.94572324,0
-0.78441482,-0.47019533,-0.59163147,-0.85955255,-0.37786573,-0.94572324,0
-0.78441482,-0.47019533,-0.59163147,-0.85955255,-0.37786573,-0.94572324,0
0.39584551,0.87015614,-0.230979,-0.85955255,-0.37786573,-0.94572324,0
-0.78441482,-0.47019533,-0.59163147,-0.85955255,-0.37786573,-0.94572324,0
1.2254831,0.65339963,-0.230979,0.79362525,-0.37786573,0.85511633,0
-0.78441482,-0.47019533,-0.59163147,-0.85955255,-0.37786573,-0.94572324,0
0.24729667,-0.22689721,0.53540751,0.75100887,0.32986409,1.3274177,0
0.1199207,-0.11630716,0.30999972,0.90628438,-0.37786573,1.1598269,0
0.20766106,-0.44807732,0.12967348,1.0493235,-0.37786573,0.95567082,0
-0.25577066,-0.35518168,1.7075281,0.84130495,0.13655951,0.91301134,0
-0.78441482,-0.47019533,-0.59163147,-0.85955255,-0.37786573,-0.94572324,0
-0.78441482,-0.47019533,-0.59163147,-0.85955255,-0.37786573,-0.94572324,0
-0.19513157,-0.45250093,0.2198366,0.49531062,1.1818727,1.1263087,0
-0.78441482,-0.47019533,-0.59163147,-0.85955255,-0.37786573,-0.94572324,0
0.45021743,0.55608039,0.08459192,-0.85955255,-0.37786573,-0.94572324,0
-0.78441482,-0.47019533,-0.59163147,-0.85955255,-0.37786573,-0.94572324,0
-0.50628803,-0.35960528,3.7361982,0.43919203,0.5962958,0.6875255,0
-0.78441482,-0.47019533,-0.59163147,-0.85955255,-0.37786573,-0.94572324,0
-0.78441482,-0.47019533,-0.59163147,-0.85955255,-0.37786573,-0.94572324,0
-0.78441482,-0.47019533,-0.59163147,-0.85955255,-0.37786573,-0.94572324,0
-0.10959319,-0.041105917,-0.050652758,0.43455064,-0.37786573,1.2969467,0
-0.78441482,-0.47019533,-0.59163147,-0.85955255,-0.37786573,-0.94572324,0
0.59402355,2.462653,-0.0055711987,0.96113714,-0.37786573,0.5839239,0
0.78271614,0.62685802,-0.14081588,1.2552323,1.2214818,0.53821731,0
-0.174975,-0.28882764,-0.0055711987,0.69404639,1.5178097,1.0592724,0
-0.78441482,-0.47019533,-0.59163147,-0.85955255,-0.37786573,-0.94572324,0
0.44208705,1.5336965,-0.230979,0.67590279,-0.37786573,0.64791313,0
-0.29049417,-0.29325125,0.40016284,-0.85955255,-0.37786573,-0.94572324,0
-0.78441482,-0.47019533,-0.59163147,-0.85955255,-0.37786573,-0.94572324,0
0.12838985,0.60916361,0.80589687,0.53455144,-0.37786573,0.92824687,0
-0.78441482,-0.47019533,-0.59163147,-0.85955255,-0.37786573,-0.94572324,0
-0.78441482,-0.47019533,-0.59163147,-0.85955255,-0.37786573,-0.94572324,0
-0.78441482,-0.47019533,-0.59163147,-0.85955255,-0.37786573,-0.94572324,0
-0.78441482,-0.47019533,-0.59163147,-0.85955255,-0.37786573,-0.94572324,0
-0.10908504,-0.29767485,0.2198366,1.3202117,0.6960266,1.3213235,0
-0.22121654,-0.37729969,0.71573375,0.84425856,0.30056055,1.0562253,0
-0.78441482,-0.47019533,-0.59163147,-0.85955255,-0.37786573,-0.94572324,0
-0.1461799,-0.31094565,0.71573375,-0.85955255,-0.37786573,-0.94572324,0
0.55913066,0.14026177,0.58048907,-0.85955255,-0.37786573,-0.94572324,0
-0.47952553,-0.43923012,1.1665493,-0.85955255,-0.37786573,-0.94572324,0
0.78305491,-0.45250093,0.53540751,-0.85955255,-0.37786573,-0.94572324,0
-0.78441482,-0.47019533,-0.59163147,-0.85955255,-0.37786573,-0.94572324,0
-0.78441482,-0.47019533,-0.59163147,-0.85955255,-0.37786573,-0.94572324,0
-0.019650845,-0.35518168,-0.27606055,1.4105078,-0.37786573,0.91605844,0
-0.15024509,-0.17381398,1.7526096,0.49193507,-0.030108469,1.104979,0
-0.78441482,-0.47019533,-0.59163147,-0.85955255,-0.37786573,-0.94572324,0
0.043698375,-0.38172329,-0.0055711987,0.45902341,0.65523213,1.3578888,0
1.5940604,5.0327659,-0.27606055,-0.85955255,-0.37786573,-0.94572324,0
-0.78441482,-0.47019533,-0.59163147,-0.85955255,-0.37786573,-0.94572324,0
-0.18530736,-0.33748727,0.40016284,0.13581407,0.17396268,1.3670301,0
0.30844391,0.047366127,0.40016284,-0.85955255,-0.37786573,-0.94572324,0
1.439922,3.0731101,-0.18589744,2.1261254,0.24429117,0.3249199,0
-0.14550237,-0.2047792,0.49032595,0.44383342,0.32808612,1.391407,0
0.27033275,-0.45250093,-0.27606055,-0.85955255,-0.37786573,-0.94572324,0
-0.30777123,-0.45250093,0.30999972,-0.85955255,-0.37786573,-0.94572324,0
-0.27880674,-0.43480652,1.1665493,1.659033,0.26888639,0.14209355,0
0.11179032,-0.37287609,-0.0055711987,-0.85955255,-0.37786573,-0.94572324,0
0.13787529,-0.24459162,-0.0055711987,1.2083965,-0.37786573,1.1781095,0
0.58606255,0.1844978,-0.230979,1.6856155,-0.37786573,1.363983,0
-0.78441482,-0.47019533,-0.59163147,-0.85955255,-0.37786573,-0.94572324,0
-0.00017180638,-0.16054318,-0.18589744,0.64721057,-0.37786573,1.2969467,0
0.392966,1.0028642,-0.0055711987,-0.85955255,-0.37786573,-0.94572324,0
-0.78441482,-0.47019533,-0.59163147,-0.85955255,-0.37786573,-0.94572324,0
-0.78441482,-0.47019533,-0.59163147,-0.85955255,-0.37786573,-0.94572324,0
0.15176469,-0.26670963,-0.095734317,0.6932025,-0.37786573,1.1263087,0
0.5438862,0.65339963,0.039510361,0.28687014,-0.37786573,1.1232616,0
-0.78441482,-0.47019533,-0.59163147,-0.85955255,-0.37786573,-0.94572324,0
-0.072328939,-0.24901522,0.039510361,1.2341351,-0.37786573,1.0288014,0
0.41871221,-0.29767485,-0.230979,-0.85955255,-0.37786573,-0.94572324,0
0.94684821,4.1613162,-0.41130523,0.83708551,1.5038494,0.41633308,0
0.022356125,0.40125431,0.71573375,0.69615611,0.93170606,0.91605844,0
0.95379291,0.63570523,-0.27606055,0.82147357,0.7776814,0.85206922,0
-0.13838829,-0.010140702,1.0313047,0.065771319,-0.37786573,1.1750624,0
-0.78441482,-0.47019533,-0.59163147,-0.85955255,-0.37786573,-0.94572324,0
-0.37366119,-0.3949941,3.1050564,1.1050201,0.3980195,0.59915943,0
-0.072328939,-0.45250093,-0.32114211,-0.85955255,-0.37786573,-0.94572324,0
-0.20749653,-0.45250093,-0.32114211,0.99404879,2.0977893,0.88863449,0
-0.78441482,-0.47019533,-0.59163147,-0.85955255,-0.37786573,-0.94572324,0
0.69514516,-0.30209845,-0.36622367,-0.85955255,-0.37786573,-0.94572324,0
0.18970647,-0.33306367,-0.0055711987,0.73877249,0.5862865,1.2238161,0
0.024896869,-0.43480652,-0.36622367,1.0159899,2.0590033,0.88558738,0
-0.78441482,-0.47019533,-0.59163147,-0.85955255,-0.37786573,-0.94572324,0
0.71547112,2.6130554,0.58048907,0.18349378,-0.37786573,0.30663727,0
-0.30116529,-0.43480652,1.0313047,0.66282251,0.21594247,0.76675026,0
-0.18801749,-0.3994177,-0.095734317,0.70670472,-0.37786573,1.0745079,0
-0.78441482,-0.47019533,-0.59163147,-0.85955255,-0.37786573,-0.94572324,0
0.32470467,0.72860087,0.2198366,0.46661841,-0.37786573,0.94043529,0
0.052336905,-0.29767485,-0.0055711987,0.88223355,1.1114454,1.3517946,0
-0.14313101,-0.41268851,-0.32114211,0.21978099,-0.37786573,1.4706317,0
1.4656682,1.6487101,-0.230979,1.1493243,0.67679821,0.90387002,0
-0.78441482,-0.47019533,-0.59163147,-0.85955255,-0.37786573,-0.94572324,0
-0.78441482,-0.47019533,-0.59163147,-0.85955255,-0.37786573,-0.94572324,0
2.243644,-0.44365372,-0.27606055,-0.85955255,-0.37786573,-0.94572324,0
0.30437872,-0.45250093,-0.0055711987,1.2396204,-0.37786573,0.9434824,0
-0.78441482,-0.47019533,-0.59163147,-0.85955255,-0.37786573,-0.94572324,0
0.13753652,0.36144189,-0.32114211,0.088978256,-0.37786573,0.45899256,0
-0.78441482,-0.47019533,-0.59163147,-0.85955255,-0.37786573,-0.94572324,0
-0.78441482,-0.47019533,-0.59163147,-0.85955255,-0.37786573,-0.94572324,0
-0.78441482,-0.47019533,-0.59163147,-0.85955255,-0.37786573,-0.94572324,0
0.061314201,-0.32864006,0.08459192,0.82949051,-0.37786573,1.0684137,0
-0.78441482,-0.47019533,-0.59163147,-0.85955255,-0.37786573,-0.94572324,0
0.1963124,-0.094189144,0.85097843,-0.85955255,-0.37786573,-0.94572324,0
-0.32403199,-0.45250093,0.30999972,0.27632153,-0.37786573,0.84902211,0
0.18157609,0.193345,-0.45638679,0.34003512,1.7706104,0.69057261,0
-0.78441482,-0.47019533,-0.59163147,-0.85955255,-0.37786573,-0.94572324,0
-0.11128702,-0.42153571,-0.36622367,-0.85955255,-0.37786573,-0.94572324,0
-0.78441482,-0.47019533,-0.59163147,-0.85955255,-0.37786573,-0.94572324,0
0.62620631,0.056213332,-0.050652758,-0.85955255,-0.37786573,-0.94572324,0
0.20037759,0.45876114,-0.14081588,-0.85955255,-0.37786573,-0.94572324,0
-0.78441482,-0.47019533,-0.59163147,-0.85955255,-0.37786573,-0.94572324,0
-0.78441482,-0.47019533,-0.59163147,-0.85955255,-0.37786573,-0.94572324,0
-0.78441482,-0.47019533,-0.59163147,-0.85955255,-0.37786573,-0.94572324,0
0.44835422,0.21546301,-0.36622367,-0.85955255,-0.37786573,-0.94572324,0
0.20241019,-0.072071133,-0.0055711987,1.0919399,0.78871138,1.1689682,0
-0.78441482,-0.47019533,-0.59163147,-0.85955255,-0.37786573,-0.94572324,0
1.329823,2.7015275,-0.32114211,1.7223247,-0.37786573,1.0044245,0
3.2069248,-0.44365372,-0.54654991,-0.85955255,-0.37786573,-0.94572324,0
0.018290934,-0.4038413,-0.27606055,0.2894018,2.263239,1.3426533,0
1.1230065,2.0291399,-0.14081588,-0.85955255,-0.37786573,-0.94572324,0
-0.31234457,-0.43038291,1.5722834,0.34805206,-0.37786573,1.1019319,0
0.46021103,-0.45250093,-0.230979,-0.85955255,-0.37786573,-0.94572324,0
-0.19191329,-0.35518168,0.98622311,0.10416825,-0.37786573,0.95567082,0
-0.78441482,-0.47019533,-0.59163147,-0.85955255,-0.37786573,-0.94572324,0
-0.49019665,-0.44807732,2.428833,0.28687014,0.81541382,0.26093068,0
-0.34401918,-0.43480652,-0.095734317,-0.85955255,-0.37786573,-0.94572324,0
0.22138108,0.22873382,0.08459192,0.13834574,2.5096192,0.79417421,0
0.1417711,-0.25343882,0.58048907,-0.85955255,-0.37786573,-0.94572324,0
2.2832796,-0.45250093,-0.50146835,-0.85955255,-0.37786573,-0.94572324,0
1.2852753,3.050992,-0.36622367,0.6455228,-0.37786573,1.0866964,0
-0.78441482,-0.47019533,-0.59163147,-0.85955255,-0.37786573,-0.94572324,0
-0.13788014,-0.45250093,-0.41130523,0.87337272,-0.37786573,1.0166129,0
0.21900972,-0.35960528,-0.18589744,0.90501854,-0.37786573,1.3426533,0
-0.11162578,-0.24016802,0.35508128,-0.85955255,-0.37786573,-0.94572324,0
-0.19360712,-0.44365372,-0.41130523,0.52569061,2.6224214,1.7204944,0
1.8552489,4.196705,-0.32114211,-0.85955255,-0.37786573,-0.94572324,0
-0.78441482,-0.47019533,-0.59163147,-0.85955255,-0.37786573,-0.94572324,0
-0.78441482,-0.47019533,-0.59163147,-0.85955255,-0.37786573,-0.94572324,0
0.14736073,-0.032258713,0.58048907,-0.41946463,-0.37786573,1.2055335,0
-0.78441482,-0.47019533,-0.59163147,-0.85955255,-0.37786573,-0.94572324,0
-0.78441482,-0.47019533,-0.59163147,-0.85955255,-0.37786573,-0.94572324,0
-0.11586035,-0.29767485,0.17475504,-0.85955255,-0.37786573,-0.94572324,0
0.14939333,0.27296984,0.85097843,1.4290734,0.11433492,1.2299103,0
-0.12348259,-0.33306367,-0.27606055,0.84383662,-0.37786573,1.4889143,0
-0.08621834,-0.27555684,0.35508128,0.9636688,0.23194418,1.8149547,0
-0.092316126,-0.26670963,-0.36622367,-0.85955255,-0.37786573,-0.94572324,0
-0.78441482,-0.47019533,-0.59163147,-0.85955255,-0.37786573,-0.94572324,0
-0.78441482,-0.47019533,-0.59163147,-0.85955255,-0.37786573,-0.94572324,0
-0.15109201,-0.29767485,1.0313047,0.048893546,0.33062137,1.1811567,0
-0.78441482,-0.47019533,-0.59163147,-0.85955255,-0.37786573,-0.94572324,0
0.21562206,-0.2047792,0.53540751,1.69743,-0.37786573,1.4310193,0
0.079438176,-0.45250093,0.17475504,0.51767367,-0.37786573,1.0531782,0
0.69040244,0.51184436,0.49032595,0.90122105,0.64189737,0.80636263,0
0.25068433,-0.45250093,-0.0055711987,-0.85955255,-0.37786573,-0.94572324,0
-0.78441482,-0.47019533,-0.59163147,-0.85955255,-0.37786573,-0.94572324,0
1.2771449,-0.43923012,-0.41130523,-0.85955255,-0.37786573,-0.94572324,0
0.098070299,-0.08534194,-0.18589744,-0.85955255,-0.37786573,-0.94572324,0
-0.78441482,-0.47019533,-0.59163147,-0.85955255,-0.37786573,-0.94572324,0
-0.082491915,-0.36402888,-0.050652758,0.63624002,1.1123673,1.3822656,1
-0.061657814,-0.4038413,-0.36622367,1.5408886,3.068362,1.1963922,1
0.37467264,-0.27555684,-0.095734317,1.9332968,1.5485291,1.4005483,1
0.046577885,-0.35075807,-0.095734317,1.0586063,1.9589432,1.2542872,1
0.10891081,-0.36402888,0.89605999,0.2674607,-0.08120857,1.0288014,1
0.56065511,-0.04552952,-0.50146835,1.5505933,5.2200647,1.565092,1
-0.028458757,-0.41268851,0.08459192,0.80417385,2.1916265,1.1933451,1
6.2441303,0.60031641,-0.54654991,9.591164,-0.37786573,1.2725698,1
1.1285961,0.35701828,-0.54654991,1.60629,8.5145725,1.1720153,1
3.5318013,1.0869127,-0.59163147,2.1303448,14.444917,0.29444885,1
2.9658929,0.46318474,-0.230979,4.9421817,1.4848844,1.4645375,1
-0.45377932,-0.44807732,1.9780174,1.1244296,0.035347073,1.1933451,1
-0.78441482,-0.47019533,-0.59163147,-0.85955255,-0.37786573,-0.94572324,1
0.3502815,-0.38614689,-0.27606055,4.0645375,2.3020251,1.1689682,1
0.22442997,-0.2092028,-0.50146835,1.9417357,5.8419582,1.5742333,1
-0.48257442,-0.44365372,0.76081531,1.1691557,1.858521,1.1202145,1
0.26203299,-0.16496678,0.08459192,1.2050209,0.65855758,1.3335119,1
0.4644456,-0.18708479,-0.32114211,2.2645231,2.3665258,1.3121822,1
0.47613302,0.22431022,-0.36622367,1.3429967,-0.37786573,1.5315738,1
0.3780603,-0.26670963,-0.41130523,0.82062968,5.1251739,1.1354501,1
0.32131701,-0.27998044,-0.41130523,1.424432,-0.37786573,1.5986102,1
-0.032354565,-0.28882764,-0.27606055,1.4564998,3.2450722,1.0105187,1
0.13160812,-0.21805001,-0.50146835,1.5788636,7.750705,1.6199399,1
-0.096889465,-0.43480652,-0.095734317,0.95185436,1.9589432,1.421878,1
0.46004164,-0.35518168,-0.45638679,1.3889887,3.6135065,1.4462549,1
0.60215393,-0.16496678,-0.18589744,1.9332968,1.5485291,1.2603814,1
-0.260344,-0.4038413,0.67065219,0.697,0.59017169,1.2969467,0
-0.28947787,-0.25343882,1.5722834,0.52780033,-0.37786573,1.2390517,0
-0.20817406,-0.43038291,0.30999972,-0.85955255,-0.37786573,-0.94572324,0
0.18055979,-0.18266119,-0.095734317,0.71008027,-0.37786573,1.4706317,0
-0.78441482,-0.47019533,-0.59163147,-0.85955255,-0.37786573,-0.94572324,0
1.073716,1.4452244,0.17475504,1.0877204,0.1269124,0.8429279,0
-0.55879674,-0.30652205,10.994329,-0.85955255,-0.37786573,-0.94572324,0
-0.78441482,-0.47019533,-0.59163147,-0.85955255,-0.37786573,-0.94572324,0
0.065040626,-0.032258713,0.2198366,1.113459,0.48484358,1.2146748,0
0.66855204,3.9755249,0.58048907,0.38054177,-0.37786573,0.48946362,0
0.56116326,3.6702964,0.26491816,1.3375115,-0.37786573,1.3365591,0
-0.78441482,-0.47019533,-0.59163147,-0.85955255,-0.37786573,-0.94572324,0
0.57945662,2.7192219,1.2116309,0.25100487,-0.37786573,0.89777581,0
-0.42955756,-0.45250093,-0.32114211,0.70375111,2.9474602,0.91910555,0
1.25106,1.9672095,-0.0055711987,1.5657833,-0.37786573,1.0958377,0
-0.78441482,-0.47019533,-0.59163147,-0.85955255,-0.37786573,-0.94572324,0
-0.78441482,-0.47019533,-0.59163147,-0.85955255,-0.37786573,-0.94572324,0
-0.12229691,-0.41268851,-0.41130523,1.7324513,-0.37786573,1.5742333,0
-0.20038244,-0.37729969,-0.095734317,0.47421341,1.5532703,1.0531782,0
1.0879442,3.4845051,0.49032595,1.0936276,0.36575269,0.9465295,0
0.2122344,1.2594331,-0.0055711987,0.62105003,0.58743889,0.95871792,0
-0.78441482,-0.47019533,-0.59163147,-0.85955255,-0.37786573,-0.94572324,0
-0.042686924,-0.33748727,0.62557063,0.38898066,0.37167925,0.62658339,0
-0.78441482,-0.47019533,-0.59163147,-0.85955255,-0.37786573,-0.94572324,0
0.40431466,-0.4082649,-0.32114211,-0.85955255,-0.37786573,-0.94572324,0
0.35604052,-0.12073076,0.71573375,-0.85955255,-0.37786573,-0.94572324,0
0.23154406,-0.12515436,-0.41130523,-0.85955255,-0.37786573,-0.94572324,0
0.51238097,-0.094189144,0.26491816,1.1552315,0.24468628,1.3517946,0
-0.33639694,-0.37729969,0.67065219,0.1856035,-0.37786573,0.96785924,0
0.35451607,0.44106673,0.2198366,0.39151232,0.41454802,0.82159816,0
-0.17480562,-0.36402888,-0.050652758,-0.85955255,-0.37786573,-0.94572324,0
-0.78441482,-0.47019533,-0.59163147,-0.85955255,-0.37786573,-0.94572324,0
0.37636647,0.05178973,0.49032595,1.2341351,0.40898364,1.2664756,0
-0.0050839116,-0.063223929,0.2198366,0.56704115,0.5409154,1.2938996,0
0.41718776,0.31278226,0.62557063,0.87421661,0.48069499,1.3213235,0
-0.78441482,-0.47019533,-0.59163147,-0.85955255,-0.37786573,-0.94572324,0
-0.78441482,-0.47019533,-0.59163147,-0.85955255,-0.37786573,-0.94572324,0
-0.098244529,-0.43038291,0.26491816,0.63877169,1.0542212,0.91301134,0
-0.78441482,-0.47019533,-0.59163147,-0.85955255,-0.37786573,-0.94572324,0
-0.45225487,-0.43480652,1.8878543,0.49868618,0.011114035,0.80636263,0
-0.26966006,-0.41711211,-0.230979,1.2020673,3.1144903,1.0379427,0
-0.072837088,-0.31094565,0.17475504,1.6341383,1.0369354,0.88558738,0
-0.087742787,-0.2092028,0.80589687,0.25775598,0.20296989,1.2725698,0
-0.095534402,-0.4082649,0.44524439,1.5020697,0.46258606,1.1415443,0
0.14329554,-0.2092028,0.89605999,0.45016258,0.072750239,1.3761714,0
0.13685899,0.66667044,1.1214678,1.848486,-0.37786573,1.1506856,0
0.034551696,-0.13842517,-0.14081588,0.93497659,-0.37786573,0.98004767,0
-0.78441482,-0.47019533,-0.59163147,-0.85955255,-0.37786573,-0.94572324,0
-0.4053358,-0.44365372,-0.32114211,-0.85955255,-0.37786573,-0.94572324,0
-0.78441482,-0.47019533,-0.59163147,-0.85955255,-0.37786573,-0.94572324,0
0.17903534,0.32605307,1.4370387,-0.019883376,0.1270441,0.59915943,0
-0.78441482,-0.47019533,-0.59163147,-0.85955255,-0.37786573,-0.94572324,0
-0.78441482,-0.47019533,-0.59163147,-0.85955255,-0.37786573,-0.94572324,0
-0.78441482,-0.47019533,-0.59163147,-0.85955255,-0.37786573,-0.94572324,0
-0.78441482,-0.47019533,-0.59163147,-0.85955255,-0.37786573,-0.94572324,0
0.80642976,1.4894605,-0.050652758,1.8379374,0.11719943,1.1141203,0
-0.43260645,-0.45250093,-0.095734317,-0.85955255,-0.37786573,-0.94572324,0
0.13550393,-0.31979286,1.2116309,-0.85955255,-0.37786573,-0.94572324,0
1.3301618,-0.45250093,-0.36622367,-0.85955255,-0.37786573,-0.94572324,0
0.68769231,0.32605307,-0.18589744,1.2265401,0.79980722,1.2817111,0
-0.78441482,-0.47019533,-0.59163147,-0.85955255,-0.37786573,-0.94572324,0
0.086552259,0.20219221,-0.095734317,0.52315895,1.7570122,0.87644607,0
1.2207404,1.0072878,-0.41130523,1.1434171,0.71755976,0.78503289,0
1.8284864,3.1571585,0.039510361,1.810511,0.22756511,0.76065604,0
-0.78441482,-0.47019533,-0.59163147,-0.85955255,-0.37786573,-0.94572324,0
0.20664476,-0.32864006,-0.27606055,0.75227471,-0.37786573,1.0166129,0
-0.1253458,-0.43923012,0.71573375,0.61978419,-0.37786573,1.4249251,0
0.66194611,-0.17823759,-0.45638679,-0.85955255,-0.37786573,-0.94572324,0
1.0476311,-0.44807732,-0.54654991,-0.85955255,-0.37786573,-0.94572324,0
0.76205143,0.32162947,0.35508128,0.76577692,0.76875864,1.0409898,0
0.33300444,0.082754945,0.49032595,1.234979,-0.37786573,1.3457004,0
-0.78441482,-0.47019533,-0.59163147,-0.85955255,-0.37786573,-0.94572324,0
-0.30472233,-0.45250093,-0.050652758,-0.85955255,-0.37786573,-0.94572324,0
0.32351899,1.3302108,0.08459192,-0.85955255,-0.37786573,-0.94572324,0
-0.18835625,-0.4082649,0.2198366,1.2560762,-0.37786573,0.6326776,0
0.60283146,1.471766,-0.36622367,3.8295145,-0.37786573,0.62658339,0
-0.78441482,-0.47019533,-0.59163147,-0.85955255,-0.37786573,-0.94572324,0
-0.78441482,-0.47019533,-0.59163147,-0.85955255,-0.37786573,-0.94572324,0
-0.78441482,-0.47019533,-0.59163147,-0.85955255,-0.37786573,-0.94572324,0
-0.78441482,-0.47019533,-0.59163147,-0.85955255,-0.37786573,-0.94572324,0
-0.78441482,-0.47019533,-0.59163147,-0.85955255,-0.37786573,-0.94572324,0
-0.78441482,-0.47019533,-0.59163147,-0.85955255,-0.37786573,-0.94572324,0
-0.78441482,-0.47019533,-0.59163147,-0.85955255,-0.37786573,-0.94572324,0
-0.78441482,-0.47019533,-0.59163147,-0.85955255,-0.37786573,-0.94572324,0
0.32792295,0.90554496,-0.32114211,-0.85955255,-0.37786573,-0.94572324,0
-0.36299006,-0.30209845,2.4739146,1.0130363,0.091550599,0.81245684,0
-0.78441482,-0.47019533,-0.59163147,-0.85955255,-0.37786573,-0.94572324,0
0.85741402,-0.41711211,0.62557063,-0.85955255,-0.37786573,-0.94572324,0
0.4068554,-0.027835111,0.67065219,1.0218971,0.04683801,1.2908525,0
1.4685477,-0.45250093,-0.32114211,-0.85955255,-0.37786573,-0.94572324,0
-0.78441482,-0.47019533,-0.59163147,-0.85955255,-0.37786573,-0.94572324,0
-0.20800467,-0.44365372,-0.095734317,0.29741874,-0.37786573,0.88863449,0
-0.12839469,-0.063223929,0.85097843,1.1569193,0.58282934,0.96785924,0
-0.30810999,-0.38614689,-0.18589744,0.40163899,0.88538013,0.98614188,0
-0.78441482,-0.47019533,-0.59163147,-0.85955255,-0.37786573,-0.94572324,0
-0.78441482,-0.47019533,-0.59163147,-0.85955255,-0.37786573,-0.94572324,0
0.29506266,-0.018987906,0.2198366,0.76788664,0.8263121,1.1750624,0
-0.78441482,-0.47019533,-0.59163147,-0.85955255,-0.37786573,-0.94572324,0
0.19648179,-0.44365372,0.17475504,-0.85955255,-0.37786573,-0.94572324,0
-0.78441482,-0.47019533,-0.59163147,-0.85955255,-0.37786573,-0.94572324,0
-0.22172469,-0.35075807,0.17475504,0.94214964,1.1395636,1.1537327,0
-0.78441482,-0.47019533,-0.59163147,-0.85955255,-0.37786573,-0.94572324,0
-0.37095106,-0.43038291,1.9329359,-0.85955255,-0.37786573,-0.94572324,0
0.74646819,-0.45250093,-0.41130523,-0.85955255,-0.37786573,-0.94572324,0
-0.78441482,-0.47019533,-0.59163147,-0.85955255,-0.37786573,-0.94572324,0
-0.22951631,-0.44807732,1.0313047,0.81387857,0.13405719,1.1781095,0
-0.78441482,-0.47019533,-0.59163147,-0.85955255,-0.37786573,-0.94572324,0
-0.78441482,-0.47019533,-0.59163147,-0.85955255,-0.37786573,-0.94572324,0
-0.78441482,-0.47019533,-0.59163147,-0.85955255,-0.37786573,-0.94572324,0
0.51797061,0.55165678,-0.18589744,0.530332,0.28969519,0.62353628,0
0.29540142,-0.13842517,-0.0055711987,-0.85955255,-0.37786573,-0.94572324,0
-0.78441482,-0.47019533,-0.59163147,-0.85955255,-0.37786573,-0.94572324,0
-0.46241785,-0.45250093,-0.095734317,0.9303352,1.5857017,0.52298179,0
0.064193711,-0.42153571,0.12967348,1.3771742,-0.37786573,1.2390517,0
-0.1600693,-0.45250093,-0.32114211,-0.85955255,-0.37786573,-0.94572324,0
-0.78441482,-0.47019533,-0.59163147,-0.85955255,-0.37786573,-0.94572324,0
0.28151202,0.33047667,0.85097843,2.2012315,0.35008023,1.3335119,0
0.74375807,0.70205926,-0.14081588,1.5172597,-0.37786573,1.0440369,0
-0.40211752,-0.44807732,0.12967348,0.35775678,-0.37786573,0.81245684,0
0.23120529,0.13141457,0.039510361,0.71134611,0.50308421,1.2847583,0
-0.17294241,-0.4082649,-0.36622367,1.1653582,-0.37786573,1.1659211,0
-0.24679337,-0.4082649,-0.230979,1.2978487,-0.37786573,1.0409898,0
1.1719581,2.3653337,-0.45638679,1.264937,-0.37786573,0.41328597,0
-0.78441482,-0.47019533,-0.59163147,-0.85955255,-0.37786573,-0.94572324,0
0.34282865,0.24200463,0.44524439,0.57632393,0.072750239,1.0074716,0
0.045561588,-0.36845248,0.30999972,0.94510325,0.23385384,1.3274177,0
-0.78441482,-0.47019533,-0.59163147,-0.85955255,-0.37786573,-0.94572324,0
-0.05742324,-0.30209845,-0.230979,0.43581648,1.3593731,1.2085806,0
-0.78441482,-0.47019533,-0.59163147,-0.85955255,-0.37786573,-0.94572324,0
0.32165578,0.15353258,0.12967348,-0.85955255,-0.37786573,-0.94572324,0
0.048441097,-0.27113323,-0.0055711987,1.1704215,0.80089375,1.047084,0
0.052675671,-0.35518168,-0.41130523,-0.85955255,-0.37786573,-0.94572324,0
-0.048954093,-0.34191087,-0.0055711987,0.35142761,0.42722426,1.2390517,0
0.48375525,1.1267251,-0.36622367,-0.85955255,-0.37786573,-0.94572324,0
-0.78441482,-0.47019533,-0.59163147,-0.85955255,-0.37786573,-0.94572324,0
-0.25289115,-0.31094565,-0.59163147,-0.85955255,-0.37786573,-0.94572324,0
0.3839887,0.5870456,0.49032595,-0.85955255,-0.37786573,-0.94572324,0
-0.065045473,-0.35960528,-0.32114211,0.94299353,-0.37786573,1.6199399,0
-0.78441482,-0.47019533,-0.59163147,-0.85955255,-0.37786573,-0.94572324,0
0.42311616,0.34817108,0.26491816,0.80037636,0.74903637,0.54431153,0
-0.78441482,-0.47019533,-0.59163147,-0.85955255,-0.37786573,-0.94572324,0
-0.78441482,-0.47019533,-0.59163147,-0.85955255,-0.37786573,-0.94572324,0
-0.13212112,-0.23132081,1.0763862,-0.85955255,-0.37786573,-0.94572324,0
-0.78441482,-0.47019533,-0.59163147,-0.85955255,-0.37786573,-0.94572324,0
1.0942114,-0.43923012,-0.32114211,-0.85955255,-0.37786573,-0.94572324,0
-0.19191329,-0.34191087,0.67065219,0.20543488,0.45109512,0.83683369,0
-0.78441482,-0.47019533,-0.59163147,-0.85955255,-0.37786573,-0.94572324,0
0.95938255,1.3877176,-0.18589744,1.356077,-0.37786573,0.9952832,0
-0.78441482,-0.47019533,-0.59163147,-0.85955255,-0.37786573,-0.94572324,0
-0.78441482,-0.47019533,-0.59163147,-0.85955255,-0.37786573,-0.94572324,0
-0.78441482,-0.47019533,-0.59163147,-0.85955255,-0.37786573,-0.94572324,0
-0.78441482,-0.47019533,-0.59163147,-0.85955255,-0.37786573,-0.94572324,0
0.60198455,1.1753847,0.71573375,1.3286506,-0.37786573,1.0623195,0
0.37856845,0.71090646,0.40016284,-0.85955255,-0.37786573,-0.94572324,0
-0.059625218,-0.24901522,-0.18589744,1.6995397,-0.37786573,1.0927906,0
0.020154146,-0.36845248,-0.14081588,0.38265149,-0.37786573,1.1598269,0
-0.78441482,-0.47019533,-0.59163147,-0.85955255,-0.37786573,-0.94572324,0
-0.060641516,0.034095321,-0.45638679,-0.85955255,-0.37786573,-0.94572324,0
1.3782666,1.7017934,-0.32114211,1.3835034,1.7674825,1.0866964,0
5.5591457,-0.44807732,-0.54654991,-0.85955255,-0.37786573,-0.94572324,0
-0.78441482,-0.47019533,-0.59163147,-0.85955255,-0.37786573,-0.94572324,0
-0.78441482,-0.47019533,-0.59163147,-0.85955255,-0.37786573,-0.94572324,0
0.36196892,0.042942525,-0.230979,1.2088184,-0.37786573,1.1659211,0
0.53118248,0.26412264,-0.27606055,1.0307579,-0.37786573,0.47422809,0
-0.30353665,-0.3949941,0.039510361,-0.85955255,-0.37786573,-0.94572324,0
0.80558284,0.99401701,-0.36622367,0.80122024,-0.37786573,0.61439496,0
-0.78441482,-0.47019533,-0.59163147,-0.85955255,-0.37786573,-0.94572324,0
-0.78441482,-0.47019533,-0.59163147,-0.85955255,-0.37786573,-0.94572324,0
-0.78441482,-0.47019533,-0.59163147,-0.85955255,-0.37786573,-0.94572324,0
0.73003805,0.10929656,-0.41130523,1.9451113,-0.37786573,1.2238161,0
-0.78441482,-0.47019533,-0.59163147,-0.85955255,-0.37786573,-0.94572324,0
-0.78441482,-0.47019533,-0.59163147,-0.85955255,-0.37786573,-0.94572324,0
0.44191767,0.41894872,-0.36622367,-0.85955255,-0.37786573,-0.94572324,0
-0.12297444,-0.45250093,-0.18589744,-0.85955255,-0.37786573,-0.94572324,0
0.29878908,-0.10745995,-0.095734317,-0.85955255,-0.37786573,-0.94572324,0
-0.78441482,-0.47019533,-0.59163147,-0.85955255,-0.37786573,-0.94572324,0
0.12076761,-0.37729969,-0.41130523,0.88982855,-0.37786573,1.3152293,0
-0.30573863,-0.45250093,-0.41130523,-0.85955255,-0.37786573,-0.94572324,0
0.3651872,-0.44365372,-0.41130523,-0.85955255,-0.37786573,-0.94572324,0
-0.78441482,-0.47019533,-0.59163147,-0.85955255,-0.37786573,-0.94572324,0
0.1605726,0.038518923,0.2198366,1.2358229,0.41007017,1.2695227,0
-0.78441482,-0.47019533,-0.59163147,-0.85955255,-0.37786573,-0.94572324,0
-0.16532017,-0.45250093,0.53540751,-0.85955255,-0.37786573,-0.94572324,0
-0.78441482,-0.47019533,-0.59163147,-0.85955255,-0.37786573,-0.94572324,0
-0.78441482,-0.47019533,-0.59163147,-0.85955255,-0.37786573,-0.94572324,0
0.74850079,0.45876114,-0.41130523,-0.85955255,-0.37786573,-0.94572324,0
0.49578144,-0.049953122,-0.18589744,-0.85955255,-0.37786573,-0.94572324,0
-0.78441482,-0.47019533,-0.59163147,-0.85955255,-0.37786573,-0.94572324,0
-0.78441482,-0.47019533,-0.59163147,-0.85955255,-0.37786573,-0.94572324,0
0.63213471,2.7324927,-0.45638679,0.88645299,2.5301317,0.54126442,0
-0.17175672,-0.45250093,-0.18589744,0.88771883,-0.37786573,1.0501311,0
-0.15956115,-0.37287609,-0.050652758,-0.85955255,-0.37786573,-0.94572324,0
-0.78441482,-0.47019533,-0.59163147,-0.85955255,-0.37786573,-0.94572324,0
-0.10078527,-0.33748727,1.1665493,0.79784469,-0.37786573,1.6077515,0
0.99088778,1.7769946,-0.14081588,1.0193655,0.280081,0.36453228,0
-0.78441482,-0.47019533,-0.59163147,-0.85955255,-0.37786573,-0.94572324,0
0.68599848,1.2151971,0.30999972,1.0725304,0.043545478,1.3609359,0
-0.78441482,-0.47019533,-0.59163147,-0.85955255,-0.37786573,-0.94572324,0
0.62434309,-0.023411508,-0.41130523,1.439622,2.4510451,1.4035954,0
-0.78441482,-0.47019533,-0.59163147,-0.85955255,-0.37786573,-0.94572324,0
1.4898899,-0.45250093,-0.54654991,-0.85955255,-0.37786573,-0.94572324,0
0.63958756,-0.34633447,-0.41130523,-0.85955255,-0.37786573,-0.94572324,0
2.1172843,-0.45250093,-0.36622367,-0.85955255,-0.37786573,-0.94572324,0
0.21731589,-0.35518168,0.30999972,0.50501534,-0.37786573,0.71494946,0
-0.78441482,-0.47019533,-0.59163147,-0.85955255,-0.37786573,-0.94572324,0
-0.46445045,-0.45250093,-0.27606055,-0.85955255,-0.37786573,-0.94572324,0
0.83200658,1.6487101,-0.27606055,0.68729528,-0.37786573,1.2146748,0
-0.35316585,-0.45250093,0.039510361,0.4969984,0.87326361,0.70580814,0
-0.4608934,-0.43038291,0.85097843,0.12864102,-0.37786573,0.67533708,0
0.070969029,0.05178973,-0.14081588,0.28771402,-0.37786573,1.1080261,0
-0.78441482,-0.47019533,-0.59163147,-0.85955255,-0.37786573,-0.94572324,0
-0.78441482,-0.47019533,-0.59163147,-0.85955255,-0.37786573,-0.94572324,0
-0.35401277,-0.45250093,0.039510361,0.30290402,0.76516978,0.88558738,0
-0.78441482,-0.47019533,-0.59163147,-0.85955255,-0.37786573,-0.94572324,0
-0.78441482,-0.47019533,-0.59163147,-0.85955255,-0.37786573,-0.94572324,0
-0.44547956,-0.44807732,0.26491816,0.52948811,0.78999547,1.3457004,0
0.67973132,-0.43923012,-0.41130523,-0.85955255,-0.37786573,-0.94572324,0
-0.78441482,-0.47019533,-0.59163147,-0.85955255,-0.37786573,-0.94572324,0
-0.78441482,-0.47019533,-0.59163147,-0.85955255,-0.37786573,-0.94572324,0
0.57335883,1.6177449,-0.36622367,0.4818084,-0.37786573,0.66314866,0
-0.78441482,-0.47019533,-0.59163147,-0.85955255,-0.37786573,-0.94572324,0
-0.18056464,-0.41268851,0.49032595,0.47590118,0.42212084,1.2878054,0
-0.24408324,-0.43480652,0.26491816,-0.85955255,-0.37786573,-0.94572324,0
-0.78441482,-0.47019533,-0.59163147,-0.85955255,-0.37786573,-0.94572324,0
-0.10874627,-0.32421646,-0.230979,0.78771803,1.7952714,1.1872509,0
0.35485484,0.038518923,-0.32114211,1.5725344,-0.37786573,0.73323209,0
-0.56675774,-0.45250093,0.039510361,0.50543729,-0.37786573,0.6326776,0
-0.78441482,-0.47019533,-0.59163147,-0.85955255,-0.37786573,-0.94572324,0
0.17242941,-0.32864006,-0.095734317,0.92611576,1.308273,1.2756169,0
0.20054698,0.10044935,-0.36622367,0.6045942,-0.37786573,0.80331553,0
-0.16836907,-0.023411508,1.3468756,1.4767531,0.31290754,0.73018498,0
-0.78441482,-0.47019533,-0.59163147,-0.85955255,-0.37786573,-0.94572324,0
-0.19343774,-0.34191087,1.2567125,-0.85955255,-0.37786573,-0.94572324,0
1.2241281,-0.43038291,-0.050652758,-0.85955255,-0.37786573,-0.94572324,0
0.035398611,-0.39057049,0.17475504,0.32822068,0.2773482,0.77284447,0
1.7448112,5.0725783,-0.50146835,-0.85955255,-0.37786573,-0.94572324,0
0.036245526,-0.36402888,-0.0055711987,-0.85955255,-0.37786573,-0.94572324,0
0.010668702,-0.14284877,0.2198366,1.0877204,0.79309045,1.1598269,0
-0.78441482,-0.47019533,-0.59163147,-0.85955255,-0.37786573,-0.94572324,0
-0.78441482,-0.47019533,-0.59163147,-0.85955255,-0.37786573,-0.94572324,0
-0.29252676,-0.3949941,0.30999972,1.0569185,0.96390703,0.89777581,0
-0.78441482,-0.47019533,-0.59163147,-0.85955255,-0.37786573,-0.94572324,0
0.0032158524,-0.29325125,-0.230979,0.87548244,1.3420873,1.2024864,0
-0.53152609,-0.30209845,0.2198366,-0.44604713,2.4961198,0.88863449,0
-0.78441482,-0.47019533,-0.59163147,-0.85955255,-0.37786573,-0.94572324,0
0.32555159,-0.063223929,0.30999972,0.5856067,0.64189737,1.3883599,0
-0.42007212,-0.42595931,0.12967348,-0.85955255,-0.37786573,-0.94572324,0
-0.78441482,-0.47019533,-0.59163147,-0.85955255,-0.37786573,-0.94572324,0
-0.055898794,-0.42153571,-0.32114211,-0.85955255,-0.37786573,-0.94572324,0
-0.78441482,-0.47019533,-0.59163147,-0.85955255,-0.37786573,-0.94572324,0
-0.78441482,-0.47019533,-0.59163147,-0.85955255,-0.37786573,-0.94572324,0
-0.78441482,-0.47019533,-0.59163147,-0.85955255,-0.37786573,-0.94572324,0
1.0110443,3.0023324,-0.45638679,-0.85955255,-0.37786573,-0.94572324,0
0.70581629,0.30393506,-0.27606055,0.92020854,1.2163455,1.4340664,0
-0.30065714,-0.3949941,0.49032595,-0.035917259,0.47486721,1.1994393,0
0.23747246,-0.023411508,0.08459192,1.181814,-0.37786573,1.0531782,0
-0.043364456,-0.45250093,0.12967348,0.2446757,-0.37786573,0.81855105,0
0.61807593,-0.041105917,-0.32114211,-0.85955255,-0.37786573,-0.94572324,0
-0.78441482,-0.47019533,-0.59163147,-0.85955255,-0.37786573,-0.94572324,0
-0.30421418,-0.25786243,0.44524439,0.48012063,2.9410068,0.89777581,0
-0.15041447,-0.22247361,1.4821203,-0.85955255,-0.37786573,-0.94572324,0
0.11670242,0.042942525,-0.32114211,-0.85955255,-0.37786573,-0.94572324,0
0.59808874,0.87457975,0.039510361,1.2932073,-0.37786573,1.0044245,0
-0.78441482,-0.47019533,-0.59163147,-0.85955255,-0.37786573,-0.94572324,0
-0.15261645,-0.43038291,-0.050652758,1.3839253,-0.37786573,1.5559507,0
-0.45547315,-0.35960528,-0.0055711987,1.7991185,-0.37786573,0.6357247,0
0.14549752,-0.39057049,-0.27606055,1.2780173,-0.37786573,0.76370315,0
0.039125036,-0.42153571,-0.50146835,-0.85955255,-0.37786573,-0.94572324,0
0.06588754,-0.25343882,0.2198366,-0.85955255,-0.37786573,-0.94572324,0
0.82743324,0.56492759,-0.230979,1.2218987,0.59488001,0.96481214,0
-0.78441482,-0.47019533,-0.59163147,-0.85955255,-0.37786573,-0.94572324,0
0.086721642,0.7861077,0.12967348,0.89489188,-0.37786573,1.047084,0
0.088076706,-0.027835111,-0.0055711987,1.3927862,1.1746949,1.2390517,0
0.91788373,1.339058,-0.27606055,1.2100843,0.56267904,0.77589157,0
-0.06030275,-0.26228603,-0.095734317,2.007559,-0.37786573,0.90691713,0
0.10653945,-0.023411508,0.53540751,-0.2924594,-0.37786573,0.66010155,0
-0.78441482,-0.44807732,-0.59163147,-0.85955255,-0.37786573,-0.94572324,0
-0.39500344,-0.39057049,0.17475504,0.61387697,-0.37786573,1.0745079,0
0.40465342,0.7905313,-0.41130523,0.49615451,-0.37786573,1.2146748,0
-0.15464905,-0.34633447,1.0313047,0.26914847,0.28972812,1.4828201,0
-0.78441482,-0.47019533,-0.59163147,-0.85955255,-0.37786573,-0.94572324,0
0.9935979,0.056213332,-0.0055711987,0.84510245,0.24060354,0.95871792,0
0.53948224,3.7101088,-0.45638679,-0.85955255,-0.37786573,-0.94572324,0
-0.18937255,-0.44365372,0.67065219,-0.12874501,0.10880347,0.79722131,0
-0.49815765,-0.4082649,1.2116309,0.076741871,-0.37786573,1.0653666,0
-0.048276561,-0.4038413,-0.27606055,1.1299149,-0.37786573,1.6869762,0
-0.027781226,-0.018987906,0.49032595,-0.85955255,-0.37786573,-0.94572324,0
-0.32504829,-0.32421646,0.85097843,0.44256758,-0.37786573,1.4371135,0
-0.025071099,-0.24901522,1.1665493,-0.85955255,-0.37786573,-0.94572324,0
0.47816562,0.79937851,-0.14081588,0.91894271,-0.37786573,0.97395345,0
-0.78441482,-0.47019533,-0.59163147,-0.85955255,-0.37786573,-0.94572324,0
-0.43379213,-0.43923012,0.17475504,0.34003512,-0.37786573,0.69361971,0
-0.78441482,-0.47019533,-0.59163147,-0.85955255,-0.37786573,-0.94572324,0
0.04861048,-0.30652205,-0.32114211,0.60290642,1.6163552,1.3426533,0
-0.78441482,-0.47019533,-0.59163147,-0.85955255,-0.37786573,-0.94572324,0
-0.78441482,-0.47019533,-0.59163147,-0.85955255,-0.37786573,-0.94572324,0
-0.010842932,0.034095321,-0.0055711987,-0.39836742,-0.37786573,0.62353628,0
-0.78441482,-0.47019533,-0.59163147,-0.85955255,-0.37786573,-0.94572324,0
-0.3963585,-0.45250093,1.1214678,0.44130175,0.27896154,1.4980557,0
0.48900613,2.6617151,0.17475504,0.34931789,-0.37786573,0.26397779,0
-0.78441482,-0.47019533,-0.59163147,-0.85955255,-0.37786573,-0.94572324,0
0.16904175,-0.063223929,1.0313047,0.18349378,0.48497528,0.8947287,0
0.029300825,-0.29325125,0.17475504,0.64678863,-0.37786573,0.70580814,0
-0.42650867,-0.44365372,-0.27606055,1.1096615,-0.37786573,0.58697101,0
-0.78441482,-0.47019533,-0.59163147,-0.85955255,-0.37786573,-0.94572324,0
-0.10501985,-0.3949941,0.53540751,0.73328721,-0.37786573,0.75151473,0
-0.054882496,-0.11188355,0.17475504,0.20965433,0.75585191,1.2573343,0
-0.17785451,-0.43923012,0.12967348,1.0999568,0.76023098,1.1141203,0
-0.78441482,-0.47019533,-0.59163147,-0.85955255,-0.37786573,-0.94572324,0
-0.084863277,0.28624065,-0.27606055,-0.85955255,-0.37786573,-0.94572324,0
-0.78441482,-0.47019533,-0.59163147,-0.85955255,-0.37786573,-0.94572324,0
-0.023377269,-0.44807732,-0.36622367,-0.85955255,-0.37786573,-0.94572324,0
-0.19038885,-0.36402888,-0.14081588,-0.85955255,-0.37786573,-0.94572324,0
0.49103872,-0.44807732,0.30999972,-0.85955255,-0.37786573,-0.94572324,0
0.021339827,-0.37287609,-0.18589744,1.1425732,0.9588036,0.83378658,0
-0.78441482,-0.47019533,-0.59163147,-0.85955255,-0.37786573,-0.94572324,0
-0.78441482,-0.47019533,-0.59163147,-0.85955255,-0.37786573,-0.94572324,0
0.63653867,0.75071888,-0.32114211,0.50163979,-0.37786573,1.0318485,0
1.046276,0.55608039,-0.230979,0.73961638,0.66082943,0.79417421,0
-0.11857048,-0.29767485,-0.18589744,1.0180996,-0.37786573,1.5833746,0
-0.78441482,-0.47019533,-0.59163147,-0.85955255,-0.37786573,-0.94572324,0
4.7870982,-0.27998044,-0.36622367,-0.85955255,-0.37786573,-0.94572324,0
-0.33758262,-0.45250093,1.1665493,0.021045222,-0.37786573,0.88863449,0
-0.076732895,-0.3949941,-0.095734317,1.3839253,-0.37786573,1.5681391,0
0.43175469,0.23315742,-0.050652758,-0.85955255,-0.37786573,-0.94572324,0
0.06300803,-0.24016802,-0.32114211,0.93075715,-0.37786573,1.6199399,0
-0.42227409,-0.45250093,0.67065219,-0.85955255,-0.37786573,-0.94572324,0
0.30285427,0.70205926,1.9780174,0.64678863,0.03508367,0.34624965,0
-0.78441482,-0.47019533,-0.59163147,-0.85955255,-0.37786573,-0.94572324,0
1.1560361,5.0327659,0.12967348,1.2185232,-0.37786573,0.30359016,0
-0.16091622,-0.4038413,0.30999972,0.72695805,-0.37786573,0.96481214,0
-0.78441482,-0.47019533,-0.59163147,-0.85955255,-0.37786573,-0.94572324,0
0.74155609,0.27739344,-0.095734317,1.2493251,-0.37786573,1.3487475,0
0.38771513,-0.058800326,-0.18589744,0.82949051,0.7186463,1.0897435,0
-0.78441482,-0.47019533,-0.59163147,-0.85955255,-0.37786573,-0.94572324,0
0.42802827,0.078331343,1.5272018,1.1083957,-0.37786573,0.83683369,0
-0.12924161,-0.35518168,0.26491816,-0.25026497,-0.37786573,0.8916816,0
-0.051494837,0.50299716,0.2198366,-0.85955255,-0.37786573,-0.94572324,0
1.0000345,0.9807462,-0.36622367,1.7164174,-0.37786573,0.77893868,0
-0.78441482,-0.47019533,-0.59163147,-0.85955255,-0.37786573,-0.94572324,0
-0.02574863,-0.34191087,-0.095734317,-0.85955255,-0.37786573,-0.94572324,0
-0.78441482,-0.47019533,-0.59163147,-0.85955255,-0.37786573,-0.94572324,0
0.54710447,4.6479125,0.12967348,1.0235849,-0.37786573,0.49251073,0
-0.78441482,-0.47019533,-0.59163147,-0.85955255,-0.37786573,-0.94572324,0
-0.14922879,-0.43038291,-0.41130523,-0.85955255,-0.37786573,-0.94572324,0
0.21765465,-0.16054318,0.71573375,-0.85955255,-0.37786573,-0.94572324,0
-0.78441482,-0.47019533,-0.59163147,-0.85955255,-0.37786573,-0.94572324,0
0.90111482,1.1178779,-0.27606055,1.0282263,-0.37786573,0.7362792,0
-0.28456576,-0.44365372,0.26491816,0.94003992,1.9172268,0.94957661,0
0.22426059,-0.3949941,-0.14081588,0.77210609,-0.37786573,0.96785924,0
-0.78441482,-0.47019533,-0.59163147,-0.85955255,-0.37786573,-0.94572324,0
0.14109357,0.26412264,1.0763862,3.0400567,-0.37786573,0.87949317,0
-0.40076246,-0.44807732,0.49032595,0.75354054,0.60716115,0.65400734,0
-0.78441482,-0.47019533,-0.59163147,-0.85955255,-0.37786573,-0.94572324,0
0.61113123,0.93651018,-0.14081588,1.5527031,-0.37786573,1.0318485,0
1.1960105,0.43664312,-0.050652758,0.73497499,0.28538197,0.78503289,0
-0.78441482,-0.47019533,-0.59163147,-0.85955255,-0.37786573,-0.94572324,0
0.068258902,-0.195932,0.30999972,1.2704223,-0.37786573,1.3609359,0
-0.41753137,-0.41711211,1.301794,-0.85955255,-0.37786573,-0.94572324,0
-0.78441482,-0.47019533,-0.59163147,-0.85955255,-0.37786573,-0.94572324,0
0.60689665,0.22873382,0.039510361,0.9045966,-0.37786573,1.1781095,0
-0.11382776,-0.42153571,-0.32114211,0.57969948,-0.37786573,1.5346209,0
0.074187304,-0.2003556,-0.27606055,0.72527027,2.4600995,1.0714608,0
-0.78441482,-0.47019533,-0.59163147,-0.85955255,-0.37786573,-0.94572324,0
0.16667039,-0.44807732,-0.0055711987,-0.85955255,-0.37786573,-0.94572324,0
-0.21613506,-0.36845248,-0.050652758,0.23665876,-0.37786573,0.9465295,0
-0.24323633,-0.43038291,0.49032595,-0.85955255,-0.37786573,-0.94572324,0
0.25322507,-0.28882764,-0.41130523,0.9531202,-0.37786573,0.92215265,0
-0.24696275,-0.44807732,1.6624465,-0.85955255,-0.37786573,-0.94572324,0
-0.78441482,-0.47019533,-0.59163147,-0.85955255,-0.37786573,-0.94572324,0
0.80219518,-0.44365372,-0.050652758,-0.85955255,-0.37786573,-0.94572324,0
-0.78441482,-0.47019533,-0.59163147,-0.85955255,-0.37786573,-0.94572324,0
-0.78441482,-0.47019533,-0.59163147,-0.85955255,-0.37786573,-0.94572324,0
-0.19309898,-0.45250093,-0.36622367,0.70543889,-0.37786573,0.90082291,0
-0.16853845,-0.4082649,-0.14081588,0.39530982,1.6511573,1.3457004,0
0.019984764,0.1844978,0.26491816,1.4522803,1.2139749,1.0074716,0
3.1484877,-0.43923012,-0.54654991,-0.85955255,-0.37786573,-0.94572324,0
-0.089605999,-0.2092028,1.2116309,0.7379286,-0.37786573,0.57173548,0
-0.78441482,-0.47019533,-0.59163147,-0.85955255,-0.37786573,-0.94572324,0
-0.05047854,-0.35960528,-0.32114211,1.3400431,-0.37786573,0.81245684,0
-0.38094466,-0.45250093,1.301794,1.007973,-0.37786573,0.57782969,0
-0.78441482,-0.47019533,-0.59163147,-0.85955255,-0.37786573,-0.94572324,0
-0.78441482,-0.47019533,-0.59163147,-0.85955255,-0.37786573,-0.94572324,0
0.64619349,0.26854624,-0.27606055,1.53034,-0.37786573,1.3517946,0
-0.14990633,-0.30652205,0.80589687,1.2737979,0.24468628,1.306088,0
0.26067792,-0.010140702,-0.14081588,0.34045706,1.0954766,1.3365591,0
0.079438176,0.056213332,0.039510361,-0.2068047,-0.37786573,1.3761714,0
-0.01998961,-0.10303635,-0.45638679,-0.85955255,-0.37786573,-0.94572324,0
-0.78441482,-0.47019533,-0.59163147,-0.85955255,-0.37786573,-0.94572324,0
0.20257957,-0.26670963,-0.45638679,0.59953087,4.0165454,1.3700772,0
-0.78441482,-0.47019533,-0.59163147,-0.85955255,-0.37786573,-0.94572324,0
0.43819124,-0.076494735,-0.050652758,0.41978259,-0.37786573,1.0227071,0
-0.30438357,-0.44365372,0.98622311,0.44130175,0.27896154,1.6473639,0
-0.26813562,-0.4038413,0.039510361,-0.85955255,-0.37786573,-0.94572324,0
-0.085710191,0.078331343,-0.41130523,-0.85955255,-0.37786573,-0.94572324,0
-0.78441482,-0.47019533,-0.59163147,-0.85955255,-0.37786573,-0.94572324,0
-0.46174032,-0.43480652,1.0313047,-0.17853443,0.36265771,0.87949317,0
-0.083677596,-0.30209845,1.4821203,0.78560831,-0.37786573,1.0988848,0
-0.25204424,-0.33748727,1.7526096,0.99278296,-0.37786573,0.86425764,0
-0.78441482,-0.47019533,-0.59163147,-0.85955255,-0.37786573,-0.94572324,0
-0.78441482,-0.47019533,-0.59163147,-0.85955255,-0.37786573,-0.94572324,0
-0.025240482,-0.37729969,-0.050652758,-0.85955255,-0.37786573,-0.94572324,0
0.043020843,0.92766297,-0.230979,-0.20553887,-0.37786573,0.44070993,0
-0.23764669,-0.39057049,-0.27606055,0.50796895,1.4954864,1.4919615,0
-0.38399355,-0.43923012,0.12967348,0.45902341,-0.37786573,1.0135658,0
0.46986585,0.33490027,-0.0055711987,1.0273824,-0.37786573,0.72104367,0
-0.39805233,-0.44365372,0.49032595,0.10965353,1.1094699,1.0531782,0
-0.0079634216,0.13141457,2.0681805,1.136244,-0.37786573,0.76065604,0
0.19529611,-0.24016802,-0.14081588,0.94805686,-0.37786573,1.1537327,0
0.20410402,0.18007419,3.4657089,0.61429892,0.1855524,0.44070993,0
0.068089519,0.35259468,0.62557063,1.1505901,0.31224904,0.96785924,0
-0.78441482,-0.47019533,-0.59163147,-0.85955255,-0.37786573,-0.94572324,0
0.17124373,0.060636934,-0.27606055,0.31851596,2.2639634,1.3274177,0
0.2181628,-0.44807732,-0.14081588,-0.85955255,-0.37786573,-0.94572324,0
0.77035119,2.4361113,0.17475504,-0.85955255,-0.37786573,-0.94572324,0
-0.78441482,-0.47019533,-0.59163147,-0.85955255,-0.37786573,-0.94572324,0
-0.21291678,-0.30652205,1.3919571,-0.85955255,-0.37786573,-0.94572324,0
0.23916629,-0.43480652,-0.45638679,1.3818156,4.0781487,1.6991647,0
-0.78441482,-0.47019533,-0.59163147,-0.85955255,-0.37786573,-0.94572324,0
0.06588754,0.025248116,1.3919571,-0.023680874,-0.37786573,0.92215265,0
2.8197154,-0.44365372,-0.45638679,-0.85955255,-0.37786573,-0.94572324,0
-0.78441482,-0.47019533,-0.59163147,-0.85955255,-0.37786573,-0.94572324,0
-0.33927645,-0.38172329,-0.14081588,0.90037716,3.292781,0.66010155,0
-0.13364556,-0.22247361,0.17475504,0.12737519,0.77949229,1.047084,0
-0.073684002,-0.41268851,-0.14081588,1.0628257,1.524757,1.0836493,0
12.743862,-0.45250093,-0.54654991,-0.85955255,-0.37786573,-0.94572324,0
-0.17988711,-0.39057049,4.1419323,-0.33170022,-0.017794398,1.4767259,0
-0.78441482,-0.47019533,-0.59163147,-0.85955255,-0.37786573,-0.94572324,0
1.0937032,2.8430827,-0.14081588,1.5054453,-0.37786573,0.36453228,0
0.35604052,-0.10745995,0.17475504,1.1543876,-0.37786573,1.0227071,0
-0.24272818,-0.43038291,0.12967348,0.94721297,-0.37786573,0.69666682,0
0.036753675,-0.45250093,-0.18589744,-0.85955255,-0.37786573,-0.94572324,0
-0.78441482,-0.47019533,-0.59163147,-0.85955255,-0.37786573,-0.94572324,0
-0.046921498,0.41010151,-0.050652758,-0.85955255,-0.37786573,-0.94572324,0
0.17090496,0.26412264,-0.230979,0.4818084,-0.37786573,0.94957661,0
0.79067714,1.7416058,-0.41130523,-0.85955255,-0.37786573,-0.94572324,0
-0.3348725,-0.35075807,-0.18589744,-0.85955255,-0.37786573,-0.94572324,0
-0.78441482,-0.47019533,-0.59163147,-0.85955255,-0.37786573,-0.94572324,0
-0.016601952,-0.44365372,0.039510361,1.962411,1.6282742,0.98004767,0
-0.0459052,-0.25786243,0.039510361,1.46958,1.4086294,1.0135658,0
-0.78441482,-0.47019533,-0.59163147,-0.85955255,-0.37786573,-0.94572324,0
0.5914828,0.60916361,-0.45638679,0.87337272,-0.37786573,1.3517946,0
0.27287349,0.83476733,0.71573375,0.25733403,-0.040414095,0.62048917,0
-0.78441482,-0.47019533,-0.59163147,-0.85955255,-0.37786573,-0.94572324,0
-0.071651407,-0.2003556,-0.14081588,1.1299149,-0.37786573,1.0440369,0
0.36857485,-0.13400156,-0.14081588,1.0864546,0.6630025,1.1080261,0
1.0691427,1.5469673,-0.230979,-0.85955255,-0.37786573,-0.94572324,0
-0.2117311,-0.31094565,-0.14081588,0.64721057,-0.37786573,0.69057261,0
0.0091442553,-0.32421646,-0.0055711987,-0.85955255,-0.37786573,-0.94572324,0
0.050981842,-0.17823759,0.30999972,0.46408674,-0.37786573,0.96785924,0
0.19106153,-0.33306367,-0.32114211,-0.85955255,-0.37786573,-0.94572324,0
1.0518656,0.91881577,-0.27606055,-0.85955255,-0.37786573,-0.94572324,0
-0.78441482,-0.47019533,-0.59163147,-0.85955255,-0.37786573,-0.94572324,0
1.7060226,4.6921485,-0.50146835,-0.85955255,-0.37786573,-0.94572324,0
0.48460217,-0.41711211,-0.41130523,-0.85955255,-0.37786573,-0.94572324,0
-0.1621019,-0.35075807,2.5189961,-0.85955255,-0.37786573,-0.94572324,0
0.34621631,-0.15611958,-0.0055711987,-0.85955255,-0.37786573,-0.94572324,0
-0.2266368,-0.22247361,-0.050652758,1.0995349,0.96835195,1.132403,0
-0.78441482,-0.47019533,-0.59163147,-0.85955255,-0.37786573,-0.94572324,0
-0.0018656358,-0.25786243,1.0763862,0.30543568,0.96575084,1.1110732,0
6.044089,-0.25786243,-0.41130523,3.4788788,-0.37786573,0.56259416,0
0.07740558,-0.16496678,0.26491816,1.2906756,-0.37786573,1.3121822,0
-0.78441482,-0.47019533,-0.59163147,-0.85955255,-0.37786573,-0.94572324,0
-0.078087959,-0.04552952,1.2567125,0.68223195,0.14235437,1.2085806,0
-0.78441482,-0.47019533,-0.59163147,-0.85955255,-0.37786573,-0.94572324,0
-0.78441482,-0.47019533,-0.59163147,-0.85955255,-0.37786573,-0.94572324,0
-0.22274099,-0.36402888,2.4739146,0.30838929,0.021189184,0.97700056,0
-0.78441482,-0.47019533,-0.59163147,-0.85955255,-0.37786573,-0.94572324,0
-0.78441482,-0.47019533,-0.59163147,-0.85955255,-0.37786573,-0.94572324,0
0.13211627,-0.17381398,-0.18589744,-0.052795031,1.0909329,1.2999938,0
0.024727486,-0.45250093,-0.095734317,-0.85955255,-0.37786573,-0.94572324,0
-0.023716035,-0.2136264,1.7526096,-0.85955255,-0.37786573,-0.94572324,0
-0.30726308,-0.37729969,-0.0055711987,0.95944936,3.6161735,1.1659211,0
-0.51391026,-0.45250093,0.58048907,0.49573257,0.42268057,0.66010155,0
0.87892565,0.72860087,-0.45638679,1.1750629,2.1174786,0.87644607,0
0.14854642,-0.10303635,0.17475504,0.050581324,-0.37786573,0.87644607,0
-0.057762006,-0.44807732,1.0313047,-0.85955255,-0.37786573,-0.94572324,0
-0.78441482,-0.47019533,-0.59163147,-0.85955255,-0.37786573,-0.94572324,0
0.47020462,0.47645554,0.30999972,-0.85955255,-0.37786573,-0.94572324,0
-0.78441482,-0.47019533,-0.59163147,-0.85955255,-0.37786573,-0.94572324,0
-0.32809718,-0.43480652,1.2116309,2.1341423,-0.37786573,0.36148517,0
0.38415809,1.3479052,1.0763862,0.73581888,-0.37786573,0.64791313,0
0.043867758,0.016400912,1.9329359,-0.85955255,-0.37786573,-0.94572324,0
0.60266208,1.0117114,0.49032595,0.53286367,-0.37786573,0.97395345,0
-0.54710932,-0.4038413,2.9247302,1.7632533,-0.37786573,0.67533708,0
0.25729026,0.016400912,5.5394606,2.0476437,-0.37786573,0.4803223,0
-0.78441482,-0.47019533,-0.59163147,-0.85955255,-0.37786573,-0.94572324,0
0.66719698,0.48972635,0.2198366,1.4455292,0.54901503,1.4035954,0
-0.78441482,-0.47019533,-0.59163147,-0.85955255,-0.37786573,-0.94572324,0
3.2150552,-0.45250093,-0.54654991,-0.85955255,-0.37786573,-0.94572324,0
1.9609439,-0.45250093,-0.45638679,-0.85955255,-0.37786573,-0.94572324,0
-0.032185182,-0.38172329,1.6624465,2.3071395,-0.37786573,0.17865882,0
0.60706603,0.51626796,-0.27606055,0.19108878,1.5893894,0.69666682,0
0.057587776,-0.054376724,0.49032595,1.7518608,-0.37786573,0.97090635,0
-0.037605436,0.003130105,0.08459192,-0.85955255,-0.37786573,-0.94572324,0
0.77272255,1.0515238,-0.230979,0.72231666,1.2599386,0.92824687,0
-0.16650585,-0.27555684,0.35508128,0.57083865,-0.37786573,1.1720153,0
-0.78441482,-0.47019533,-0.59163147,-0.85955255,-0.37786573,-0.94572324,0
-0.22392667,-0.44807732,-0.14081588,1.0425724,-0.37786573,0.86425764,0
2.3703424,-0.45250093,-0.54654991,-0.85955255,-0.37786573,-0.94572324,0
0.03878627,-0.25786243,0.08459192,0.73961638,0.66082943,1.1537327,0
-0.0076246557,-0.3949941,-0.14081588,-0.85955255,-0.37786573,-0.94572324,0
0.44598286,0.078331343,0.30999972,0.25564626,-0.37786573,0.6357247,0
-0.087912169,-0.35960528,0.26491816,0.73961638,0.59856764,1.2360046,0
0.98004727,5.0371895,0.17475504,1.1826579,0.79414406,0.48641652,0
1.5747508,2.4891946,-0.32114211,1.6261214,-0.37786573,0.41328597,0
-0.25746449,-0.32421646,2.3386699,0.537927,-0.37786573,1.1933451,0
0.08197892,0.52953877,0.17475504,1.1147249,-0.37786573,1.1598269,0
0.28947302,-0.35075807,-0.32114211,1.083501,-0.37786573,1.1842038,0
0.20139389,-0.032258713,-0.14081588,0.54130255,1.7228357,0.87949317,0
0.60588035,0.71975367,-0.18589744,0.78138886,1.4697058,1.1415443,0
-0.78441482,-0.47019533,-0.59163147,-0.85955255,-0.37786573,-0.94572324,0
0.60418652,-0.34633447,-0.27606055,1.2413082,-0.37786573,1.4706317,0
0.47748809,0.46318474,0.35508128,1.416415,-0.37786573,1.162874,0
-0.78441482,-0.47019533,-0.59163147,-0.85955255,-0.37786573,-0.94572324,0
-0.78441482,-0.47019533,-0.59163147,-0.85955255,-0.37786573,-0.94572324,0
-0.37027353,-0.4082649,0.89605999,0.53117589,0.49458948,0.38890913,0
-0.78441482,-0.47019533,-0.59163147,-0.85955255,-0.37786573,-0.94572324,0
0.057079627,-0.076494735,1.1214678,0.32695484,0.20645998,1.01966,0
0.5994438,0.11814376,-0.14081588,-0.85955255,-0.37786573,-0.94572324,0
-0.78441482,-0.47019533,-0.59163147,-0.85955255,-0.37786573,-0.94572324,0
0.03014774,-0.33306367,-0.0055711987,-0.85955255,-0.37786573,-0.94572324,0
-0.25289115,-0.38172329,2.2935883,2.264945,0.42709256,1.2695227,0
-0.15583473,-0.17381398,1.301794,-0.85955255,-0.37786573,-0.94572324,0
-0.78441482,-0.47019533,-0.59163147,-0.85955255,-0.37786573,-0.94572324,0
-0.6148625,-0.41711211,5.3140528,0.42484592,0.37921914,0.67533708,0
-0.78441482,-0.47019533,-0.59163147,-0.85955255,-0.37786573,-0.94572324,0
-0.047768413,-0.28882764,-0.0055711987,0.3598665,2.1339413,0.87339896,0
1.0078261,3.2367833,-0.32114211,0.57716782,0.53949962,0.56564127,0
-0.014569356,-0.34633447,-0.230979,0.39109038,2.1703896,0.77589157,0
-0.18412168,-0.42153571,-0.095734317,0.53370755,1.0299552,1.0044245,0
-0.18462983,-0.35960528,-0.050652758,-0.85955255,-0.37786573,-0.94572324,0
1.8811645,3.696838,-0.18589744,0.68265389,-0.37786573,0.19998856,0
-0.78441482,-0.47019533,-0.59163147,-0.85955255,-0.37786573,-0.94572324,0
-0.22138593,-0.42153571,0.26491816,1.1185224,0.64769223,1.4767259,0
-0.37281428,-0.45250093,0.76081531,-0.85955255,-0.37786573,-0.94572324,0
0.5806423,0.42779592,-0.18589744,-0.85955255,-0.37786573,-0.94572324,0
-0.12212752,-0.43480652,0.80589687,-0.85955255,-0.37786573,-0.94572324,0
-0.78441482,-0.47019533,-0.59163147,-0.85955255,-0.37786573,-0.94572324,0
-0.78441482,-0.47019533,-0.59163147,-0.85955255,-0.37786573,-0.94572324,0
-0.78441482,-0.47019533,-0.59163147,-0.85955255,-0.37786573,-0.94572324,0
-0.0050839116,-0.42153571,-0.230979,1.265359,-0.37786573,1.4279722,0
0.85301006,4.0816914,-0.050652758,0.54678783,-0.37786573,0.49251073,0
-0.22003086,-0.35960528,0.71573375,0.2446757,1.3401776,0.83073948,0
0.20241019,0.22873382,-0.14081588,0.51514201,-0.37786573,0.73018498,0
-0.78441482,-0.47019533,-0.59163147,-0.85955255,-0.37786573,-0.94572324,0
-0.78441482,-0.47019533,-0.59163147,-0.85955255,-0.37786573,-0.94572324,0
0.15108716,-0.27555684,-0.41130523,0.68813917,2.857146,0.8429279,0
-0.10044651,-0.35075807,-0.14081588,0.088978256,-0.37786573,1.0166129,0
-0.3338562,-0.43038291,-0.18589744,-0.85955255,-0.37786573,-0.94572324,0
0.96006008,0.88785055,-0.095734317,0.95776158,0.91020582,0.88558738,0
1.6585953,-0.44807732,-0.54654991,-0.85955255,-0.37786573,-0.94572324,0
-0.18327476,-0.43038291,-0.14081588,0.78645219,1.1174707,1.7479183,0
0.54964522,0.13141457,-0.41130523,0.53244172,2.5143276,1.2116277,0
-0.16582832,-0.34633447,-0.14081588,0.35564706,1.4319405,1.2177219,0
-0.78441482,-0.47019533,-0.59163147,-0.85955255,-0.37786573,-0.94572324,0
-0.24205065,-0.43480652,-0.18589744,0.88392133,-0.37786573,0.76675026,0
0.48019821,3.6349075,0.35508128,-0.85955255,-0.37786573,-0.94572324,0
1.6049009,4.7496553,-0.50146835,3.6915387,-0.37786573,1.4035954,0
0.33232691,1.1753847,0.67065219,1.0117705,-0.060136364,1.3457004,0
0.48968366,3.5198939,-0.32114211,-0.85955255,-0.37786573,-0.94572324,0
-0.47715417,-0.43480652,2.428833,0.70501694,0.054246208,1.0714608,0
0.079438176,-0.28882764,-0.36622367,1.3910984,-0.37786573,1.4401607,0
-0.78441482,-0.47019533,-0.59163147,-0.85955255,-0.37786573,-0.94572324,0
1.4285733,3.9799485,-0.18589744,1.4286514,-0.37786573,0.67228997,0
0.074356687,-0.28882764,0.039510361,0.47885479,-0.37786573,1.3700772,0
-0.029475055,-0.25786243,0.35508128,0.69362445,0.4185649,0.98614188,0
0.57149562,-0.0012934972,-0.36622367,0.88771883,1.8095939,0.9434824,0
0.89383135,0.65782324,-0.14081588,-0.85955255,-0.37786573,-0.94572324,0
0.11314538,0.60474001,-0.050652758,0.28644819,-0.37786573,0.44070993,0
0.61689025,1.2151971,0.12967348,1.6948983,0.40108156,0.94043529,0
-0.78441482,-0.47019533,-0.59163147,-0.85955255,-0.37786573,-0.94572324,0
-0.78441482,-0.47019533,-0.59163147,-0.85955255,-0.37786573,-0.94572324,0
-0.37298366,-0.45250093,-0.0055711987,0.60628198,-0.37786573,1.6107986,0
-0.097397614,-0.45250093,0.12967348,-0.85955255,-0.37786573,-0.94572324,0
0.13330195,0.003130105,0.49032595,1.1037543,0.31936091,1.0988848,0
-0.17649945,-0.3994177,0.2198366,-0.85955255,-0.37786573,-0.94572324,0
0.26101669,0.75514249,-0.230979,0.073366316,-0.37786573,1.0105187,0
0.24949865,0.09160215,0.76081531,1.2797051,-0.37786573,0.9434824,0
-0.062504728,-0.22247361,0.53540751,0.75818193,-0.37786573,0.78808,0
-0.17870143,-0.45250093,0.58048907,0.94214964,-0.37786573,1.3944541,0
-0.377557,-0.44807732,-0.36622367,0.10121464,3.0021491,0.55040574,0
-0.78441482,-0.47019533,-0.59163147,-0.85955255,-0.37786573,-0.94572324,0
0.019984764,-0.28440404,-0.050652758,1.1923626,0.96716663,0.94957661,0
-0.25932771,-0.43480652,0.039510361,0.52315895,0.68921106,1.1415443,0
0.42396308,-0.45250093,-0.27606055,-0.85955255,-0.37786573,-0.94572324,0
0.98750012,0.7861077,0.08459192,1.3763303,-0.37786573,1.0318485,0
-0.19242144,-0.43038291,0.12967348,-0.85955255,-0.37786573,-0.94572324,0
-0.78441482,-0.47019533,-0.59163147,-0.85955255,-0.37786573,-0.94572324,0
0.98089418,1.0205586,-0.050652758,0.8159883,0.36858426,1.0257543,0
-0.78441482,-0.44807732,-0.59163147,-0.85955255,-0.37786573,-0.94572324,0
-0.78441482,-0.47019533,-0.59163147,-0.85955255,-0.37786573,-0.94572324,0
0.37653585,-0.22247361,-0.45638679,0.63877169,-0.37786573,1.1019319,0
-0.78441482,-0.47019533,-0.59163147,-0.85955255,-0.37786573,-0.94572324,0
-0.16379573,-0.23132081,0.2198366,-0.85955255,-0.37786573,-0.94572324,0
-0.099768975,-0.32421646,0.40016284,1.3446845,-0.37786573,0.96176503,0
0.07164656,-0.094189144,1.0763862,1.825701,-0.37786573,0.71799656,0
-0.78441482,-0.47019533,-0.59163147,-0.85955255,-0.37786573,-0.94572324,0
-0.064706707,-0.4082649,-0.095734317,0.46577452,-0.37786573,0.88863449,0
-0.12111123,-0.44365372,0.40016284,-0.85955255,-0.37786573,-0.94572324,0
-0.18869502,-0.37287609,0.44524439,0.54003672,1.6628458,0.7911271,0
-0.081136852,-0.28882764,-0.0055711987,0.79489108,-0.37786573,1.421878,0
0.80947865,2.3299449,0.039510361,-0.85955255,-0.37786573,-0.94572324,0
-0.78441482,-0.47019533,-0.59163147,-0.85955255,-0.37786573,-0.94572324,0
1.000712,-0.34191087,-0.18589744,0.42948731,-0.37786573,0.84902211,0
0.10789451,-0.45250093,-0.230979,0.11218519,1.2351129,1.2024864,0
-0.78441482,-0.47019533,-0.59163147,-0.85955255,-0.37786573,-0.94572324,0
0.47054338,0.51626796,-0.36622367,1.6349822,-0.37786573,1.0988848,0
0.83624115,-0.45250093,0.039510361,-0.85955255,-0.37786573,-0.94572324,0
-0.78441482,-0.47019533,-0.59163147,-0.85955255,-0.37786573,-0.94572324,0
-0.78441482,-0.47019533,-0.59163147,-0.85955255,-0.37786573,-0.94572324,0
-0.21935333,-0.195932,1.9329359,-0.0076469907,0.0012693635,1.3944541,0
0.072324092,-0.28440404,-0.32114211,1.0109266,-0.37786573,1.0806022,0
0.84098388,2.8032703,-0.45638679,1.7075566,-0.37786573,0.85511633,0
0.74155609,1.838925,-0.50146835,-0.85955255,-0.37786573,-0.94572324,0
-0.78441482,-0.47019533,-0.59163147,-0.85955255,-0.37786573,-0.94572324,0
-0.38179157,-0.38172329,2.2935883,0.65058613,-0.37786573,0.73323209,0
-0.78441482,-0.47019533,-0.59163147,-0.85955255,-0.37786573,-0.94572324,0
-0.78441482,-0.47019533,-0.59163147,-0.85955255,-0.37786573,-0.94572324,0
-0.78441482,-0.47019533,-0.59163147,-0.85955255,-0.37786573,-0.94572324,0
-0.78441482,-0.47019533,-0.59163147,-0.85955255,-0.37786573,-0.94572324,0
0.075034219,-0.36845248,0.40016284,0.13243852,-0.37786573,0.96481214,0
-0.78441482,-0.47019533,-0.59163147,-0.85955255,-0.37786573,-0.94572324,0
0.52864173,-0.45250093,-0.14081588,-0.85955255,-0.37786573,-0.94572324,0
0.03590676,-0.34191087,0.26491816,0.80164219,-0.37786573,1.3457004,0
0.046916651,0.12256737,0.89605999,0.29952846,-0.37786573,0.88863449,0
0.41159812,0.68436485,1.2567125,-0.25448441,-0.37786573,0.83073948,0
-0.78441482,-0.47019533,-0.59163147,-0.85955255,-0.37786573,-0.94572324,0
0.28676289,-0.080918338,0.2198366,0.29151152,-0.37786573,1.3487475,0
-0.78441482,-0.47019533,-0.59163147,-0.85955255,-0.37786573,-0.94572324,0
-0.28134749,-0.44365372,0.26491816,-0.85955255,-0.37786573,-0.94572324,0
-0.18666242,-0.3994177,1.0313047,0.56577532,0.42808032,1.0653666,0
-0.17514438,-0.4082649,-0.36622367,0.47168174,-0.37786573,1.3213235,0
0.20308772,-0.33306367,0.039510361,-0.85955255,-0.37786573,-0.94572324,0
-0.78441482,-0.47019533,-0.59163147,-0.85955255,-0.37786573,-0.94572324,0
0.063685562,0.20661581,4.8632372,-0.85955255,-0.37786573,-0.94572324,0
-0.78441482,-0.47019533,-0.59163147,-0.85955255,-0.37786573,-0.94572324,0
0.060467286,-0.31536926,0.40016284,0.37421261,-0.37786573,0.98309477,0
0.14939333,-0.24901522,-0.27606055,0.6417253,-0.37786573,1.1445914,0
-0.105528,-0.33748727,0.26491816,0.053956878,0.57733081,1.421878,0
0.46105794,0.55165678,-0.14081588,1.1434171,-0.37786573,1.0745079,0
0.1775109,-0.15169597,-0.45638679,0.7341311,2.3334029,1.0897435,0
0.85826094,3.5198939,-0.36622367,1.3729548,1.5673294,1.0379427,0
-0.43667164,-0.43480652,-0.095734317,1.0919399,2.3564836,0.87339896,0
4.6278783,-0.35518168,-0.54654991,-0.85955255,-0.37786573,-0.94572324,0
-0.037605436,-0.42595931,0.89605999,0.2712582,-0.37786573,1.0440369,0
-0.78441482,-0.47019533,-0.59163147,-0.85955255,-0.37786573,-0.94572324,0
-0.15481843,-0.35518168,0.44524439,-0.85955255,-0.37786573,-0.94572324,0
-0.78441482,-0.47019533,-0.59163147,-0.85955255,-0.37786573,-0.94572324,0
1.1233452,5.0858491,-0.36622367,1.4531242,-0.37786573,0.64181891,0
0.83742683,0.25969903,0.30999972,-0.85955255,-0.37786573,-0.94572324,0
-0.13720261,-0.38614689,-0.095734317,0.76873053,-0.37786573,1.2878054,0
-0.78441482,-0.47019533,-0.59163147,-0.85955255,-0.37786573,-0.94572324,0
2.1296493,-0.45250093,-0.54654991,-0.85955255,-0.37786573,-0.94572324,0
-0.36620834,-0.43038291,-0.14081588,-0.85955255,-0.37786573,-0.94572324,0
2.378981,3.5375883,-0.41130523,1.3936301,-0.37786573,0.67228997,0
-0.17683821,-0.35960528,-0.050652758,-0.85955255,-0.37786573,-0.94572324,0
-0.18649304,-0.4038413,0.2198366,0.66915168,0.54753339,1.0440369,0
-0.78441482,-0.47019533,-0.59163147,-0.85955255,-0.37786573,-0.94572324,0
-0.78441482,-0.47019533,-0.59163147,-0.85955255,-0.37786573,-0.94572324,0
9.2864173,-0.26228603,-0.54654991,-0.85955255,-0.37786573,-0.94572324,0
-0.33809077,-0.43923012,0.53540751,0.40290482,-0.37786573,0.95567082,0
-0.78441482,-0.47019533,-0.59163147,-0.85955255,-0.37786573,-0.94572324,0
0.13008367,-0.2136264,-0.41130523,-0.85955255,-0.37786573,-0.94572324,0
-0.095365019,-0.30209845,-0.18589744,-0.85955255,-0.37786573,-0.94572324,0
0.55133905,1.0205586,0.12967348,0.40206093,0.48128764,1.0074716,0
-0.35231894,-0.43038291,1.5272018,0.20248127,-0.37786573,0.76065604,0
0.50103231,0.43664312,-0.41130523,-0.85955255,-0.37786573,-0.94572324,0
-0.78441482,-0.47019533,-0.59163147,-0.85955255,-0.37786573,-0.94572324,0
-0.34147843,-0.45250093,0.17475504,-0.85955255,-0.37786573,-0.94572324,0
0.19698994,-0.30209845,0.26491816,-0.85955255,-0.37786573,-0.94572324,0
-0.78441482,-0.47019533,-0.59163147,-0.85955255,-0.37786573,-0.94572324,0
-0.23984867,-0.44807732,0.2198366,0.60290642,-0.37786573,1.3396062,0
-0.0089797193,-0.23574442,0.35508128,1.1269612,-0.37786573,0.83683369,0
-0.78441482,-0.47019533,-0.59163147,-0.85955255,-0.37786573,-0.94572324,0
-0.009826634,-0.29325125,0.44524439,0.76324526,-0.37786573,0.86730475,0
0.077066814,-0.04552952,0.71573375,-0.85955255,-0.37786573,-0.94572324,0
-0.10518923,-0.41268851,-0.14081588,1.0244288,-0.37786573,1.0379427,0
0.44903175,0.22431022,0.30999972,0.86155828,0.59856764,1.3243706,0
-0.78441482,-0.47019533,-0.59163147,-0.85955255,-0.37786573,-0.94572324,0
1.0461066,-0.4038413,-0.230979,-0.85955255,-0.37786573,-0.94572324,0
1.8345842,2.506889,-0.50146835,0.83455385,4.4020022,0.33406122,0
0.11958193,-0.22247361,0.08459192,1.2396204,-0.37786573,1.047084,0
-0.43108201,-0.44365372,0.53540751,0.08349298,0.45307064,0.71190235,0
0.35468545,-0.032258713,-0.14081588,0.02568661,0.33783201,0.71190235,0
-0.051156071,-0.33306367,0.44524439,0.13623602,-0.37786573,1.3121822,0
0.69548393,1.8079598,0.67065219,-0.85955255,-0.37786573,-0.94572324,0
0.25424137,-0.29325125,0.40016284,1.6763327,-0.37786573,0.8916816,0
0.49578144,-0.44365372,-0.27606055,-0.85955255,-0.37786573,-0.94572324,0
4.2381281,-0.45250093,-0.54654991,-0.85955255,-0.37786573,-0.94572324,0
0.20664476,0.10487296,-0.050652758,0.12484352,-0.37786573,0.82464527,0
-0.4778317,-0.27998044,6.7566627,-0.0076469907,-0.37786573,1.132403,0
-0.78441482,-0.47019533,-0.59163147,-0.85955255,-0.37786573,-0.94572324,0
-0.78441482,-0.47019533,-0.59163147,-0.85955255,-0.37786573,-0.94572324,0
-0.78441482,-0.47019533,-0.59163147,-0.85955255,-0.37786573,-0.94572324,0
-0.78441482,-0.47019533,-0.59163147,-0.85955255,-0.37786573,-0.94572324,0
-0.2742334,-0.4038413,-0.27606055,-0.85955255,-0.37786573,-0.94572324,0
1.1982125,0.15795618,-0.14081588,0.62822308,-0.37786573,0.76370315,0
0.12601848,-0.13400156,-0.230979,1.0054413,-0.37786573,1.0653666,0
-0.78441482,-0.47019533,-0.59163147,-0.85955255,-0.37786573,-0.94572324,0
-0.34757622,-0.38614689,1.6624465,0.21471766,-0.023753882,1.0531782,0
-0.78441482,-0.47019533,-0.59163147,-0.85955255,-0.37786573,-0.94572324,0
1.1357102,1.6442865,-0.45638679,-0.85955255,-0.37786573,-0.94572324,0
-0.1700629,-0.33306367,1.7526096,0.80290802,-0.37786573,0.97395345,0
-0.27152328,-0.45250093,-0.18589744,1.795743,1.9430403,0.81550395,0
0.10247426,-0.34633447,-0.230979,2.3425828,2.1536965,0.60220654,0
1.3738626,4.8779398,-0.41130523,-0.85955255,-0.37786573,-0.94572324,0
-0.25170547,-0.4082649,-0.14081588,-0.44604713,2.5397459,0.97090635,0
-0.34605177,-0.42595931,1.5272018,1.7548144,0.61140852,0.75760894,0
-0.78441482,-0.47019533,-0.59163147,-0.85955255,-0.37786573,-0.94572324,0
-0.093163041,-0.43038291,0.35508128,-0.85955255,-0.37786573,-0.94572324,0
-0.78441482,-0.47019533,-0.59163147,-0.85955255,-0.37786573,-0.94572324,0
0.036753675,-0.39057049,0.30999972,1.3041779,0.3063554,1.2299103,0
-0.78441482,-0.47019533,-0.59163147,-0.85955255,-0.37786573,-0.94572324,0
-0.23764669,-0.42153571,1.3468756,1.1337124,-0.37786573,0.92215265,0
-0.12144999,-0.43480652,0.039510361,0.50037395,-0.37786573,1.0927906,0
0.45919473,3.6614492,0.94114155,0.32189151,1.4265737,0.10248118,0
0.11619427,-0.19150839,-0.45638679,0.037079106,-0.37786573,1.1019319,0
0.39313538,0.79495491,0.08459192,1.3252751,0.9433287,0.91910555,0
2.6809908,-0.45250093,-0.36622367,-0.85955255,-0.37786573,-0.94572324,0
-0.78441482,-0.47019533,-0.59163147,-0.85955255,-0.37786573,-0.94572324,0
1.3648853,0.65339963,-0.41130523,0.73919443,1.8978997,0.3767207,0
0.2281564,0.12256737,0.12967348,0.78645219,-0.37786573,1.0318485,0
0.32995554,-0.14727237,0.53540751,0.83117829,-0.062572837,1.0988848,0
0.33317382,-0.42595931,0.08459192,1.3446845,-0.37786573,1.3304648,0
-0.1412678,-0.42153571,-0.18589744,1.0767499,-0.37786573,1.1293559,0
0.22459936,-0.28882764,0.08459192,0.9455252,0.44115168,1.2268632,0
0.93363634,-0.45250093,-0.095734317,-0.85955255,-0.37786573,-0.94572324,0
1.1839843,2.4449585,-0.41130523,0.81008108,0.85406815,0.3218728,0
-0.42549237,-0.42153571,-0.59163147,-0.85955255,-0.37786573,-0.94572324,0
0.5061138,0.073907741,-0.050652758,0.98434407,-0.37786573,1.0623195,0
-0.78441482,-0.47019533,-0.59163147,-0.85955255,-0.37786573,-0.94572324,0
-0.78441482,-0.47019533,-0.59163147,-0.85955255,-0.37786573,-0.94572324,0
0.6639787,0.21103941,-0.14081588,-0.85955255,-0.37786573,-0.94572324,0
-0.167014,-0.25343882,1.7976912,1.9501746,-0.37786573,0.84597501,0
0.27795498,-0.2136264,0.039510361,-0.85955255,-0.37786573,-0.94572324,0
-0.44344696,-0.45250093,0.44524439,-0.85955255,-0.37786573,-0.94572324,0
5.7132842,-0.44365372,-0.54654991,-0.85955255,-0.37786573,-0.94572324,0
0.48748168,-0.067647531,0.17475504,0.91767687,0.13379379,1.3396062,0
-0.31607099,-0.39057049,0.08459192,0.35691289,-0.37786573,1.0044245,0
-0.78441482,-0.47019533,-0.59163147,-0.85955255,-0.37786573,-0.94572324,0
1.2066816,4.9177522,-0.18589744,0.96071519,-0.37786573,0.37062649,0
-0.78441482,-0.47019533,-0.59163147,-0.85955255,-0.37786573,-0.94572324,0
-0.78441482,-0.47019533,-0.59163147,-0.85955255,-0.37786573,-0.94572324,0
0.73240941,1.3213636,-0.27606055,1.1991137,-0.37786573,1.3517946,0
-0.78441482,-0.47019533,-0.59163147,-0.85955255,-0.37786573,-0.94572324,0
-0.78441482,-0.47019533,-0.59163147,-0.85955255,-0.37786573,-0.94572324,0
-0.78441482,-0.47019533,-0.59163147,-0.85955255,-0.37786573,-0.94572324,0
-0.12805593,-0.22689721,0.26491816,0.21809321,0.58724133,1.3975012,0
-0.78441482,-0.47019533,-0.59163147,-0.85955255,-0.37786573,-0.94572324,0
0.078760644,0.21103941,0.30999972,1.7780213,-0.37786573,0.80331553,0
-0.78441482,-0.47019533,-0.59163147,-0.85955255,-0.37786573,-0.94572324,0
-0.78441482,-0.47019533,-0.59163147,-0.85955255,-0.37786573,-0.94572324,0
-0.78441482,-0.47019533,-0.59163147,-0.85955255,-0.37786573,-0.94572324,0
-0.32928286,-0.44807732,0.80589687,0.62948891,-0.37786573,0.92824687,0
-0.78441482,-0.47019533,-0.59163147,-0.85955255,-0.37786573,-0.94572324,0
-0.78441482,-0.47019533,-0.59163147,-0.85955255,-0.37786573,-0.94572324,0
0.32893925,0.32605307,-0.36622367,0.0071210601,-0.37786573,1.0653666,0
0.91957756,0.038518923,-0.14081588,0.33117429,0.81541382,1.1598269,0
0.2718572,-0.45250093,-0.50146835,-0.85955255,-0.37786573,-0.94572324,0
1.5058119,5.0416131,-0.32114211,1.1699996,0.60492223,0.41328597,0
-0.11077887,-0.16496678,0.53540751,0.85818273,0.53034638,1.1445914,0
1.0633837,4.931023,0.62557063,0.85438523,-0.37786573,0.5321231,0
-0.78441482,-0.47019533,-0.59163147,-0.85955255,-0.37786573,-0.94572324,0
0.44733792,0.52953877,0.35508128,1.0282263,-0.37786573,0.9952832,0
0.3860213,-0.25786243,-0.050652758,-0.85955255,-0.37786573,-0.94572324,0
0.15244222,0.003130105,-0.14081588,-0.85955255,-0.37786573,-0.94572324,0
0.13770591,-0.24459162,-0.0055711987,-0.85955255,-0.37786573,-0.94572324,0
-0.3279278,-0.44807732,1.6624465,0.88054577,-0.37786573,0.54431153,0
0.16616224,-0.24459162,0.2198366,0.78012303,0.52850256,1.1263087,0
-0.78441482,-0.47019533,-0.59163147,-0.85955255,-0.37786573,-0.94572324,0
0.27795498,0.33047667,-0.050652758,0.50712506,1.1365016,0.8916816,0
-0.78441482,-0.47019533,-0.59163147,-0.85955255,-0.37786573,-0.94572324,0
-0.78441482,-0.47019533,-0.59163147,-0.85955255,-0.37786573,-0.94572324,0
-0.36451451,-0.42153571,0.12967348,0.63624002,-0.37786573,1.2908525,0
0.027606996,-0.25786243,0.2198366,0.50543729,-0.37786573,0.7911271,0
0.97936974,0.10929656,0.30999972,1.8240132,0.38932722,1.1963922,0
0.011346234,-0.17381398,-0.050652758,1.1927846,0.88646667,1.2573343,0
0.960907,-0.45250093,0.12967348,-0.85955255,-0.37786573,-0.94572324,0
0.77255317,-0.45250093,-0.095734317,-0.85955255,-0.37786573,-0.94572324,0
-0.14431669,-0.42595931,-0.14081588,-0.85955255,-0.37786573,-0.94572324,0
2.2778594,-0.45250093,-0.54654991,-0.85955255,-0.37786573,-0.94572324,0
-0.78441482,-0.47019533,-0.59163147,-0.85955255,-0.37786573,-0.94572324,0
0.22459936,0.55608039,-0.32114211,2.0809773,2.7864883,1.1689682,0
-0.4102479,-0.44807732,0.40016284,-0.85955255,-0.37786573,-0.94572324,0
-0.78441482,-0.47019533,-0.59163147,-0.85955255,-0.37786573,-0.94572324,0
0.15803186,0.069484139,0.98622311,1.0991129,2.1483626,0.51993468,0
0.04166578,-0.22247361,0.71573375,0.4417237,0.25341149,1.1781095,0
0.93668524,0.96305179,-0.32114211,-0.85955255,-0.37786573,-0.94572324,0
0.048949246,-0.17381398,-0.18589744,-0.85955255,-0.37786573,-0.94572324,0
-0.19174391,-0.41711211,0.12967348,0.95860547,-0.37786573,1.1689682,0
-0.076732895,-0.3994177,1.3468756,0.4265337,0.14633834,1.2695227,0
0.0047402989,-0.36845248,0.30999972,-0.85955255,-0.37786573,-0.94572324,0
0.72969928,1.3921412,-0.41130523,-0.85955255,-0.37786573,-0.94572324,0
0.66550315,2.7855759,-0.14081588,1.0261166,-0.37786573,1.507197,0
0.043698375,-0.12957796,0.26491816,0.52822228,0.21795091,1.0135658,0
0.15413605,-0.43038291,-0.230979,-0.85955255,-0.37786573,-0.94572324,0
-0.78441482,-0.47019533,-0.59163147,-0.85955255,-0.37786573,-0.94572324,0
-0.39991555,-0.19150839,0.44524439,1.0742182,0.67877373,1.0105187,0
-0.031677033,-0.36402888,-0.18589744,0.42864342,1.2397225,1.1872509,0
-0.78441482,-0.47019533,-0.59163147,-0.85955255,-0.37786573,-0.94572324,0
0.13211627,-0.36402888,-0.095734317,1.6404675,-0.37786573,1.2268632,0
0.66160734,1.7371822,-0.36622367,-0.10469418,-0.37786573,0.45594546,0
-0.36654711,-0.41711211,0.35508128,0.9007991,-0.37786573,0.5808768,0
-0.02744246,-0.30652205,-0.32114211,-0.85955255,-0.37786573,-0.94572324,0
-0.78441482,-0.47019533,-0.59163147,-0.85955255,-0.37786573,-0.94572324,0
-0.78441482,-0.47019533,-0.59163147,-0.85955255,-0.37786573,-0.94572324,0
-0.78441482,-0.47019533,-0.59163147,-0.85955255,-0.37786573,-0.94572324,0
-0.21816765,-0.42153571,-0.27606055,-0.85955255,-0.37786573,-0.94572324,0
-0.11196455,-0.43038291,0.40016284,-0.85955255,-0.37786573,-0.94572324,0
-0.78441482,-0.47019533,-0.59163147,-0.85955255,-0.37786573,-0.94572324,0
-0.78441482,-0.47019533,-0.59163147,-0.85955255,-0.37786573,-0.94572324,0
0.46681696,0.025248116,0.49032595,1.3649378,-0.37786573,1.2603814,0
0.77306132,0.34374748,-0.230979,0.7227386,0.71969991,0.95567082,0
-0.35655351,-0.27998044,0.49032595,0.3522715,-0.37786573,1.1293559,0
0.01575019,-0.22689721,-0.27606055,1.0822352,-0.37786573,1.3304648,0
-0.19970491,-0.44807732,0.44524439,0.74467971,-0.37786573,1.0592724,0
0.47545549,2.9934852,0.17475504,0.68982695,-0.37786573,0.30359016,0
0.081301388,-0.17381398,0.2198366,1.159451,0.61835576,1.2603814,0
0.13855282,-0.31094565,-0.230979,1.4889895,-0.37786573,1.2238161,0
0.49730589,1.2992456,0.40016284,1.1256954,-0.010649603,1.1110732,0
1.2839203,0.89227416,-0.050652758,1.1463707,0.37115244,1.3457004,0
-0.78441482,-0.47019533,-0.59163147,-0.85955255,-0.37786573,-0.94572324,0
0.275753,-0.04552952,-0.18589744,0.92020854,-0.37786573,1.0166129,0
-0.78441482,-0.47019533,-0.59163147,-0.85955255,-0.37786573,-0.94572324,0
0.16921113,0.047366127,0.71573375,-0.85955255,-0.37786573,-0.94572324,0
0.29794217,1.0647946,-0.36622367,0.096995197,-0.37786573,0.64181891,0
2.0498699,4.3072951,-0.41130523,2.0257026,1.5514265,0.64486602,0
-0.78441482,-0.47019533,-0.59163147,-0.85955255,-0.37786573,-0.94572324,0
0.034382313,-0.26228603,-0.050652758,0.92695965,-0.37786573,1.0836493,0
0.13635084,-0.31094565,-0.230979,0.95354214,2.726202,1.1598269,0
-0.48409887,-0.4038413,2.428833,-0.85955255,-0.37786573,-0.94572324,0
-0.33622756,-0.27555684,2.1583436,0.45902341,-0.37786573,0.84902211,0
0.75646179,3.2102417,-0.230979,0.16113073,-0.37786573,0.61744207,0
-0.18225847,-0.42153571,0.67065219,-0.85955255,-0.37786573,-0.94572324,0
0.014903275,-0.45250093,-0.27606055,-0.85955255,-0.37786573,-0.94572324,0
-0.78441482,-0.47019533,-0.59163147,-0.85955255,-0.37786573,-0.94572324,0
0.10941896,-0.098612747,2.5189961,0.69615611,0.54987109,0.67533708,0
-0.78441482,-0.47019533,-0.59163147,-0.85955255,-0.37786573,-0.94572324,0
-0.78441482,-0.47019533,-0.59163147,-0.85955255,-0.37786573,-0.94572324,0
0.81913348,0.48530275,0.58048907,-0.85955255,-0.37786573,-0.94572324,0
0.048949246,-0.38172329,-0.0055711987,0.88223355,-0.37786573,0.99223609,0
0.53457014,0.21546301,-0.36622367,0.81767607,-0.37786573,1.1232616,0
-0.78441482,-0.47019533,-0.59163147,-0.85955255,-0.37786573,-0.94572324,0
0.12330836,-0.080918338,0.80589687,0.49868618,0.50361101,1.0074716,0
0.10620068,-0.014564304,0.30999972,1.1109274,-0.37786573,1.1720153,0
0.84454092,0.69321205,-0.41130523,-0.85955255,-0.37786573,-0.94572324,0
0.7673023,5.019495,0.039510361,0.87801411,0.57209569,0.44070993,0
-0.78441482,-0.47019533,-0.59163147,-0.85955255,-0.37786573,-0.94572324,0
-0.78441482,-0.47019533,-0.59163147,-0.85955255,-0.37786573,-0.94572324,0
0.98038604,2.6705623,-0.230979,1.6092436,-0.37786573,0.50774626,0
-0.40008493,-0.39057049,0.49032595,0.99489268,-0.37786573,0.6875255,0
0.8298046,0.14026177,-0.0055711987,1.3683134,1.4823821,0.82769237,0
-0.18903378,-0.43038291,0.08459192,0.35058373,1.0571186,0.91605844,0
-0.19394589,-0.33748727,-0.32114211,0.76873053,-0.37786573,0.75151473,0
-0.78441482,-0.47019533,-0.59163147,-0.85955255,-0.37786573,-0.94572324,0
0.1675173,-0.45250093,-0.36622367,-0.85955255,-0.37786573,-0.94572324,0
-0.17971772,-0.45250093,0.30999972,0.14594074,-0.37786573,1.1019319,0
1.6523282,2.8652008,-0.14081588,1.6252775,-0.37786573,0.79722131,0
-0.24137311,-0.35960528,0.89605999,0.47210369,-0.37786573,1.1506856,0
-0.78441482,-0.47019533,-0.59163147,-0.85955255,-0.37786573,-0.94572324,0
0.40363712,-0.0057170995,-0.14081588,-0.85955255,-0.37786573,-0.94572324,0
-0.081475618,-0.2092028,1.5722834,-0.85955255,-0.37786573,-0.94572324,0
0.43395667,-0.45250093,-0.230979,-0.85955255,-0.37786573,-0.94572324,0
-0.78441482,-0.47019533,-0.59163147,-0.85955255,-0.37786573,-0.94572324,0
0.87502985,0.65782324,-0.41130523,1.3835034,1.5489571,1.2085806,0
-0.36671649,-0.36402888,1.4821203,1.7510169,-0.37786573,0.82769237,0
0.16683977,-0.31979286,-0.095734317,1.7826627,1.1737401,0.98004767,0
-0.78441482,-0.47019533,-0.59163147,-0.85955255,-0.37786573,-0.94572324,0
-0.43108201,-0.45250093,-0.18589744,-0.85955255,-0.37786573,-0.94572324,0
0.20867736,-0.32864006,-0.18589744,0.28307264,0.8945663,0.98614188,0
0.27863251,-0.26228603,0.62557063,0.28687014,0.81541382,0.88558738,0
0.50137108,-0.08534194,0.039510361,0.46704035,0.34204645,0.83378658,0
0.50950146,0.42779592,0.76081531,1.0214752,0.082430284,1.2817111,0
-0.029813821,-0.33748727,0.89605999,1.3240092,-0.37786573,0.81245684,0
-0.51374088,-0.45250093,0.80589687,0.11218519,1.2351129,1.4249251,0
0.22798701,0.1844978,-0.0055711987,-0.85955255,-0.37786573,-0.94572324,0
-0.78441482,-0.47019533,-0.59163147,-0.85955255,-0.37786573,-0.94572324,0
-0.069280046,0.23758102,0.76081531,0.52442478,0.04275527,1.3396062,0
-0.78441482,-0.47019533,-0.59163147,-0.85955255,-0.37786573,-0.94572324,0
-0.78441482,-0.47019533,-0.59163147,-0.85955255,-0.37786573,-0.94572324,0
-0.78441482,-0.47019533,-0.59163147,-0.85955255,-0.37786573,-0.94572324,0
-0.35943302,-0.45250093,-0.095734317,-0.85955255,-0.37786573,-0.94572324,0
1.0755792,5.0858491,-0.0055711987,-0.85955255,-0.37786573,-0.94572324,0
0.39482921,1.0736418,0.039510361,-0.85955255,-0.37786573,-0.94572324,0
0.10111919,0.69763566,-0.18589744,0.026952442,1.2227659,0.44375703,0
-0.78441482,-0.47019533,-0.59163147,-0.85955255,-0.37786573,-0.94572324,0
0.38077043,-0.12957796,0.039510361,1.4421536,-0.37786573,1.132403,0
-0.78441482,-0.47019533,-0.59163147,-0.85955255,-0.37786573,-0.94572324,0
0.47257598,0.12256737,0.71573375,0.48434007,-0.37786573,1.3731243,0
0.0088054895,-0.14727237,1.6173649,0.19193267,0.055793698,0.9983303,0
-0.78441482,-0.47019533,-0.59163147,-0.85955255,-0.37786573,-0.94572324,0
0.29540142,0.1844978,0.89605999,1.401225,-0.37786573,1.0836493,0
-0.10400355,-0.31094565,0.58048907,1.6805522,-0.37786573,0.96785924,0
-0.098075146,-0.45250093,-0.050652758,-0.85955255,-0.37786573,-0.94572324,0
-0.046243966,-0.45250093,0.62557063,-0.85955255,-0.37786573,-0.94572324,0
-0.78441482,-0.47019533,-0.59163147,-0.85955255,-0.37786573,-0.94572324,0
-0.11213393,-0.30209845,-0.095734317,0.16070879,1.6428601,0.9952832,0
-0.78441482,-0.47019533,-0.59163147,-0.85955255,-0.37786573,-0.94572324,0
-0.33012977,-0.44807732,-0.14081588,-0.85955255,-0.37786573,-0.94572324,0
-0.78441482,-0.47019533,-0.59163147,-0.85955255,-0.37786573,-0.94572324,0
-0.077749193,0.86573254,-0.41130523,-0.85955255,-0.37786573,-0.94572324,0
0.1685336,0.7905313,0.2198366,0.35817872,-0.37786573,0.69666682,0
-0.78441482,-0.47019533,-0.59163147,-0.85955255,-0.37786573,-0.94572324,0
-0.78441482,-0.47019533,-0.59163147,-0.85955255,-0.37786573,-0.94572324,0
-0.2415425,-0.45250093,-0.0055711987,-0.85955255,-0.37786573,-0.94572324,0
-0.38009774,-0.35960528,0.039510361,-0.85955255,-0.37786573,-0.94572324,0
-0.01304491,-0.41711211,1.2116309,-0.85955255,-0.37786573,-0.94572324,0
0.35790373,0.3835599,0.039510361,0.25649015,-0.37786573,1.1354501,0
-0.3279278,-0.45250093,0.12967348,0.96071519,1.0084879,1.0958377,0
-0.06487609,-0.35075807,-0.27606055,0.83708551,1.701533,1.1750624,0
0.42294678,-0.24016802,-0.36622367,0.80122024,4.8947625,1.1354501,0
-0.27795983,-0.43480652,0.17475504,1.2970048,-0.37786573,0.92824687,0
0.64720979,2.0025983,0.30999972,-0.85955255,-0.37786573,-0.94572324,0
-0.20343133,-0.43923012,-0.27606055,-0.85955255,-0.37786573,-0.94572324,0
-0.54016462,-0.45250093,2.7894855,1.6417333,0.30329335,0.37976781,0
0.33571456,0.60916361,0.76081531,2.1881512,0.16289977,1.1141203,0
0.11331476,-0.26670963,-0.14081588,-0.85955255,-0.37786573,-0.94572324,0
0.66533377,1.1709611,-0.41130523,1.4138834,-0.37786573,1.3304648,0
0.58877268,0.44549033,0.40016284,-0.85955255,-0.37786573,-0.94572324,0
-0.13889643,-0.37729969,0.67065219,0.25438042,0.47565741,1.3396062,0
0.1029824,-0.15169597,0.98622311,0.86619967,0.0063727885,1.1598269,0
0.16209705,-0.31536926,0.17475504,1.0847668,0.44296257,1.3182764,0
-0.78441482,-0.47019533,-0.59163147,-0.85955255,-0.37786573,-0.94572324,0
-0.78441482,-0.47019533,-0.59163147,-0.85955255,-0.37786573,-0.94572324,0
-0.78441482,-0.47019533,-0.59163147,-0.85955255,-0.37786573,-0.94572324,0
-0.78441482,-0.47019533,-0.59163147,-0.85955255,-0.37786573,-0.94572324,0
-0.78441482,-0.47019533,-0.59163147,-0.85955255,-0.37786573,-0.94572324,0
-0.78441482,-0.47019533,-0.59163147,-0.85955255,-0.37786573,-0.94572324,0
0.078760644,-0.45250093,0.039510361,0.72231666,0.5399935,0.96176503,0
0.65279943,0.25527543,0.039510361,1.6067119,-0.37786573,1.421878,0
0.49239378,-0.049953122,-0.36622367,-0.85955255,-0.37786573,-0.94572324,0
0.0035546183,-0.43480652,-0.18589744,1.0007999,-0.37786573,1.2329575,0
0.028623293,-0.3949941,0.12967348,1.182236,-0.37786573,1.3426533,0
-0.22409605,-0.38614689,-0.27606055,-0.85955255,-0.37786573,-0.94572324,0
0.17632522,-0.036682315,-0.14081588,1.5408886,-0.37786573,1.2055335,0
0.10196611,-0.44365372,0.039510361,0.49531062,1.1818727,1.0531782,0
0.16633162,-0.23132081,-0.36622367,1.7286538,2.4510451,1.3975012,0
0.87536861,1.1488431,-0.50146835,-0.85955255,-0.37786573,-0.94572324,0
0.088076706,-0.43480652,-0.50146835,0.70754861,-0.37786573,1.2024864,0
0.58623193,0.54723318,-0.18589744,1.2164134,-0.37786573,1.0257543,0
1.0449209,2.8873188,0.2198366,0.71134611,-0.37786573,0.87949317,0
0.35434669,-0.12073076,-0.0055711987,1.757768,1.2547035,1.0958377,0
0.015242041,0.65339963,0.44524439,-0.85955255,-0.37786573,-0.94572324,0
-0.78441482,-0.47019533,-0.59163147,-0.85955255,-0.37786573,-0.94572324,0
-0.13957397,-0.33748727,-0.45638679,-0.85955255,-0.37786573,-0.94572324,0
1.1008173,2.3034033,-0.0055711987,1.3978495,-0.37786573,0.72409077,0
-0.27643538,-0.30652205,-0.050652758,0.017669668,0.84550757,1.4675846,0
-0.14651867,-0.072071133,1.7526096,0.55818032,0.15397701,1.3030409,0
-0.30539986,-0.30652205,0.53540751,0.69024889,0.91020582,1.132403,0
-0.78441482,-0.47019533,-0.59163147,-0.85955255,-0.37786573,-0.94572324,0
0.46038041,0.48530275,-0.41130523,4.5442882,1.583364,1.1476385,0
-0.049801008,-0.2003556,-0.230979,1.1687337,2.9362985,1.1781095,0
-0.78441482,-0.47019533,-0.59163147,-0.85955255,-0.37786573,-0.94572324,0
-0.042178776,-0.37729969,-0.095734317,0.86071439,0.78999547,0.94957661,0
1.3238946,1.9318207,0.26491816,1.1126151,0.12368571,0.77284447,0
-0.093332424,-0.35960528,0.40016284,0.52147117,-0.37786573,0.47118099,0
-0.23679977,-0.36845248,-0.050652758,-0.075580024,1.4505104,1.2146748,0
0.093158194,-0.18708479,-0.230979,0.38982455,1.2859167,1.0531782,0
0.33808593,-0.4082649,-0.095734317,0.92906937,-0.37786573,0.77893868,0
-0.78441482,-0.47019533,-0.59163147,-0.85955255,-0.37786573,-0.94572324,0
0.17005805,0.047366127,-0.18589744,1.2514348,-0.37786573,0.81855105,0
-0.78441482,-0.47019533,-0.59163147,-0.85955255,-0.37786573,-0.94572324,0
-0.40872346,-0.4082649,0.2198366,0.053112989,0.61575466,0.5839239,0
0.34469186,0.41010151,0.08459192,-0.85955255,-0.37786573,-0.94572324,0
0.064193711,-0.12073076,0.40016284,0.97590519,0.47114665,1.2938996,0
-0.78441482,-0.45250093,-0.59163147,-0.85955255,-0.37786573,-0.94572324,0
-0.78441482,-0.47019533,-0.59163147,-0.85955255,-0.37786573,-0.94572324,0
0.39974132,0.069484139,0.62557063,-0.85955255,-0.37786573,-0.94572324,0
1.2339523,0.96747539,-0.18589744,-0.85955255,-0.37786573,-0.94572324,0
-0.78441482,-0.47019533,-0.59163147,-0.85955255,-0.37786573,-0.94572324,0
-0.10688306,-0.2003556,0.12967348,0.27758736,1.5561019,0.64791313,0
-0.78441482,-0.47019533,-0.59163147,-0.85955255,-0.37786573,-0.94572324,0
0.32402714,0.36586549,-0.36622367,1.2822368,-0.37786573,0.73018498,0
1.449238,1.4098356,-0.050652758,1.4670484,-0.37786573,0.67533708,0
2.3628896,1.6000505,-0.41130523,1.356077,1.2231281,0.58697101,0
-0.78441482,-0.47019533,-0.59163147,-0.85955255,-0.37786573,-0.94572324,0
-0.78441482,-0.47019533,-0.59163147,-0.85955255,-0.37786573,-0.94572324,0
0.28727104,-0.45250093,-0.45638679,-0.85955255,-0.37786573,-0.94572324,0
0.43920754,0.44991393,-0.45638679,-0.85955255,-0.37786573,-0.94572324,0
0.91009211,3.8030044,-0.230979,0.8417269,-0.37786573,0.16342329,0
-0.15803671,-0.26670963,2.023099,0.46028925,-0.37786573,0.72409077,0
0.099594745,-0.29767485,0.26491816,0.44467731,-0.37786573,0.96481214,0
0.81269692,-0.45250093,-0.32114211,-0.85955255,-0.37786573,-0.94572324,0
0.21697712,0.52511517,-0.14081588,-0.85955255,-0.37786573,-0.94572324,0
-0.78441482,-0.47019533,-0.59163147,-0.85955255,-0.37786573,-0.94572324,0
0.44937052,0.56050399,-0.36622367,0.42484592,0.77804358,0.42242729,0
-0.78441482,-0.47019533,-0.59163147,-0.85955255,-0.37786573,-0.94572324,0
-0.78441482,-0.47019533,-0.59163147,-0.85955255,-0.37786573,-0.94572324,0
0.56082449,-0.27555684,-0.230979,0.71767527,1.0121426,1.1080261,0
0.4932407,-0.32421646,-0.32114211,0.81851996,1.6737441,1.3731243,0
-0.268305,-0.45250093,-0.050652758,0.64045946,-0.37786573,0.70885524,0
-0.78441482,-0.47019533,-0.59163147,-0.85955255,-0.37786573,-0.94572324,0
0.36637288,-0.29325125,-0.0055711987,0.85733884,-0.37786573,1.3152293,0
0.078760644,0.41452511,1.301794,-0.85955255,-0.37786573,-0.94572324,0
-0.78441482,-0.47019533,-0.59163147,-0.85955255,-0.37786573,-0.94572324,0
-0.41448248,-0.42595931,0.89605999,-0.18528554,0.36288818,0.88558738,0
0.22273614,-0.31979286,-0.27606055,0.64763252,1.9631576,1.2116277,0
-0.78441482,-0.47019533,-0.59163147,-0.85955255,-0.37786573,-0.94572324,0
0.51830937,1.3877176,-0.32114211,-0.85955255,-0.37786573,-0.94572324,0
0.18598005,0.056213332,0.85097843,1.7733799,-0.37786573,1.0348956,0
1.2136263,1.8477722,0.17475504,-0.85955255,-0.37786573,-0.94572324,0
0.45597645,0.71090646,0.08459192,0.41049982,-0.37786573,0.90387002,0
-0.37315304,-0.44365372,0.30999972,0.81261274,0.65174204,0.88863449,0
-0.19614787,-0.30652205,2.0681805,-0.85955255,-0.37786573,-0.94572324,0
0.6382325,2.6042082,-0.27606055,0.45269425,-0.37786573,0.26702489,0
-0.78441482,-0.47019533,-0.59163147,-0.85955255,-0.37786573,-0.94572324,0
-0.78441482,-0.47019533,-0.59163147,-0.85955255,-0.37786573,-0.94572324,0
-0.182936,-0.42153571,-0.32114211,0.82527107,-0.37786573,0.48336941,0
-0.78441482,-0.47019533,-0.59163147,-0.85955255,-0.37786573,-0.94572324,0
-0.03032197,-0.33748727,-0.27606055,0.6674639,-0.37786573,0.78198578,0
-0.78441482,-0.47019533,-0.59163147,-0.85955255,-0.37786573,-0.94572324,0
-0.16532017,-0.076494735,1.8878543,-0.85955255,-0.37786573,-0.94572324,0
0.68752293,2.5245834,-0.18589744,-0.85955255,-0.37786573,-0.94572324,0
-0.78441482,-0.47019533,-0.59163147,-0.85955255,-0.37786573,-0.94572324,0
-0.13889643,-0.24459162,1.8878543,-0.26039163,-0.37786573,0.93434108,0
0.060467286,-0.2092028,0.30999972,0.64299113,0.35037656,1.3944541,0
-0.3040448,-0.44807732,-0.41130523,-0.85955255,-0.37786573,-0.94572324,0
-0.070804492,-0.32421646,0.44524439,0.74425776,-0.37786573,1.4035954,0
-0.78441482,-0.47019533,-0.59163147,-0.85955255,-0.37786573,-0.94572324,0
0.26813077,0.3924071,0.08459192,1.4514364,-0.37786573,1.2603814,0
-0.28727589,-0.44807732,-0.230979,1.802916,-0.37786573,0.43766282,0
-0.028458757,-0.30652205,-0.36622367,-0.85955255,-0.37786573,-0.94572324,0
-0.78441482,-0.47019533,-0.59163147,-0.85955255,-0.37786573,-0.94572324,0
-0.1402515,-0.41711211,-0.095734317,-0.85955255,-0.37786573,-0.94572324,0
0.14329554,-0.0012934972,0.26491816,1.6780205,0.41724789,0.81245684,0
-0.097058848,-0.37287609,0.12967348,-0.85955255,-0.37786573,-0.94572324,0
-0.014061207,-0.41268851,-0.095734317,1.0746402,1.3064292,1.0166129,0
0.50340368,0.82149652,-0.41130523,1.083079,-0.37786573,0.83073948,0
0.35282224,0.7905313,0.26491816,-0.85955255,-0.37786573,-0.94572324,0
0.010838085,-0.24459162,-0.0055711987,1.2978487,-0.37786573,1.4523491,0
0.31826812,-0.31979286,-0.45638679,-0.85955255,-0.37786573,-0.94572324,0
0.031672186,-0.30209845,-0.0055711987,-0.85955255,-0.37786573,-0.94572324,0
-0.78441482,-0.47019533,-0.59163147,-0.85955255,-0.37786573,-0.94572324,0
0.015072658,-0.24459162,-0.0055711987,-0.85955255,-0.37786573,-0.94572324,0
0.21782404,0.22431022,0.12967348,0.52780033,1.2233256,1.3396062,0
0.35163656,-0.12957796,-0.0055711987,-0.85955255,-0.37786573,-0.94572324,0
-0.21342493,-0.35960528,0.76081531,1.4421536,1.0808248,0.72713788,0
-0.78441482,-0.47019533,-0.59163147,-0.85955255,-0.37786573,-0.94572324,0
-0.78441482,-0.47019533,-0.59163147,-0.85955255,-0.37786573,-0.94572324,0
-0.78441482,-0.47019533,-0.59163147,-0.85955255,-0.37786573,-0.94572324,0
-0.18971132,-0.43480652,-0.0055711987,0.97548324,-0.37786573,1.6747878,0
-0.78441482,-0.47019533,-0.59163147,-0.85955255,-0.37786573,-0.94572324,0
2.629329,5.0593075,-0.41130523,1.7830846,-0.37786573,0.25178936,0
-0.78441482,-0.47019533,-0.59163147,-0.85955255,-0.37786573,-0.94572324,0
-0.78441482,-0.47019533,-0.59163147,-0.85955255,-0.37786573,-0.94572324,0
-0.78441482,-0.47019533,-0.59163147,-0.85955255,-0.37786573,-0.94572324,0
0.11179032,-0.42595931,0.039510361,0.75818193,-0.37786573,1.2420988,0
-0.39517282,-0.43038291,-0.59163147,0.17294517,-0.37786573,0.270072,0
0.16429903,-0.22689721,-0.14081588,-0.85955255,-0.37786573,-0.94572324,0
-0.097566997,0.33932388,1.5272018,-0.85955255,-0.37786573,-0.94572324,0
0.88908863,1.0869127,0.08459192,0.78307664,1.0312722,0.9983303,0
0.32893925,0.21546301,0.80589687,-0.85955255,-0.37786573,-0.94572324,0
0.0084667236,-0.098612747,1.2567125,-0.85955255,-0.37786573,-0.94572324,0
-0.22223284,-0.4038413,-0.230979,-0.85955255,-0.37786573,-0.94572324,0
0.49256317,-0.12073076,-0.45638679,1.0881424,1.9712573,1.0318485,0
0.24136827,-0.041105917,-0.095734317,0.82864662,-0.37786573,0.65400734,0
0.29777279,-0.17823759,0.2198366,-0.85955255,-0.37786573,-0.94572324,0
0.34757137,0.89227416,-0.32114211,0.44509925,-0.37786573,0.26397779,0
0.26745324,0.11814376,0.08459192,-0.85955255,-0.37786573,-0.94572324,0
0.26559003,-0.36402888,-0.095734317,0.9417277,-0.37786573,1.2238161,0
0.19614302,-0.12957796,-0.050652758,-0.85955255,-0.37786573,-0.94572324,0
1.4736292,2.2105076,-0.230979,1.8978535,-0.37786573,0.69666682,0
0.16379088,-0.43038291,-0.230979,-0.85955255,-0.37786573,-0.94572324,0
-0.16938536,-0.42595931,-0.18589744,0.35142761,1.124846,1.0775551,0
-0.13906582,-0.38614689,-0.18589744,1.1932065,-0.37786573,1.565092,0
0.33419012,-0.45250093,-0.0055711987,-0.85955255,-0.37786573,-0.94572324,0
1.163489,4.130351,-0.45638679,1.174641,-0.37786573,0.92519976,0
-0.17785451,-0.24901522,2.3386699,0.19193267,-0.37786573,0.95871792,0
-0.78441482,-0.47019533,-0.59163147,-0.85955255,-0.37786573,-0.94572324,0
-0.78441482,-0.47019533,-0.59163147,-0.85955255,-0.37786573,-0.94572324,0
0.3145417,-0.25786243,-0.27606055,0.99067324,2.2252103,1.2299103,0
-0.78441482,-0.47019533,-0.59163147,-0.85955255,-0.37786573,-0.94572324,0
0.34198173,-0.24459162,-0.41130523,1.2763295,2.037964,1.3457004,0
-0.78441482,-0.47019533,-0.59163147,-0.85955255,-0.37786573,-0.94572324,0
-0.20207627,-0.27998044,0.58048907,0.23075154,0.37381939,0.92215265,0
-0.27406402,-0.36845248,1.2116309,0.56872893,0.096719874,1.0409898,0
-0.25848079,-0.44365372,0.12967348,-0.85955255,-0.37786573,-0.94572324,0
0.12652663,0.33932388,0.30999972,0.45944536,1.0179704,0.81550395,0
-0.78441482,-0.47019533,-0.59163147,-0.85955255,-0.37786573,-0.94572324,0
-0.78441482,-0.47019533,-0.59163147,-0.85955255,-0.37786573,-0.94572324,0
-0.78441482,-0.47019533,-0.59163147,-0.85955255,-0.37786573,-0.94572324,0
0.10078043,-0.32421646,0.08459192,-0.85955255,-0.37786573,-0.94572324,0
0.17869658,-0.41268851,-0.050652758,-0.85955255,-0.37786573,-0.94572324,0
-0.78441482,-0.47019533,-0.59163147,-0.85955255,-0.37786573,-0.94572324,0
-0.78441482,-0.47019533,-0.59163147,-0.85955255,-0.37786573,-0.94572324,0
-0.78441482,-0.47019533,-0.59163147,-0.85955255,-0.37786573,-0.94572324,0
0.24966803,-0.26228603,-0.36622367,1.1193663,1.5077017,1.5772804,0
0.43260161,-0.34633447,-0.050652758,-0.85955255,-0.37786573,-0.94572324,0
0.059620372,0.52069157,0.80589687,-0.85955255,-0.37786573,-0.94572324,0
-0.78441482,-0.47019533,-0.59163147,-0.85955255,-0.37786573,-0.94572324,0
-0.78441482,-0.47019533,-0.59163147,-0.85955255,-0.37786573,-0.94572324,0
-0.78441482,-0.47019533,-0.59163147,-0.85955255,-0.37786573,-0.94572324,0
0.12313897,-0.26670963,-0.41130523,-0.85955255,-0.37786573,-0.94572324,1
1.6076111,-0.27555684,-0.50146835,2.0295001,6.5452431,1.3731243,1
1.4170553,0.069484139,-0.54654991,1.9881496,10.939259,1.190298,1
0.41938974,-0.18266119,-0.32114211,0.67716862,1.7773271,1.1293559,1
6.1960255,1.5823561,-0.59163147,9.591164,23.617122,1.3700772,1
3.389689,1.0205586,-0.54654991,-0.85955255,-0.37786573,-0.94572324,1
1.8069748,1.0426766,-0.54654991,3.0016598,13.750423,0.69057261,1
1.4033352,-0.12957796,0.08459192,-0.85955255,-0.37786573,-0.94572324,1
1.999055,0.05178973,-0.41130523,2.0729604,-0.37786573,1.047084,1
0.39872502,-0.18708479,-0.36622367,1.0771718,1.4236433,1.391407,1
0.043020843,-0.43480652,-0.36622367,1.8155744,3.7314121,1.220769,1
1.2837509,-0.21805001,-0.41130523,1.4940528,2.5565707,0.8429279,1
0.50543627,-0.3949941,-0.0055711987,1.2181012,1.0804627,1.6016573,1
0.35790373,-0.25786243,-0.41130523,0.9303352,3.2199831,1.4736788,1
0.87265849,-0.16939038,-0.50146835,2.0556607,6.5452431,1.4066425,1
0.48951427,-0.28440404,-0.095734317,2.878874,1.0257737,1.2542872,1
0.30878268,-0.31979286,-0.50146835,1.6307628,6.1726931,1.5468094,1
0.53558643,-0.12957796,-0.45638679,1.4564998,3.2450722,1.2725698,1
0.15837063,-0.28440404,-0.36622367,1.5219011,-0.37786573,1.3274177,1
-0.092654892,-0.3994177,-0.0055711987,1.1029104,0.87276973,1.2085806,1
-0.22494297,-0.42595931,-0.27606055,1.5535469,4.0606653,1.104979,1
0.81354384,-0.34633447,-0.095734317,4.0037775,1.6538242,0.93738818,1
0.80338086,-0.33748727,-0.050652758,2.1197962,0.64048158,1.5803275,1
-0.78441482,-0.47019533,-0.59163147,-0.85955255,-0.37786573,-0.94572324,1
0.33063308,-0.34633447,0.12967348,1.2181012,1.0804627,1.4401607,1
4.1664791,0.65782324,-0.36622367,4.9421817,1.4848844,1.391407,1
-0.062674111,-0.23132081,0.89605999,0.056910488,-0.37786573,1.0745079,0
-0.78441482,-0.47019533,-0.59163147,-0.85955255,-0.37786573,-0.94572324,0
0.74223362,2.1662716,-0.095734317,1.4193687,0.34968513,0.92824687,0
0.13601208,-0.28440404,-0.27606055,-0.85955255,-0.37786573,-0.94572324,0
1.5144504,1.9627859,0.62557063,-0.85955255,-0.37786573,-0.94572324,0
0.23137467,0.44106673,-0.230979,-0.85955255,-0.37786573,-0.94572324,0
-0.22646741,-0.36402888,0.40016284,0.863668,0.8996368,0.87644607,0
-0.78441482,-0.47019533,-0.59163147,-0.85955255,-0.37786573,-0.94572324,0
-0.78441482,-0.47019533,-0.59163147,-0.85955255,-0.37786573,-0.94572324,0
0.31521923,0.5870456,0.58048907,0.59024809,-0.37786573,0.83073948,0
1.1089477,2.1883896,-0.27606055,1.5948975,-0.37786573,0.92824687,0
0.38669883,0.37028909,0.08459192,0.47885479,-0.37786573,1.1202145,0
0.16497656,-0.16939038,-0.18589744,1.0413066,1.5127063,1.0409898,0
-0.78441482,-0.47019533,-0.59163147,-0.85955255,-0.37786573,-0.94572324,0
0.0084667236,-0.3994177,-0.0055711987,0.25944376,1.2687955,1.0684137,0
0.18276177,-0.2003556,-0.36622367,0.41640704,1.5996292,1.047084,0
-0.78441482,-0.47019533,-0.59163147,-0.85955255,-0.37786573,-0.94572324,0
-0.78441482,-0.47019533,-0.59163147,-0.85955255,-0.37786573,-0.94572324,0
-0.78441482,-0.47019533,-0.59163147,-0.85955255,-0.37786573,-0.94572324,0
-0.13093544,-0.43923012,-0.230979,1.6885691,2.1410202,0.73018498,0
-0.78441482,-0.47019533,-0.59163147,-0.85955255,-0.37786573,-0.94572324,0
0.8933232,-0.44365372,-0.41130523,-0.85955255,-0.37786573,-0.94572324,0
-0.78441482,-0.47019533,-0.59163147,-0.85955255,-0.37786573,-0.94572324,0
0.29455451,-0.0012934972,-0.18589744,-0.85955255,-0.37786573,-0.94572324,0
0.021001061,-0.14727237,0.58048907,0.82442718,0.18502559,1.2055335,0
-0.78441482,-0.47019533,-0.59163147,-0.85955255,-0.37786573,-0.94572324,0
-0.78441482,-0.47019533,-0.59163147,-0.85955255,-0.37786573,-0.94572324,0
0.039294419,-0.3949941,-0.14081588,0.9083941,-0.37786573,1.2146748,0
-0.78441482,-0.47019533,-0.59163147,-0.85955255,-0.37786573,-0.94572324,0
-0.028458757,-0.42595931,0.17475504,-0.85955255,-0.37786573,-0.94572324,0
-0.14042088,-0.17381398,-0.0055711987,0.59953087,-0.37786573,1.3243706,0
-0.078596108,-0.2092028,5.7197868,-0.85955255,-0.37786573,-0.94572324,0
0.18106794,-0.032258713,1.301794,0.27041431,0.065934697,1.2360046,0
0.029639591,0.14910898,0.039510361,-0.85955255,-0.37786573,-0.94572324,0
-0.31522408,-0.41268851,0.08459192,-0.85955255,-0.37786573,-0.94572324,0
0.015919573,-0.32864006,-0.36622367,1.2944731,-0.37786573,0.94957661,0
-0.78441482,-0.47019533,-0.59163147,-0.85955255,-0.37786573,-0.94572324,0
1.447883,0.75514249,-0.50146835,2.0809773,2.7864883,1.1567798,0
0.39432106,-0.0057170995,0.2198366,1.2278059,-0.37786573,1.1963922,0
-0.78441482,-0.47019533,-0.59163147,-0.85955255,-0.37786573,-0.94572324,0
-0.78441482,-0.47019533,-0.59163147,-0.85955255,-0.37786573,-0.94572324,0
0.15870939,-0.16054318,0.30999972,-0.85955255,-0.37786573,-0.94572324,0
0.33673086,0.060636934,0.039510361,1.4446853,-0.37786573,0.62963049,0
-0.036419756,-0.27555684,0.17475504,0.24973904,-0.37786573,1.1933451,0
0.32893925,0.42779592,-0.18589744,0.61176725,1.2143041,0.79417421,0
0.59165219,3.0023324,0.80589687,1.3008023,-0.37786573,1.1171674,0
0.14651382,-0.27113323,-0.230979,0.79024969,-0.37786573,1.5955631,0
-0.20952912,-0.4038413,0.12967348,-0.85955255,-0.37786573,-0.94572324,0
0.97208627,5.0593075,-0.41130523,-0.85955255,-0.37786573,-0.94572324,0
0.41820406,0.14468538,-0.45638679,-0.85955255,-0.37786573,-0.94572324,0
-0.12568457,-0.39057049,0.94114155,0.44130175,0.37273286,1.2938996,0
-0.78441482,-0.47019533,-0.59163147,-0.85955255,-0.37786573,-0.94572324,0
0.37568894,2.161848,0.039510361,0.87210689,-0.37786573,0.93129397,0
0.57996476,0.74629528,-0.32114211,0.67632473,1.5130026,1.132403,0
-0.78441482,-0.47019533,-0.59163147,-0.85955255,-0.37786573,-0.94572324,0
-0.78441482,-0.47019533,-0.59163147,-0.85955255,-0.37786573,-0.94572324,0
-0.78441482,-0.47019533,-0.59163147,-0.85955255,-0.37786573,-0.94572324,0
0.066565072,-0.34191087,-0.050652758,-0.85955255,-0.37786573,-0.94572324,0
-0.5930121,-0.45250093,1.9329359,-0.17600277,-0.37786573,0.55954706,0
0.3641709,0.55608039,1.6624465,-0.85955255,-0.37786573,-0.94572324,0
-0.78441482,-0.47019533,-0.59163147,-0.85955255,-0.37786573,-0.94572324,0
-0.78441482,-0.47019533,-0.59163147,-0.85955255,-0.37786573,-0.94572324,0
0.62773075,1.2461623,-0.0055711987,1.3598745,0.21067442,0.90996423,0
-0.054374347,-0.27555684,-0.095734317,0.52315895,0.68921106,1.3487475,0
-0.52136311,-0.42153571,0.62557063,0.060707987,1.9459706,0.84597501,0
-0.34740683,-0.44365372,0.12967348,0.38855871,-0.37786573,1.0531782,0
0.14312616,0.35259468,1.8878543,2.7742318,0.18548654,0.9465295,0
-0.099430209,-0.43923012,-0.27606055,0.68096612,-0.37786573,0.96785924,0
0.78186923,0.82149652,-0.18589744,-0.85955255,-0.37786573,-0.94572324,0
0.35790373,-0.058800326,-0.36622367,0.42526787,-0.37786573,0.9465295,0
-0.21054542,-0.3949941,0.35508128,1.015568,0.22624809,1.2024864,0
-0.028119992,-0.41268851,-0.32114211,-0.85955255,-0.37786573,-0.94572324,0
0.55472671,1.0471002,-0.41130523,1.2839245,-0.37786573,0.7393263,0
-0.78441482,-0.47019533,-0.59163147,-0.85955255,-0.37786573,-0.94572324,0
-0.78441482,-0.47019533,-0.59163147,-0.85955255,-0.37786573,-0.94572324,0
0.062669264,-0.12073076,0.85097843,0.22104682,3.2027961,0.60220654,0
-0.78441482,-0.47019533,-0.59163147,-0.85955255,-0.37786573,-0.94572324,0
0.094513257,-0.27555684,-0.18589744,0.7083925,-0.37786573,1.3731243,0
-0.43328398,-0.42595931,1.4370387,1.3775962,-0.37786573,0.6844784,0
1.7908834,2.2237784,-0.0055711987,1.1805482,0.12710995,0.53821731,0
0.58995836,0.45876114,-0.230979,1.1872993,-0.37786573,1.0623195,0
0.10552315,-0.3949941,0.40016284,-0.85955255,-0.37786573,-0.94572324,0
0.12025946,0.32605307,-0.14081588,0.4818084,1.4239726,0.92519976,0
-0.18039525,-0.32864006,0.2198366,-0.85955255,-0.37786573,-0.94572324,0
-0.10739121,-0.38614689,-0.14081588,-0.85955255,-0.37786573,-0.94572324,0
-0.032015799,-0.38172329,0.039510361,0.91303549,-0.37786573,1.7052589,0
-0.78441482,-0.47019533,-0.59163147,-0.85955255,-0.37786573,-0.94572324,0
-0.10061589,-0.42153571,-0.32114211,0.56872893,2.6224214,1.7357299,0
-0.049970391,-0.31536926,0.49032595,1.4071323,-0.37786573,0.71799656,0
0.16633162,0.77283689,-0.32114211,-0.85955255,-0.37786573,-0.94572324,0
0.20139389,-0.30209845,0.2198366,0.64510085,1.958153,1.2542872,0
5.883514,-0.35075807,-0.54654991,-0.85955255,-0.37786573,-0.94572324,0
0.19902253,0.025248116,0.85097843,0.66071279,0.16991287,1.1080261,0
-0.78441482,-0.47019533,-0.59163147,-0.85955255,-0.37786573,-0.94572324,0
-0.29930208,-0.44807732,0.40016284,0.1598649,-0.37786573,1.047084,0
-0.17616068,-0.3949941,0.039510361,-0.13802778,2.0412894,1.162874,0
-0.084524511,-0.41711211,0.08459192,-0.85955255,-0.37786573,-0.94572324,0
-0.16176313,-0.37287609,0.98622311,-0.85955255,-0.37786573,-0.94572324,0
-0.14905941,-0.32864006,-0.14081588,-0.85955255,-0.37786573,-0.94572324,0
-0.39330961,-0.43923012,0.94114155,0.34130095,-0.37786573,1.421878,0
0.8467429,3.9711013,1.1214678,0.12948491,-0.37786573,0.46203967,0
0.059789754,-0.38172329,0.08459192,-0.85955255,-0.37786573,-0.94572324,0
0.63416731,-0.23574442,-0.32114211,0.93117909,0.70758339,1.0866964,0
0.19902253,-0.089765542,0.71573375,0.87337272,0.60146507,1.5224325,0
-0.10688306,-0.4082649,0.2198366,-0.85955255,-0.37786573,-0.94572324,0
0.22985023,-0.44807732,-0.14081588,-0.85955255,-0.37786573,-0.94572324,0
1.040517,3.1660057,-0.41130523,1.4556559,-0.37786573,0.45899256,0
0.4207448,0.33490027,2.1132621,1.0535429,0.15647934,0.75456183,0
1.0933645,1.6265921,0.58048907,-0.85955255,-0.37786573,-0.94572324,0
-0.78441482,-0.47019533,-0.59163147,-0.85955255,-0.37786573,-0.94572324,0
-0.16057745,-0.31979286,0.58048907,0.9007991,0.11048266,1.1842038,0
0.22155046,0.042942525,-0.230979,-0.85955255,-0.37786573,-0.94572324,0
0.21054057,0.18007419,-0.230979,0.6788564,1.5465535,0.95871792,0
0.0037240013,-0.32421646,1.0763862,0.27632153,-0.37786573,1.1232616,0
0.56014696,0.17565059,-0.14081588,0.44467731,0.3846189,0.94957661,0
-0.78441482,-0.47019533,-0.59163147,-0.85955255,-0.37786573,-0.94572324,0
-0.078087959,-0.39057049,-0.095734317,-0.85955255,-0.37786573,-0.94572324,0
-0.78441482,-0.47019533,-0.59163147,-0.85955255,-0.37786573,-0.94572324,0
-0.78441482,-0.47019533,-0.59163147,-0.85955255,-0.37786573,-0.94572324,0
0.08892362,-0.22689721,0.35508128,-0.85955255,-0.37786573,-0.94572324,0
-0.21952271,-0.30652205,1.2567125,0.82780274,0.1985579,1.1232616,0
-0.073006471,-0.35075807,-0.36622367,0.95944936,3.8971253,1.248193,0
-0.11535221,-0.36845248,1.1665493,0.22695404,-0.37786573,0.9465295,0
0.031502803,0.060636934,0.26491816,-0.85955255,-0.37786573,-0.94572324,0
-0.78441482,-0.47019533,-0.59163147,-0.85955255,-0.37786573,-0.94572324,0
0.40821046,-0.21805001,-0.41130523,-0.85955255,-0.37786573,-0.94572324,0
-0.12077246,-0.3949941,0.40016284,0.65438363,0.19091922,0.93738818,0
-0.78441482,-0.47019533,-0.59163147,-0.85955255,-0.37786573,-0.94572324,0
-0.2821944,-0.3949941,2.0681805,1.0792815,0.080520616,0.97090635,0
-0.78441482,-0.47019533,-0.59163147,-0.85955255,-0.37786573,-0.94572324,0
-0.45564253,-0.44365372,3.150138,0.21556155,-0.37786573,0.87644607,0
-0.78441482,-0.47019533,-0.59163147,-0.85955255,-0.37786573,-0.94572324,0
-0.23408965,-0.33306367,0.44524439,0.49446673,0.33190546,1.3121822,0
0.48917551,-0.43480652,-0.45638679,-0.85955255,-0.37786573,-0.94572324,0
-0.2464546,-0.4082649,-0.230979,0.4932009,-0.37786573,1.3274177,0
-0.067416834,-0.3994177,0.26491816,0.86029245,-0.37786573,1.1141203,0
-0.78441482,-0.47019533,-0.59163147,-0.85955255,-0.37786573,-0.94572324,0
0.15159531,-0.31536926,0.039510361,-0.85955255,-0.37786573,-0.94572324,0
-0.78441482,-0.47019533,-0.59163147,-0.85955255,-0.37786573,-0.94572324,0
-0.78441482,-0.47019533,-0.59163147,-0.85955255,-0.37786573,-0.94572324,0
0.048779863,-0.32421646,0.35508128,1.1615607,0.44490516,1.1141203,0
-0.11264208,0.24642823,1.6173649,0.37083705,0.067580964,0.90387002,0
-0.78441482,-0.47019533,-0.59163147,-0.85955255,-0.37786573,-0.94572324,0
-0.22528173,-0.44365372,-0.0055711987,0.0079649487,-0.37786573,0.78198578,0
0.39347415,1.838925,0.12967348,0.14678463,0.53281577,0.5808768,0
-0.78441482,-0.47019533,-0.59163147,-0.85955255,-0.37786573,-0.94572324,0
0.92990992,2.9050132,-0.45638679,0.70206333,-0.37786573,0.52602889,0
-0.043364456,-0.34633447,-0.050652758,0.91936465,-0.37786573,1.0897435,0
-0.78441482,-0.47019533,-0.59163147,-0.85955255,-0.37786573,-0.94572324,0
0.30048291,-0.12515436,-0.0055711987,0.98139046,-0.37786573,1.0592724,0
0.11263723,-0.18266119,1.4821203,0.19235461,0.32858,0.73323209,0
-0.13195173,-0.28440404,0.49032595,1.3307603,-0.37786573,1.0013774,0
0.63670805,0.71975367,0.62557063,2.1404715,-0.37786573,1.4127367,0
0.4425952,-0.11188355,-0.41130523,1.0843449,1.6485562,1.0166129,0
0.30437872,0.3791363,0.039510361,1.0991129,-0.37786573,1.2847583,0
-0.78441482,-0.47019533,-0.59163147,-0.85955255,-0.37786573,-0.94572324,0
0.38280302,-0.010140702,-0.36622367,-0.85955255,-0.37786573,-0.94572324,0
-0.78441482,-0.47019533,-0.59163147,-0.85955255,-0.37786573,-0.94572324,0
-0.10010774,-0.26670963,-0.41130523,0.73961638,-0.37786573,0.88863449,0
-0.16633647,-0.44365372,0.53540751,-0.85955255,-0.37786573,-0.94572324,0
-0.014399973,-0.36402888,-0.095734317,1.1708435,-0.37786573,1.0379427,0
0.26728386,-0.44365372,-0.32114211,0.9265377,-0.37786573,0.95262371,0
0.18022103,-0.28882764,1.2567125,2.264945,0.42709256,1.4462549,0
0.56421215,0.37028909,0.53540751,1.0218971,-0.37786573,1.2299103,0
-0.78441482,-0.47019533,-0.59163147,-0.85955255,-0.37786573,-0.94572324,0
0.27897128,-0.195932,0.039510361,-0.85955255,-0.37786573,-0.94572324,0
-0.012197995,-0.4038413,-0.095734317,-0.85955255,-0.37786573,-0.94572324,0
-0.22172469,-0.28440404,0.80589687,0.40628037,0.13464985,1.2146748,0
-0.19005008,-0.35075807,0.12967348,1.0889863,-0.37786573,1.1872509,0
-0.30658555,-0.39057049,1.4821203,0.38855871,0.15397701,0.85511633,0
-0.2315489,-0.28882764,-0.095734317,-0.85955255,-0.37786573,-0.94572324,0
-0.053866198,-0.32421646,-0.050652758,-0.85955255,-0.37786573,-0.94572324,0
-0.78441482,-0.47019533,-0.59163147,-0.85955255,-0.37786573,-0.94572324,0
-0.78441482,-0.47019533,-0.59163147,-0.85955255,-0.37786573,-0.94572324,0
-0.50188408,-0.43923012,0.17475504,-0.19709998,1.2748208,0.68143129,0
-0.28947787,-0.010140702,1.6173649,-0.85955255,-0.37786573,-0.94572324,0
-0.78441482,-0.47019533,-0.59163147,-0.85955255,-0.37786573,-0.94572324,0
1.3831787,4.7452317,-0.14081588,0.48771563,-0.37786573,0.37976781,0
0.043020843,-0.14727237,1.7526096,0.14172129,-0.37786573,0.98918898,0
1.2754511,4.9354466,-0.050652758,1.8894146,-0.37786573,0.59611233,0
0.21511391,0.23315742,-0.0055711987,0.18307184,-0.37786573,0.25483647,0
-0.78441482,-0.47019533,-0.59163147,-0.85955255,-0.37786573,-0.94572324,0
0.44581348,-0.14284877,0.039510361,1.56072,-0.37786573,1.2756169,0
0.31674367,0.91881577,0.2198366,0.36197622,0.53281577,0.70885524,0
-0.78441482,-0.47019533,-0.59163147,-0.85955255,-0.37786573,-0.94572324,0
-0.78441482,-0.47019533,-0.59163147,-0.85955255,-0.37786573,-0.94572324,0
2.1819886,2.7723051,-0.50146835,2.0252807,-0.37786573,0.28530753,0
0.7523966,0.34374748,-0.050652758,0.9712638,-0.37786573,1.132403,0
1.2769756,5.0239186,-0.18589744,-0.85955255,-0.37786573,-0.94572324,0
-0.11315023,-0.38614689,0.2198366,0.71008027,-0.37786573,1.4035954,0
-0.78441482,-0.47019533,-0.59163147,-0.85955255,-0.37786573,-0.94572324,0
-0.78441482,-0.47019533,-0.59163147,-0.85955255,-0.37786573,-0.94572324,0
-0.28710651,-0.3949941,0.30999972,-0.85955255,-0.37786573,-0.94572324,0
0.042682078,-0.28440404,-0.0055711987,0.78687414,-0.37786573,1.0166129,0
-0.78441482,-0.47019533,-0.59163147,-0.85955255,-0.37786573,-0.94572324,0
-0.78441482,-0.47019533,-0.59163147,-0.85955255,-0.37786573,-0.94572324,0
0.24848235,-0.25786243,-0.230979,0.78560831,2.0922908,1.0074716,0
0.023372422,-0.34633447,-0.230979,0.26703875,-0.37786573,1.1110732,0
0.42362431,0.9851698,-0.0055711987,0.79362525,-0.37786573,0.93129397,0
0.44208705,-0.12073076,-0.41130523,-0.85955255,-0.37786573,-0.94572324,0
0.19529611,0.20661581,-0.230979,-0.85955255,-0.37786573,-0.94572324,0
1.2036328,0.56492759,-0.32114211,0.74383582,-0.37786573,0.90082291,0
0.84962241,0.020824514,0.2198366,0.57168254,-0.37786573,0.18170593,0
-0.17277302,-0.44807732,0.35508128,-0.85955255,-0.37786573,-0.94572324,0
0.34621631,0.14026177,-0.32114211,-0.85955255,-0.37786573,-0.94572324,0
-0.78441482,-0.47019533,-0.59163147,-0.85955255,-0.37786573,-0.94572324,0
0.028284528,-0.3994177,-0.050652758,-0.85955255,-0.37786573,-0.94572324,0
0.055385798,-0.41268851,-0.0055711987,-0.85955255,-0.37786573,-0.94572324,0
3.0744673,5.0814255,-0.45638679,1.3704231,-0.37786573,0.40719176,0
-0.28100872,-0.44365372,-0.27606055,2.0252807,2.8233976,0.75151473,0
-0.78441482,-0.47019533,-0.59163147,-0.85955255,-0.37786573,-0.94572324,0
0.86927083,2.4715002,-0.36622367,-0.85955255,-0.37786573,-0.94572324,0
-0.12060308,-0.23574442,-0.18589744,0.93075715,-0.37786573,1.680882,0
-0.19326836,-0.36402888,0.2198366,-0.85955255,-0.37786573,-0.94572324,0
-0.78441482,-0.47019533,-0.59163147,-0.85955255,-0.37786573,-0.94572324,0
0.20461217,-0.049953122,0.98622311,0.14129935,-0.050983124,1.0897435,0
0.014225744,-0.36402888,0.89605999,-0.85955255,-0.37786573,-0.94572324,0
-0.78441482,-0.47019533,-0.59163147,-0.85955255,-0.37786573,-0.94572324,0
0.013378829,0.01197731,0.85097843,1.7041811,-0.041336004,1.2999938,0
-0.78441482,-0.47019533,-0.59163147,-0.85955255,-0.37786573,-0.94572324,0
0.06182235,-0.24016802,0.85097843,0.14889435,0.038837157,1.2634285,0
-0.24171188,-0.43480652,0.26491816,2.3729628,-0.37786573,0.41328597,0
-0.37840391,-0.24016802,2.8796486,0.82991246,0.088422693,0.52602889,0
1.8376331,2.3653337,-0.45638679,2.4455372,-0.37786573,0.76370315,0
-0.78441482,-0.47019533,-0.59163147,-0.85955255,-0.37786573,-0.94572324,0
-0.78441482,-0.47019533,-0.59163147,-0.85955255,-0.37786573,-0.94572324,0
0.3829724,0.34374748,-0.230979,1.0691549,-0.37786573,1.0288014,0
-0.78441482,-0.47019533,-0.59163147,-0.85955255,-0.37786573,-0.94572324,0
-0.78441482,-0.47019533,-0.59163147,-0.85955255,-0.37786573,-0.94572324,0
-0.31607099,-0.43923012,-0.050652758,1.189409,1.1905649,0.62963049,0
0.75070277,0.67994125,-0.41130523,-0.85955255,-0.37786573,-0.94572324,0
-0.78441482,-0.47019533,-0.59163147,-0.85955255,-0.37786573,-0.94572324,0
0.39652304,0.35701828,-0.14081588,0.92906937,-0.37786573,1.1141203,0
-0.40465827,-0.38614689,2.5640777,0.5712606,0.22042031,0.66314866,0
-0.78441482,-0.47019533,-0.59163147,-0.85955255,-0.37786573,-0.94572324,0
0.089093003,-0.15611958,-0.230979,0.56450949,-0.37786573,1.1567798,0
-0.057253857,-0.32421646,0.94114155,-0.85955255,-0.37786573,-0.94572324,0
0.14854642,-0.30209845,-0.095734317,-0.85955255,-0.37786573,-0.94572324,0
-0.78441482,-0.47019533,-0.59163147,-0.85955255,-0.37786573,-0.94572324,0
0.062838647,-0.2003556,-0.0055711987,-0.85955255,-0.37786573,-0.94572324,0
-0.10366478,-0.29767485,0.67065219,1.106286,-0.37786573,1.0166129,0
-0.78441482,-0.47019533,-0.59163147,-0.85955255,-0.37786573,-0.94572324,0
-0.78441482,-0.47019533,-0.59163147,-0.85955255,-0.37786573,-0.94572324,0
0.3790766,-0.35960528,-0.27606055,-0.85955255,-0.37786573,-0.94572324,0
-0.07351462,-0.44807732,-0.36622367,-0.85955255,-0.37786573,-0.94572324,0
-0.78441482,-0.47019533,-0.59163147,-0.85955255,-0.37786573,-0.94572324,0
-0.2027538,-0.42595931,-0.14081588,-0.85955255,-0.37786573,-0.94572324,0
-0.78441482,-0.47019533,-0.59163147,-0.85955255,-0.37786573,-0.94572324,0
-0.78441482,-0.47019533,-0.59163147,-0.85955255,-0.37786573,-0.94572324,0
-0.21088418,-0.45250093,-0.050652758,-0.85955255,-0.37786573,-0.94572324,0
14.210041,-0.11630716,-0.59163147,7.8645679,-0.37786573,0.71494946,0
-0.48460702,-0.4038413,5.4042159,0.16408434,-0.37786573,0.4772752,0
-0.23171829,-0.12073076,3.4657089,-0.85955255,-0.37786573,-0.94572324,0
0.39974132,0.32605307,-0.050652758,0.49573257,0.42268057,0.80331553,0
-0.78441482,-0.47019533,-0.59163147,-0.85955255,-0.37786573,-0.94572324,0
-0.78441482,-0.47019533,-0.59163147,-0.85955255,-0.37786573,-0.94572324,0
-0.54507673,-0.4038413,0.17475504,0.87674828,-0.37786573,0.67228997,0
6.4394288,-0.44365372,-0.50146835,-0.85955255,-0.37786573,-0.94572324,0
-0.34842313,-0.36402888,0.039510361,0.045096048,1.2838424,1.190298,0
0.79829937,0.47645554,-0.36622367,1.9210604,0.9991042,1.1476385,0
-0.48680899,-0.42595931,0.26491816,-0.85955255,-0.37786573,-0.94572324,0
-0.31149765,-0.41268851,0.44524439,0.91894271,0.44454298,0.96785924,0
-0.43091262,-0.44365372,0.44524439,-0.85955255,-0.37786573,-0.94572324,0
-0.78441482,-0.47019533,-0.59163147,-0.85955255,-0.37786573,-0.94572324,0
-0.78441482,-0.47019533,-0.59163147,-0.85955255,-0.37786573,-0.94572324,0
-0.40923161,-0.41711211,1.6624465,0.80375191,0.24001088,0.75456183,0
0.63772435,4.8292801,0.26491816,1.0164118,-0.37786573,0.53517021,0
1.4451728,5.0858491,-0.27606055,0.6788564,-0.37786573,0.2731191,0
-0.78441482,-0.47019533,-0.59163147,-0.85955255,-0.37786573,-0.94572324,0
0.079946324,-0.26228603,0.94114155,1.083501,-0.37786573,1.3517946,0
-0.78441482,-0.47019533,-0.59163147,-0.85955255,-0.37786573,-0.94572324,0
-0.78441482,-0.47019533,-0.59163147,-0.85955255,-0.37786573,-0.94572324,0
-0.1312742,-0.35960528,1.5722834,0.1636624,0.034359313,1.2542872,0
-0.78441482,-0.47019533,-0.59163147,-0.85955255,-0.37786573,-0.94572324,0
0.16311335,-0.37287609,-0.36622367,-0.85955255,-0.37786573,-0.94572324,0
1.4067229,-0.45250093,0.17475504,-0.85955255,-0.37786573,-0.94572324,0
-0.31403839,-0.43923012,-0.14081588,-0.85955255,-0.37786573,-0.94572324,0
0.056402096,-0.27555684,0.2198366,1.1552315,0.37115244,1.3243706,0
-0.024901716,-0.26670963,-0.050652758,0.49910812,0.68921106,1.3578888,0
0.30302366,0.10929656,0.12967348,0.64510085,1.179074,0.79417421,0
-0.31556284,-0.45250093,-0.18589744,0.96620047,1.524757,0.9434824,0
0.385005,-0.32864006,-0.14081588,1.1801262,-0.37786573,1.5894688,0
-0.056915091,-0.31979286,-0.27606055,0.6227378,-0.37786573,1.3365591,0
1.2884936,0.71975367,-0.41130523,-0.85955255,-0.37786573,-0.94572324,0
0.47426981,0.35259468,-0.14081588,0.37885399,2.4231903,0.88558738,0
-0.78441482,-0.47019533,-0.59163147,-0.85955255,-0.37786573,-0.94572324,0
0.16243582,-0.29325125,-0.32114211,0.66788584,1.6992612,1.479773,0
-0.78441482,-0.47019533,-0.59163147,-0.85955255,-0.37786573,-0.94572324,0
0.42091418,0.21988661,-0.45638679,2.1771806,-0.37786573,1.1506856,0
2.4677376,3.67472,-0.45638679,-0.85955255,-0.37786573,-0.94572324,0
-0.15651226,-0.43038291,-0.230979,-0.85955255,-0.37786573,-0.94572324,0
-0.78441482,-0.47019533,-0.59163147,-0.85955255,-0.37786573,-0.94572324,0
-0.78441482,-0.47019533,-0.59163147,-0.85955255,-0.37786573,-0.94572324,0
-0.083000064,-0.23132081,-0.41130523,-0.85955255,-0.37786573,-0.94572324,0
-0.78441482,-0.47019533,-0.59163147,-0.85955255,-0.37786573,-0.94572324,0
0.90805952,0.15795618,-0.18589744,-0.85955255,-0.37786573,-0.94572324,0
-0.78441482,-0.47019533,-0.59163147,-0.85955255,-0.37786573,-0.94572324,0
0.31911504,0.83034372,0.44524439,0.26324125,-0.37786573,0.94043529,0
0.73427262,1.1444195,-0.41130523,-0.85955255,-0.37786573,-0.94572324,0
-0.78441482,-0.47019533,-0.59163147,-0.85955255,-0.37786573,-0.94572324,0
-0.22714495,-0.41711211,-0.0055711987,-0.85955255,-0.37786573,-0.94572324,0
0.69192689,0.3835599,0.039510361,1.3096631,-0.37786573,0.87644607,0
0.090278684,-0.058800326,0.17475504,0.82527107,0.93256212,1.2024864,0
0.20207142,0.10044935,1.9329359,0.049737435,0.0036399867,0.87035185,0
-0.031338267,-0.43038291,0.12967348,-0.85955255,-0.37786573,-0.94572324,0
-0.52830781,-0.44365372,1.301794,0.95522992,0.68667581,0.65400734,0
1.02595,4.3603783,0.08459192,0.33623762,-0.37786573,0.30663727,0
0.4485236,-0.42153571,-0.41130523,-0.85955255,-0.37786573,-0.94572324,0
-0.17616068,-0.35960528,1.2116309,1.363672,0.07591107,0.8947287,0
-0.0061002093,-0.28882764,-0.14081588,-0.85955255,-0.37786573,-0.94572324,0
-0.78441482,-0.47019533,-0.59163147,-0.85955255,-0.37786573,-0.94572324,0
0.40414527,-0.22247361,0.12967348,-0.85955255,-0.37786573,-0.94572324,0
1.1191107,0.83919093,-0.27606055,2.1252815,-0.37786573,0.86730475,0
0.018460317,-0.18708479,-0.45638679,-0.85955255,-0.37786573,-0.94572324,0
-0.41160297,-0.45250093,0.12967348,0.30923318,1.1584298,0.83073948,0
0.40516157,0.50742076,0.58048907,0.98982935,-0.37786573,1.1933451,0
0.16175828,0.05178973,1.0763862,0.50417145,0.54588713,0.95567082,0
1.2393726,1.3036692,-0.27606055,1.2037551,-0.37786573,0.94043529,0
-0.78441482,-0.47019533,-0.59163147,-0.85955255,-0.37786573,-0.94572324,0
-0.78441482,-0.47019533,-0.59163147,-0.85955255,-0.37786573,-0.94572324,0
-0.78441482,-0.47019533,-0.59163147,-0.85955255,-0.37786573,-0.94572324,0
-0.2960838,-0.30209845,2.4739146,0.5189395,0.10356834,1.0044245,0
-0.78441482,-0.47019533,-0.59163147,-0.85955255,-0.37786573,-0.94572324,0
-0.78441482,-0.47019533,-0.59163147,-0.85955255,-0.37786573,-0.94572324,0
-0.21240863,-0.38614689,1.2567125,0.50543729,0.10327201,1.2329575,0
-0.78441482,-0.47019533,-0.59163147,-0.85955255,-0.37786573,-0.94572324,0
1.2412358,2.1043412,-0.050652758,-0.85955255,-0.37786573,-0.94572324,0
1.6506343,-0.42595931,-0.32114211,-0.85955255,-0.37786573,-0.94572324,0
-0.78441482,-0.47019533,-0.59163147,-0.85955255,-0.37786573,-0.94572324,0
-0.19038885,-0.38614689,2.1132621,2.9944867,-0.37786573,0.97090635,0
0.099086597,0.17122699,1.0313047,0.32484512,0.039298111,1.1080261,0
1.0076567,0.49857356,-0.45638679,-0.85955255,-0.37786573,-0.94572324,0
-0.060980282,-0.3949941,0.08459192,-0.85955255,-0.37786573,-0.94572324,0
-0.78441482,-0.47019533,-0.59163147,-0.85955255,-0.37786573,-0.94572324,0
0.63924879,0.65782324,0.12967348,0.4151412,-0.37786573,1.1476385,0
-0.78441482,-0.47019533,-0.59163147,-0.85955255,-0.37786573,-0.94572324,0
1.2869692,5.0725783,-0.45638679,-0.85955255,-0.37786573,-0.94572324,0
-0.78441482,-0.47019533,-0.59163147,-0.85955255,-0.37786573,-0.94572324,0
1.7158468,1.2682803,-0.50146835,2.0721165,-0.37786573,0.4285215,0
1.4201041,2.0866468,-0.095734317,0.348474,0.73708448,0.40109755,0
0.62773075,0.047366127,0.49032595,1.2341351,0.066724905,1.2085806,0
0.60232331,-0.032258713,-0.14081588,0.65100807,0.87602934,1.0745079,0
-0.78441482,-0.47019533,-0.59163147,-0.85955255,-0.37786573,-0.94572324,0
0.36196892,-0.08534194,0.35508128,0.78687414,-0.37786573,0.93129397,0
-0.78441482,-0.47019533,-0.59163147,-0.85955255,-0.37786573,-0.94572324,0
0.4515725,-0.16496678,-0.14081588,-0.85955255,-0.37786573,-0.94572324,0
-0.78441482,-0.47019533,-0.59163147,-0.85955255,-0.37786573,-0.94572324,0
-0.78441482,-0.47019533,-0.59163147,-0.85955255,-0.37786573,-0.94572324,0
-0.30929567,-0.45250093,0.17475504,-0.85955255,-0.37786573,-0.94572324,0
-0.78441482,-0.47019533,-0.59163147,-0.85955255,-0.37786573,-0.94572324,0
-0.78441482,-0.47019533,-0.59163147,-0.85955255,-0.37786573,-0.94572324,0
0.34113482,2.7103747,-0.36622367,0.67337112,0.45774604,0.66010155,0
5.1861644,-0.45250093,-0.54654991,-0.85955255,-0.37786573,-0.94572324,0
0.93736277,0.86130894,-0.050652758,0.689405,0.41267127,0.88558738,0
-0.22934692,-0.35960528,0.17475504,2.0189515,-0.37786573,0.78198578,0
-0.058778304,-0.43480652,0.49032595,0.64889835,-0.37786573,1.3853127,0
0.51797061,1.5690853,0.53540751,-0.85955255,-0.37786573,-0.94572324,0
-0.78441482,-0.47019533,-0.59163147,-0.85955255,-0.37786573,-0.94572324,0
-0.78441482,-0.47019533,-0.59163147,-0.85955255,-0.37786573,-0.94572324,0
-0.78441482,-0.47019533,-0.59163147,-0.85955255,-0.37786573,-0.94572324,0
-0.21545752,-0.45250093,0.49032595,-0.85955255,-0.37786573,-0.94572324,0
0.63196533,0.14468538,-0.41130523,1.0282263,1.6485562,1.1659211,0
0.94617068,0.20219221,-0.18589744,1.0408846,1.7736724,1.0288014,0
-0.78441482,-0.47019533,-0.59163147,-0.85955255,-0.37786573,-0.94572324,0
1.339986,-0.45250093,-0.32114211,-0.85955255,-0.37786573,-0.94572324,0
-0.17954834,-0.39057049,0.17475504,0.7379286,-0.37786573,0.66314866,0
-0.78441482,-0.47019533,-0.59163147,-0.85955255,-0.37786573,-0.94572324,0
-0.3755244,-0.3994177,1.6624465,0.4379262,-0.37786573,0.59915943,0
0.63077965,-0.063223929,-0.0055711987,-0.85955255,-0.37786573,-0.94572324,0
-0.07182079,-0.45250093,-0.095734317,-0.85955255,-0.37786573,-0.94572324,0
-0.29354306,-0.38614689,0.49032595,0.30923318,0.67689699,1.1811567,0
0.56861611,-0.45250093,-0.41130523,-0.85955255,-0.37786573,-0.94572324,0
-0.22003086,-0.44807732,-0.230979,0.80543969,-0.37786573,1.4614904,0
0.105015,-0.38614689,-0.095734317,1.7024933,-0.37786573,0.76065604,0
-0.31353025,0.21103941,2.3837514,1.613463,-0.37786573,0.67838418,0
-0.20292319,-0.42595931,0.40016284,1.1159907,-0.37786573,1.2085806,0
1.7795347,1.1444195,-0.095734317,0.50037395,-0.37786573,0.59915943,0
-0.18869502,-0.13400156,2.023099,-0.069672804,-0.37786573,0.75456183,0
0.05148999,-0.25343882,0.039510361,1.3944739,0.67083873,1.5498565,0
0.21900972,-0.24901522,3.150138,-0.85955255,-0.37786573,-0.94572324,0
0.041157631,-0.35960528,-0.230979,-0.85955255,-0.37786573,-0.94572324,0
-0.04014618,-0.34633447,0.89605999,-0.85955255,-0.37786573,-0.94572324,0
-0.78441482,-0.47019533,-0.59163147,-0.85955255,-0.37786573,-0.94572324,0
-0.78441482,-0.47019533,-0.59163147,-0.85955255,-0.37786573,-0.94572324,0
-0.33707447,-0.44807732,-0.36622367,0.062395764,-0.37786573,1.4066425,0
-0.086048957,-0.31536926,-0.18589744,2.1189523,1.4631208,0.87644607,0
-0.78441482,-0.47019533,-0.59163147,-0.85955255,-0.37786573,-0.94572324,0
-0.78441482,-0.47019533,-0.59163147,-0.85955255,-0.37786573,-0.94572324,0
-0.78441482,-0.47019533,-0.59163147,-0.85955255,-0.37786573,-0.94572324,0
-0.3894138,-0.45250093,-0.095734317,-0.85955255,-0.37786573,-0.94572324,0
-0.78441482,-0.47019533,-0.59163147,-0.85955255,-0.37786573,-0.94572324,0
0.40821046,0.81707292,-0.230979,-0.85955255,-0.37786573,-0.94572324,0
0.035737377,-0.3994177,0.30999972,-0.85955255,-0.37786573,-0.94572324,0
-0.78441482,-0.47019533,-0.59163147,-0.85955255,-0.37786573,-0.94572324,0
-0.78441482,-0.47019533,-0.59163147,-0.85955255,-0.37786573,-0.94572324,0
-0.32860533,-0.43923012,-0.14081588,0.69404639,1.5178097,1.2542872,0
-0.57133108,-0.44365372,1.9329359,0.73961638,0.66082943,0.74846762,0
-0.78441482,-0.47019533,-0.59163147,-0.85955255,-0.37786573,-0.94572324,0
-0.28270255,-0.24016802,3.7361982,1.5657833,-0.37786573,0.38890913,0
-0.78441482,-0.47019533,-0.59163147,-0.85955255,-0.37786573,-0.94572324,0
-0.19445404,-0.38614689,1.0313047,-0.17853443,-0.37786573,1.3609359,0
0.0062647454,-0.014564304,0.62557063,0.6856075,-0.37786573,1.3548417,0
0.10315179,-0.12073076,-0.27606055,-0.85955255,-0.37786573,-0.94572324,0
-0.21799827,-0.36845248,0.89605999,0.61387697,0.19091922,1.0227071,0
-0.78441482,-0.47019533,-0.59163147,-0.85955255,-0.37786573,-0.94572324,0
0.18022103,-0.14727237,-0.14081588,-0.85955255,-0.37786573,-0.94572324,0
-0.78441482,-0.47019533,-0.59163147,-0.85955255,-0.37786573,-0.94572324,0
7.2565321,-0.27555684,-0.50146835,3.6573613,-0.37786573,0.20608278,0
-0.78441482,-0.47019533,-0.59163147,-0.85955255,-0.37786573,-0.94572324,0
0.29895847,0.80822571,0.76081531,-0.85955255,-0.37786573,-0.94572324,0
-0.78441482,-0.47019533,-0.59163147,-0.85955255,-0.37786573,-0.94572324,0
-0.0057614434,-0.36402888,-0.27606055,0.54130255,1.5576494,1.3975012,0
-0.78441482,-0.47019533,-0.59163147,-0.85955255,-0.37786573,-0.94572324,0
-0.78441482,-0.47019533,-0.59163147,-0.85955255,-0.37786573,-0.94572324,0
0.67668242,1.4231064,0.67065219,0.45480397,0.090266511,0.81855105,0
-0.78441482,-0.47019533,-0.59163147,-0.85955255,-0.37786573,-0.94572324,0
-0.78441482,-0.47019533,-0.59163147,-0.85955255,-0.37786573,-0.94572324,0
-0.3169179,-0.45250093,-0.45638679,-0.85955255,-0.37786573,-0.94572324,0
-0.78441482,-0.47019533,-0.59163147,-0.85955255,-0.37786573,-0.94572324,0
-0.78441482,-0.47019533,-0.59163147,-0.85955255,-0.37786573,-0.94572324,0
-0.78441482,-0.47019533,-0.59163147,-0.85955255,-0.37786573,-0.94572324,0
-0.18462983,-0.26228603,-0.230979,-0.85955255,-0.37786573,-0.94572324,0
-0.78441482,-0.47019533,-0.59163147,-0.85955255,-0.37786573,-0.94572324,0
-0.78441482,-0.47019533,-0.59163147,-0.85955255,-0.37786573,-0.94572324,0
0.0067728942,-0.063223929,4.5927479,1.1522779,-0.03728619,0.81855105,0
-0.78441482,-0.47019533,-0.59163147,-0.85955255,-0.37786573,-0.94572324,0
0.88959678,5.0814255,0.12967348,0.51345423,-0.37786573,0.93738818,0
0.66922957,4.8823634,0.30999972,1.1611387,-0.37786573,0.29140174,0
-0.78441482,-0.47019533,-0.59163147,-0.85955255,-0.37786573,-0.94572324,0
-0.78441482,-0.47019533,-0.59163147,-0.85955255,-0.37786573,-0.94572324,0
-0.78441482,-0.47019533,-0.59163147,-0.85955255,-0.37786573,-0.94572324,0
-0.25051979,-0.4082649,1.1665493,0.43370675,-0.37786573,1.2420988,0
-0.78441482,-0.47019533,-0.59163147,-0.85955255,-0.37786573,-0.94572324,0
0.41735714,1.4452244,1.0313047,3.3742366,-0.37786573,1.3243706,0
-0.32183001,-0.44807732,0.08459192,-0.85955255,-0.37786573,-0.94572324,0
-0.78441482,-0.47019533,-0.59163147,-0.85955255,-0.37786573,-0.94572324,0
1.5486658,-0.39057049,-0.50146835,-0.85955255,-0.37786573,-0.94572324,0
0.43802186,0.54280958,-0.095734317,-0.85955255,-0.37786573,-0.94572324,0
0.30200736,-0.42153571,0.039510361,-0.85955255,-0.37786573,-0.94572324,0
-0.78441482,-0.47019533,-0.59163147,-0.85955255,-0.37786573,-0.94572324,0
-0.39483406,-0.42595931,-0.59163147,0.11471686,-0.37786573,0.90082291,0
-0.23527533,-0.4038413,0.35508128,0.64721057,-0.37786573,1.1963922,0
16.186909,-0.34191087,-0.59163147,-0.85955255,-0.37786573,-0.94572324,0
-0.78441482,-0.47019533,-0.59163147,-0.85955255,-0.37786573,-0.94572324,0
0.47613302,0.22431022,0.12967348,0.51472006,-0.37786573,1.2146748,0
0.42701197,1.9672095,-0.32114211,0.76662081,-0.37786573,-0.16566414,0
0.5786097,0.12699097,-0.050652758,1.2303376,-0.37786573,1.2512401,0
0.078421878,0.33490027,0.039510361,0.56239977,-0.37786573,0.74237341,0
-0.78441482,-0.47019533,-0.59163147,-0.85955255,-0.37786573,-0.94572324,0
-0.78441482,-0.47019533,-0.59163147,-0.85955255,-0.37786573,-0.94572324,0
-0.78441482,-0.47019533,-0.59163147,-0.85955255,-0.37786573,-0.94572324,0
0.57014055,0.61801082,-0.32114211,0.58265309,1.4382951,1.2024864,0
0.78322429,3.8649349,-0.32114211,1.810511,-0.37786573,0.45899256,0
1.3706443,0.61801082,0.12967348,1.3784401,0.61140852,0.95262371,0
0.13330195,-0.32421646,-0.0055711987,-0.85955255,-0.37786573,-0.94572324,0
-0.78441482,-0.47019533,-0.59163147,-0.85955255,-0.37786573,-0.94572324,0
0.24136827,-0.19150839,0.40016284,0.55691449,0.63290876,0.78808,0
0.35654867,-0.44365372,-0.41130523,1.7058688,2.9945434,1.2542872,0
0.099086597,-0.34191087,-0.095734317,0.78054497,-0.37786573,1.4432078,0
0.13109997,0.9895934,-0.230979,0.58012143,1.3683946,0.5321231,0
-0.78441482,-0.47019533,-0.59163147,-0.85955255,-0.37786573,-0.94572324,0
-0.78441482,-0.47019533,-0.59163147,-0.85955255,-0.37786573,-0.94572324,0
0.54439435,0.029671718,0.17475504,-0.85955255,-0.37786573,-0.94572324,0
0.25119248,-0.28882764,-0.095734317,0.16619406,-0.37786573,0.9983303,0
0.291675,-0.34191087,-0.18589744,0.89067244,-0.37786573,0.93434108,0
1.648263,4.9841062,-0.095734317,-0.85955255,-0.37786573,-0.94572324,0
-0.78441482,-0.47019533,-0.59163147,-0.85955255,-0.37786573,-0.94572324,0
0.45682337,-0.0057170995,0.40016284,1.0307579,-0.37786573,1.0013774,0
-0.78441482,-0.47019533,-0.59163147,-0.85955255,-0.37786573,-0.94572324,0
-0.78441482,-0.47019533,-0.59163147,-0.85955255,-0.37786573,-0.94572324,0
-0.19326836,-0.38614689,-0.27606055,-0.85955255,-0.37786573,-0.94572324,0
-0.78441482,-0.47019533,-0.59163147,-0.85955255,-0.37786573,-0.94572324,0
-0.78441482,-0.47019533,-0.59163147,-0.85955255,-0.37786573,-0.94572324,0
-0.78441482,-0.47019533,-0.59163147,-0.85955255,-0.37786573,-0.94572324,0
-0.78441482,-0.47019533,-0.59163147,-0.85955255,-0.37786573,-0.94572324,0
0.56844672,0.36144189,-0.41130523,0.9045966,2.5642753,1.0866964,0
-0.25153609,-0.44365372,-0.32114211,0.57083865,3.4297503,0.85816343,0
-0.78441482,-0.47019533,-0.59163147,-0.85955255,-0.37786573,-0.94572324,0
-0.78441482,-0.47019533,-0.59163147,-0.85955255,-0.37786573,-0.94572324,0
0.62366556,0.96305179,0.49032595,-0.85955255,-0.37786573,-0.94572324,0
-0.78441482,-0.47019533,-0.59163147,-0.85955255,-0.37786573,-0.94572324,0
-0.22155531,-0.063223929,2.2485068,1.4290734,0.11433492,1.1171674,0
0.74206424,1.9893275,-0.230979,-0.85955255,-0.37786573,-0.94572324,0
-0.78441482,-0.47019533,-0.59163147,-0.85955255,-0.37786573,-0.94572324,0
0.49578144,0.30835866,-0.41130523,0.27336792,-0.37786573,1.01966,0
-0.78441482,-0.47019533,-0.59163147,-0.85955255,-0.37786573,-0.94572324,0
0.44937052,0.1977686,-0.0055711987,1.1835018,0.55003572,1.2695227,0
0.28100387,0.32605307,-0.095734317,-0.85955255,-0.37786573,-0.94572324,0
0.14092418,-0.27998044,-0.0055711987,1.4919431,-0.37786573,1.2634285,0
-0.16853845,-0.3994177,0.35508128,0.026952442,0.48481065,1.1963922,0
0.076558666,-0.04552952,0.26491816,0.046361881,0.88538013,0.94043529,0
-0.11060948,-0.33748727,0.67065219,1.5581883,-0.37786573,0.85816343,0
-0.78441482,-0.47019533,-0.59163147,-0.85955255,-0.37786573,-0.94572324,0
-0.78441482,-0.47019533,-0.59163147,-0.85955255,-0.37786573,-0.94572324,0
-0.097228231,-0.14284877,1.8427727,1.0337116,-0.003373107,1.3731243,0
0.047932949,-0.072071133,-0.050652758,0.61134531,-0.37786573,0.80026842,0
0.085197196,1.0515238,0.2198366,-0.85955255,-0.37786573,-0.94572324,0
-0.59047135,-0.44365372,-0.59163147,0.51429812,-0.37786573,0.270072,0
0.10027228,0.14468538,0.85097843,1.4801286,0.048615978,1.3274177,0
0.90636569,2.0601051,-0.14081588,-0.85955255,-0.37786573,-0.94572324,0
0.97242504,3.3119846,-0.27606055,1.3906764,-0.37786573,1.0166129,0
0.039463802,-0.35075807,0.039510361,2.7134718,-0.37786573,0.66924287,0
-0.069280046,-0.17823759,0.35508128,1.067889,0.25113964,1.1872509,0
0.087060408,-0.22247361,0.67065219,-0.85955255,-0.37786573,-0.94572324,0
-0.34164781,-0.43923012,1.1665493,-0.85955255,-0.37786573,-0.94572324,0
-0.046074583,-0.38172329,0.08459192,0.77252803,0.82459999,1.5498565,0
-0.78441482,-0.47019533,-0.59163147,-0.85955255,-0.37786573,-0.94572324,0
1.5610308,1.0824891,-0.14081588,-0.85955255,-0.37786573,-0.94572324,0
-0.014399973,-0.027835111,-0.18589744,-0.85955255,-0.37786573,-0.94572324,0
-0.78441482,-0.47019533,-0.59163147,-0.85955255,-0.37786573,-0.94572324,0
0.080115707,0.23758102,0.58048907,0.8750605,0.22875042,1.3975012,0
-0.78441482,-0.47019533,-0.59163147,-0.85955255,-0.37786573,-0.94572324,0
0.10111919,-0.45250093,-0.0055711987,0.11471686,-0.37786573,0.86425764,0
-0.52966288,-0.41268851,3.555872,0.67970028,0.26361834,0.80636263,0
-0.78441482,-0.47019533,-0.59163147,-0.85955255,-0.37786573,-0.94572324,0
0.462413,-0.25786243,0.94114155,0.96113714,-0.37786573,1.3700772,0
-0.52102435,-0.43038291,-0.27606055,-0.44604713,2.5397459,0.83378658,0
-0.78441482,-0.47019533,-0.59163147,-0.85955255,-0.37786573,-0.94572324,0
-0.061827197,-0.27555684,-0.32114211,-0.85955255,-0.37786573,-0.94572324,0
0.15159531,0.71533007,-0.18589744,0.60248448,1.4231494,0.91910555,0
-0.78441482,-0.47019533,-0.59163147,-0.85955255,-0.37786573,-0.94572324,0
0.28083449,0.21988661,-0.36622367,1.3324481,1.3173274,1.1232616,0
-0.78441482,-0.47019533,-0.59163147,-0.85955255,-0.37786573,-0.94572324,0
-0.021514057,-0.34191087,-0.14081588,0.92442798,-0.37786573,1.4127367,0
-0.78441482,-0.47019533,-0.59163147,-0.85955255,-0.37786573,-0.94572324,0
-0.78441482,-0.47019533,-0.59163147,-0.85955255,-0.37786573,-0.94572324,0
7.7997432,-0.45250093,-0.54654991,-0.85955255,-0.37786573,-0.94572324,0
-0.18073402,-0.45250093,-0.0055711987,1.40882,-0.37786573,0.90996423,0
1.1534954,4.1613162,-0.18589744,1.2472154,-0.37786573,0.27616621,0
0.25966162,0.087178548,-0.095734317,1.264937,-0.37786573,0.89777581,0
0.075372985,-0.14727237,0.17475504,0.56239977,0.57400535,1.0897435,0
-0.78441482,-0.47019533,-0.59163147,-0.85955255,-0.37786573,-0.94572324,0
-0.20089059,-0.31094565,2.1583436,0.32695484,0.20645998,0.67228997,0
-0.17429747,-0.37287609,-0.27606055,0.78771803,1.7952714,1.1080261,0
0.10162734,-0.041105917,-0.18589744,0.53877089,-0.37786573,0.66619576,0
-0.78441482,-0.47019533,-0.59163147,-0.85955255,-0.37786573,-0.94572324,0
0.46817202,-0.04552952,-0.18589744,1.5957414,-0.37786573,0.70580814,0
-0.19123576,-0.42153571,0.80589687,-0.85955255,-0.37786573,-0.94572324,0
-0.78441482,-0.47019533,-0.59163147,-0.85955255,-0.37786573,-0.94572324,0
-0.78441482,-0.47019533,-0.59163147,-0.85955255,-0.37786573,-0.94572324,0
0.34367556,0.25527543,-0.18589744,-0.85955255,-0.37786573,-0.94572324,0
0.0049096818,-0.45250093,-0.32114211,0.57379226,-0.37786573,0.61744207,0
0.0057565965,-0.27113323,-0.14081588,0.26830459,1.2347507,0.98614188,0
-0.20258442,-0.33306367,0.40016284,0.29108958,-0.37786573,1.104979,0
0.40312897,-0.45250093,-0.41130523,-0.85955255,-0.37786573,-0.94572324,0
0.36112201,0.32605307,-0.0055711987,0.65438363,0.2926914,1.1263087,0
-0.78441482,-0.47019533,-0.59163147,-0.85955255,-0.37786573,-0.94572324,0
-0.43142077,-0.41268851,3.8714429,0.32104762,-0.37786573,0.51688757,0
-0.78441482,-0.47019533,-0.59163147,-0.85955255,-0.37786573,-0.94572324,0
0.11162093,-0.29767485,-0.14081588,0.80965913,0.81646743,1.2969467,0
-0.78441482,-0.47019533,-0.59163147,-0.85955255,-0.37786573,-0.94572324,0
-0.49917395,-0.43038291,0.17475504,0.5674631,-0.37786573,0.26397779,0
0.48714291,0.10044935,-0.45638679,-0.85955255,-0.37786573,-0.94572324,0
-0.78441482,-0.47019533,-0.59163147,-0.85955255,-0.37786573,-0.94572324,0
0.090278684,-0.45250093,-0.18589744,-0.85955255,-0.37786573,-0.94572324,0
-0.089605999,-0.4082649,0.53540751,-0.85955255,-0.37786573,-0.94572324,0
-0.30370604,-0.28440404,3.0599748,-0.85955255,-0.37786573,-0.94572324,0
0.25136186,0.29066425,0.94114155,0.76071359,-0.37786573,0.90996423,0
-0.23171829,-0.35075807,1.6624465,2.1497542,0.22733463,0.82769237,0
0.054538883,0.029671718,0.76081531,-0.020727264,-0.37786573,1.2634285,0
-0.78441482,-0.47019533,-0.59163147,-0.85955255,-0.37786573,-0.94572324,0
0.15616865,-0.36402888,-0.18589744,1.8813977,-0.37786573,0.97395345,0
-0.14922879,-0.33748727,0.49032595,0.58476282,0.30207511,1.0105187,0
-0.78441482,-0.47019533,-0.59163147,-0.85955255,-0.37786573,-0.94572324,0
0.24848235,-0.45250093,0.26491816,1.7155736,0.55803657,0.80636263,0
0.1327938,-0.2092028,0.76081531,1.0408846,0.1067621,1.1842038,0
3.4947064,-0.45250093,-0.50146835,-0.85955255,-0.37786573,-0.94572324,0
1.1018336,-0.44807732,-0.45638679,-0.85955255,-0.37786573,-0.94572324,0
-0.78441482,-0.47019533,-0.59163147,-0.85955255,-0.37786573,-0.94572324,0
0.37145436,0.50299716,0.17475504,0.82569301,0.611639,1.4157838,0
-0.097566997,0.27739344,-0.45638679,-0.85955255,-0.37786573,-0.94572324,0
-0.78441482,-0.47019533,-0.59163147,-0.85955255,-0.37786573,-0.94572324,0
0.77678774,1.1311487,-0.0055711987,0.51851756,1.4689815,1.1659211,0
0.65059745,1.3479052,-0.36622367,-0.85955255,-0.37786573,-0.94572324,0
-0.0006799552,-0.33306367,-0.27606055,0.78181081,-0.37786573,1.2725698,0
-0.17209549,-0.43923012,0.26491816,0.8341319,0.53851186,1.3304648,0
-0.78441482,-0.47019533,-0.59163147,-0.85955255,-0.37786573,-0.94572324,0
0.24729667,-0.15169597,0.30999972,1.1628265,0.26681209,1.0105187,0
-0.78441482,-0.47019533,-0.59163147,-0.85955255,-0.37786573,-0.94572324,0
-0.17904019,-0.4082649,-0.27606055,0.91430132,1.3886766,1.2329575,0
-0.14313101,-0.44807732,0.67065219,0.091931866,-0.37786573,0.77589157,0
-0.068771897,-0.23574442,0.30999972,0.9531202,-0.37786573,1.1263087,0
0.2500068,1.3744468,2.6091592,1.492787,-0.37786573,0.8916816,0
-0.14414731,-0.3994177,0.12967348,-0.85955255,-0.37786573,-0.94572324,0
0.15786248,-0.34191087,-0.41130523,0.66872973,-0.37786573,0.7393263,0
0.45225003,0.68878845,0.71573375,0.022311055,-0.37786573,0.72713788,0
1.0044384,1.9450915,-0.45638679,1.8742246,-0.37786573,1.0074716,0
-0.78441482,-0.47019533,-0.59163147,-0.85955255,-0.37786573,-0.94572324,0
0.26931645,-0.13842517,-0.0055711987,1.1429951,1.5234729,0.51079336,0
0.76662476,0.63570523,-0.230979,0.91134771,1.1035762,1.3274177,0
-0.33233175,-0.38172329,2.2034252,0.69024889,0.75384347,0.76370315,0
0.29421574,-0.30652205,-0.050652758,0.78729608,0.82459999,1.3030409,0
-0.78441482,-0.47019533,-0.59163147,-0.85955255,-0.37786573,-0.94572324,0
0.11839625,-0.16054318,-0.095734317,0.89404799,0.80975067,1.220769,0
0.069444582,-0.195932,-0.36622367,1.0974251,-0.37786573,1.0074716,0
-0.78441482,-0.47019533,-0.59163147,-0.85955255,-0.37786573,-0.94572324,0
-0.78441482,-0.47019533,-0.59163147,-0.85955255,-0.37786573,-0.94572324,0
-0.24476077,-0.43038291,0.76081531,2.0067151,-0.37786573,0.60830075,0
0.04861048,-0.094189144,-0.27606055,0.6121892,-0.37786573,0.92215265,0
-0.07063511,-0.33306367,-0.27606055,0.97632713,-0.37786573,1.6625994,0
-0.78441482,-0.47019533,-0.59163147,-0.85955255,-0.37786573,-0.94572324,0
0.59131342,1.2461623,-0.18589744,0.56239977,0.48984823,0.6357247,0
-0.022022206,0.20661581,1.0763862,0.51429812,0.60169555,0.74846762,0
-0.38856689,-0.44807732,1.0313047,-0.85955255,-0.37786573,-0.94572324,0
-0.78441482,-0.47019533,-0.59163147,-0.85955255,-0.37786573,-0.94572324,0
-0.78441482,-0.47019533,-0.59163147,-0.85955255,-0.37786573,-0.94572324,0
-0.78441482,-0.47019533,-0.59163147,-0.85955255,-0.37786573,-0.94572324,0
-0.78441482,-0.47019533,-0.59163147,-0.85955255,-0.37786573,-0.94572324,0
0.057587776,0.078331343,1.8878543,0.52737839,0.063267746,0.77589157,0
-0.18259723,-0.43038291,0.76081531,-0.85955255,-0.37786573,-0.94572324,0
-0.021852823,-0.13842517,1.6173649,2.2117801,-0.37786573,0.55649995,0
0.25712088,-0.45250093,-0.27606055,-0.85955255,-0.37786573,-0.94572324,0
-0.78441482,-0.47019533,-0.59163147,-0.85955255,-0.37786573,-0.94572324,0
0.17818843,-0.28882764,-0.230979,1.4202125,-0.37786573,0.85206922,0
0.072324092,-0.21805001,-0.050652758,1.1953162,1.1621833,1.0105187,0
-0.39347899,-0.45250093,-0.230979,0.63877169,-0.37786573,0.95871792,0
-0.78441482,-0.47019533,-0.59163147,-0.85955255,-0.37786573,-0.94572324,0
-0.001357487,-0.3949941,0.2198366,-0.85955255,-0.37786573,-0.94572324,0
0.30166859,0.71975367,-0.230979,0.10205853,2.3378807,1.1293559,0
0.5161074,0.71975367,0.71573375,1.0851888,-0.016609087,1.2725698,0
-0.42633928,-0.45250093,-0.59163147,-0.85955255,-0.37786573,-0.94572324,0
0.55150843,0.3835599,-0.0055711987,1.113881,-0.37786573,1.2299103,0
1.1174168,0.27739344,0.039510361,0.52526867,-0.37786573,0.83073948,0
-0.78441482,-0.47019533,-0.59163147,-0.85955255,-0.37786573,-0.94572324,0
1.2790082,3.0686865,1.3468756,0.22357849,-0.042653017,0.58697101,0
-0.031338267,-0.43923012,-0.0055711987,1.0210532,-0.37786573,1.0745079,0
-0.78441482,-0.47019533,-0.59163147,-0.85955255,-0.37786573,-0.94572324,0
0.0033852354,-0.33306367,0.26491816,1.9383602,-0.37786573,0.98309477,0
-2.4234347e-06,-0.4082649,0.039510361,0.59573337,0.69599367,0.95262371,0
-0.56353947,-0.45250093,-0.59163147,0.096995197,-0.37786573,0.13904645,0
0.81269692,-0.43923012,-0.36622367,-0.85955255,-0.37786573,-0.94572324,0
-0.063521026,-0.27555684,-0.27606055,-0.85955255,-0.37786573,-0.94572324,0
-0.10637491,-0.45250093,0.12967348,-0.85955255,-0.37786573,-0.94572324,0
-0.78441482,-0.47019533,-0.59163147,-0.85955255,-0.37786573,-0.94572324,0
-0.78441482,-0.47019533,-0.59163147,-0.85955255,-0.37786573,-0.94572324,0
0.19360228,-0.36402888,0.08459192,0.9826563,0.40769955,1.0866964,0
-0.78441482,-0.47019533,-0.59163147,-0.85955255,-0.37786573,-0.94572324,0
-0.18649304,-0.31979286,0.71573375,-0.048153644,-0.37786573,1.2542872,0
-0.18666242,-0.4082649,-0.36622367,0.80712747,2.9729444,0.94957661,0
-0.78441482,-0.47019533,-0.59163147,-0.85955255,-0.37786573,-0.94572324,0
-0.0072858899,-0.33748727,0.039510361,1.1678898,0.79681101,1.0684137,0
-0.41854767,-0.42153571,0.94114155,0.32737679,-0.37786573,0.6326776,0
-0.78441482,-0.47019533,-0.59163147,-0.85955255,-0.37786573,-0.94572324,0
-0.78441482,-0.47019533,-0.59163147,-0.85955255,-0.37786573,-0.94572324,0
0.18360868,0.3924071,-0.095734317,-0.85955255,-0.37786573,-0.94572324,0
0.55354103,1.6133213,0.12967348,0.33159623,-0.37786573,0.45594546,0
-0.20224565,-0.0012934972,0.58048907,0.40923398,0.50430245,1.1415443,0
-0.25560128,-0.43923012,0.12967348,0.7788572,-0.37786573,0.90996423,0
-0.78441482,-0.47019533,-0.59163147,-0.85955255,-0.37786573,-0.94572324,0
0.91093903,1.5336965,-0.0055711987,1.6577672,-0.37786573,0.9983303,0
-0.78441482,-0.47019533,-0.59163147,-0.85955255,-0.37786573,-0.94572324,0
0.94972772,5.0858491,-0.36622367,-0.85955255,-0.37786573,-0.94572324,0
-0.056406943,-0.3949941,-0.0055711987,0.92020854,-0.37786573,1.3304648,0
0.26254113,-0.45250093,-0.095734317,-0.85955255,-0.37786573,-0.94572324,0
0.29726464,-0.37287609,-0.27606055,1.7670508,-0.37786573,1.2146748,0
1.9025068,2.3255213,-0.050652758,1.3843473,-0.37786573,1.047084,0
-0.78441482,-0.47019533,-0.59163147,-0.85955255,-0.37786573,-0.94572324,0
-0.18208908,-0.27113323,1.4821203,-0.85955255,-0.37786573,-0.94572324,0
1.2761286,0.84361453,-0.050652758,0.53244172,-0.37786573,0.98309477,0
0.1178881,-0.28440404,-0.0055711987,-0.85955255,-0.37786573,-0.94572324,0
-0.78441482,-0.47019533,-0.59163147,-0.85955255,-0.37786573,-0.94572324,0
-0.78441482,-0.47019533,-0.59163147,-0.85955255,-0.37786573,-0.94572324,0
-0.19563972,-0.072071133,0.039510361,1.2961609,-0.37786573,0.91301134,0
4.2682783,-0.44365372,-0.54654991,-0.85955255,-0.37786573,-0.94572324,0
0.41922035,3.1394641,-0.45638679,-0.85955255,-0.37786573,-0.94572324,0
0.082995217,-0.29767485,0.26491816,0.66915168,1.3102156,1.2542872,0
-0.78441482,-0.47019533,-0.59163147,-0.85955255,-0.37786573,-0.94572324,0
0.011854382,-0.3949941,-0.32114211,1.2096623,-0.37786573,0.98309477,0
-0.17175672,-0.37729969,-0.41130523,0.26535098,-0.37786573,0.80026842,0
0.10840266,0.11814376,0.89605999,0.64383502,0.10554386,1.3487475,0
-0.15685103,-0.45250093,0.62557063,0.34805206,-0.37786573,0.93129397,0
2.9682642,4.8735162,-0.45638679,1.7096663,-0.37786573,0.37976781,0
-0.15143077,-0.4082649,0.49032595,-0.85955255,-0.37786573,-0.94572324,0
0.38043166,-0.027835111,-0.41130523,0.72611416,3.5478205,1.2420988,0
0.25813718,-0.22247361,-0.41130523,-0.85955255,-0.37786573,-0.94572324,0
-0.18615427,-0.41711211,-0.36622367,0.70375111,2.7690378,1.2146748,0
0.73511954,1.7416058,0.71573375,-0.85955255,-0.37786573,-0.94572324,0
-0.49053542,-0.44365372,1.7526096,-0.85955255,-0.37786573,-0.94572324,0
10.796805,-0.4082649,-0.54654991,-0.85955255,-0.37786573,-0.94572324,0
0.40262083,-0.076494735,0.039510361,1.2033332,-0.37786573,1.1232616,0
0.27812436,-0.26228603,0.76081531,-0.85955255,-0.37786573,-0.94572324,0
-0.78441482,-0.47019533,-0.59163147,-0.85955255,-0.37786573,-0.94572324,0
0.39178032,-0.19150839,-0.27606055,-0.85955255,-0.37786573,-0.94572324,0
-0.066739302,-0.38614689,1.4370387,0.77379386,0.50904369,0.66619576,0
1.151124,1.1842319,0.08459192,1.2919415,0.27138871,0.95567082,0
0.030317123,-0.37729969,-0.0055711987,1.1771726,0.64769223,1.3457004,0
0.46071917,0.64897603,0.26491816,1.7387805,0.045718549,1.0440369,0
0.017444019,-0.35518168,-0.14081588,0.25480237,1.2994161,1.162874,0
-0.046582732,-0.036682315,-0.18589744,0.7455236,-0.37786573,1.1659211,0
-0.78441482,-0.47019533,-0.59163147,-0.85955255,-0.37786573,-0.94572324,0
1.0611817,1.728335,0.2198366,0.4560698,0.4691382,0.57173548,0
-0.1024791,-0.44365372,-0.230979,-0.85955255,-0.37786573,-0.94572324,0
-0.78441482,-0.47019533,-0.59163147,-0.85955255,-0.37786573,-0.94572324,0
0.13228565,0.096025752,0.12967348,0.50417145,0.41237494,1.2451459,0
0.033704782,-0.45250093,0.30999972,-0.85955255,-0.37786573,-0.94572324,0
-0.78441482,-0.47019533,-0.59163147,-0.85955255,-0.37786573,-0.94572324,0
0.3433368,1.0913363,-0.27606055,0.46661841,-0.37786573,0.4772752,0
-0.41261927,-0.43480652,0.30999972,0.84214884,-0.37786573,0.75456183,0
0.38619068,0.15353258,0.40016284,-0.85955255,-0.37786573,-0.94572324,0
-0.30692431,-0.37287609,0.08459192,0.15522351,-0.37786573,0.18170593,0
0.034212931,-0.018987906,-0.41130523,0.66071279,-0.37786573,1.8606613,0
0.61960037,1.4186828,-0.14081588,0.70375111,-0.37786573,0.65705444,0
-0.78441482,-0.47019533,-0.59163147,-0.85955255,-0.37786573,-0.94572324,0
-0.78441482,-0.47019533,-0.59163147,-0.85955255,-0.37786573,-0.94572324,0
-0.78441482,-0.47019533,-0.59163147,-0.85955255,-0.37786573,-0.94572324,0
-0.78441482,-0.47019533,-0.59163147,-0.85955255,-0.37786573,-0.94572324,0
-0.78441482,-0.47019533,-0.59163147,-0.85955255,-0.37786573,-0.94572324,0
-0.78441482,-0.47019533,-0.59163147,-0.85955255,-0.37786573,-0.94572324,0
0.98411246,4.108233,0.35508128,-0.85955255,-0.37786573,-0.94572324,0
-0.0459052,-0.45250093,-0.18589744,-0.85955255,-0.37786573,-0.94572324,0
-0.78441482,-0.47019533,-0.59163147,-0.85955255,-0.37786573,-0.94572324,0
-0.78441482,-0.47019533,-0.59163147,-0.85955255,-0.37786573,-0.94572324,0
-0.78441482,-0.47019533,-0.59163147,-0.85955255,-0.37786573,-0.94572324,0
-0.78441482,-0.47019533,-0.59163147,-0.85955255,-0.37786573,-0.94572324,0
2.251605,-0.45250093,-0.50146835,-0.85955255,-0.37786573,-0.94572324,0
-0.01880393,-0.31094565,-0.27606055,0.57674587,-0.37786573,1.0379427,0
0.90162297,0.56935119,-0.27606055,-0.85955255,-0.37786573,-0.94572324,0
0.86859329,0.22431022,-0.27606055,0.87548244,1.4393487,1.1202145,0
-0.78441482,-0.47019533,-0.59163147,-0.85955255,-0.37786573,-0.94572324,0
-0.10315663,-0.45250093,-0.32114211,-0.85955255,-0.37786573,-0.94572324,0
-0.25966647,-0.45250093,-0.050652758,0.62315975,-0.37786573,1.4127367,0
0.051998139,-0.37287609,0.71573375,-0.85955255,-0.37786573,-0.94572324,0
-0.78441482,-0.47019533,-0.59163147,-0.85955255,-0.37786573,-0.94572324,0
-0.36417575,-0.17823759,2.2935883,0.065771319,-0.37786573,1.104979,0
-0.78441482,-0.47019533,-0.59163147,-0.85955255,-0.37786573,-0.94572324,0
-0.78441482,-0.47019533,-0.59163147,-0.85955255,-0.37786573,-0.94572324,0
-0.78441482,-0.47019533,-0.59163147,-0.85955255,-0.37786573,-0.94572324,0
-0.78441482,-0.47019533,-0.59163147,-0.85955255,-0.37786573,-0.94572324,0
-0.093163041,-0.42595931,-0.27606055,-0.85955255,-0.37786573,-0.94572324,0
-0.24374447,-0.35960528,-0.41130523,-0.85955255,-0.37786573,-0.94572324,0
-0.27186204,-0.38172329,0.2198366,0.92442798,0.92498929,0.91605844,0
-0.3099732,-0.41268851,0.30999972,0.014294113,-0.37786573,1.4127367,0
-0.063690409,-0.45250093,-0.36622367,-0.85955255,-0.37786573,-0.94572324,0
0.74308054,2.8917424,-0.050652758,0.64045946,-0.37786573,0.5808768,0
-0.78441482,-0.47019533,-0.59163147,-0.85955255,-0.37786573,-0.94572324,0
0.26508188,-0.14284877,-0.41130523,0.6417253,-0.37786573,1.1872509,0
-0.78441482,-0.47019533,-0.59163147,-0.85955255,-0.37786573,-0.94572324,0
0.22900331,-0.15169597,-0.41130523,-0.85955255,-0.37786573,-0.94572324,0
-0.1173848,-0.45250093,0.67065219,0.73539693,-0.37786573,0.62963049,0
0.46071917,0.020824514,-0.14081588,1.5244328,-0.37786573,0.91301134,0
-0.31369963,-0.35960528,0.49032595,1.3235873,1.4086294,1.0409898,0
0.75849438,0.27296984,-0.18589744,1.3898326,0.44039439,1.2329575,0
-0.55845798,-0.4082649,4.2320954,0.75522832,0.17337003,0.93129397,0
-0.78441482,-0.47019533,-0.59163147,-0.85955255,-0.37786573,-0.94572324,0
0.67380291,-0.31979286,0.62557063,-0.85955255,-0.37786573,-0.94572324,0
0.19258598,-0.45250093,0.40016284,-0.85955255,-0.37786573,-0.94572324,0
-0.13889643,-0.34191087,-0.32114211,-0.85955255,-0.37786573,-0.94572324,0
-0.25204424,-0.4082649,0.12967348,0.38982455,1.2859167,0.9434824,0
0.098747831,-0.35075807,-0.0055711987,-0.85955255,-0.37786573,-0.94572324,0
-0.13686384,-0.25343882,0.30999972,0.78518636,-0.37786573,0.60220654,0
0.088754237,-0.11630716,0.89605999,0.71978499,0.13655951,1.190298,0
-0.78441482,-0.47019533,-0.59163147,-0.85955255,-0.37786573,-0.94572324,0
-0.27863736,-0.3994177,1.3468756,-0.16545416,-0.37786573,0.95871792,0
0.17988226,-0.34633447,0.26491816,-0.85955255,-0.37786573,-0.94572324,0
0.0069422771,0.09160215,-0.050652758,-0.85955255,-0.37786573,-0.94572324,0
1.2600373,-0.45250093,-0.050652758,-0.85955255,-0.37786573,-0.94572324,0
1.3589569,4.8779398,-0.32114211,-0.85955255,-0.37786573,-0.94572324,0
1.5715325,-0.45250093,-0.50146835,-0.85955255,-0.37786573,-0.94572324,0
-0.78441482,-0.47019533,-0.59163147,-0.85955255,-0.37786573,-0.94572324,0
-0.78441482,-0.47019533,-0.59163147,-0.85955255,-0.37786573,-0.94572324,0
-0.33622756,-0.39057049,0.85097843,0.078429648,0.61888257,0.85511633,0
0.5726813,1.016135,0.30999972,0.89615771,-0.37786573,1.2908525,0
-0.78441482,-0.47019533,-0.59163147,-0.85955255,-0.37786573,-0.94572324,0
-0.78441482,-0.47019533,-0.59163147,-0.85955255,-0.37786573,-0.94572324,0
0.38466623,1.2063499,-0.27606055,1.1425732,0.9588036,1.2146748,0
-0.45479562,-0.45250093,0.12967348,0.16070879,1.6428601,0.87339896,0
-0.78441482,-0.47019533,-0.59163147,-0.85955255,-0.37786573,-0.94572324,0
-0.20529455,-0.15169597,0.2198366,0.094041587,-0.37786573,0.89777581,0
-0.021514057,-0.24459162,0.17475504,1.2961609,-0.37786573,0.78503289,0
1.0308622,3.8693585,0.49032595,3.5071491,-0.37786573,0.98004767,0
-0.78441482,-0.47019533,-0.59163147,-0.85955255,-0.37786573,-0.94572324,0
-0.021175291,-0.25786243,0.039510361,0.34594234,0.76516978,1.162874,0
-0.78441482,-0.47019533,-0.59163147,-0.85955255,-0.37786573,-0.94572324,0
-0.099938358,-0.21805001,-0.27606055,-0.85955255,-0.37786573,-0.94572324,0
-0.34537424,-0.24016802,-0.14081588,0.88771883,2.6839588,0.95262371,0
0.18377807,-0.44807732,0.039510361,1.1193663,-0.37786573,1.7204944,0
-0.011689846,0.056213332,1.0313047,1.0244288,0.15931091,1.2542872,0
-0.78441482,-0.47019533,-0.59163147,-0.85955255,-0.37786573,-0.94572324,0
-0.43159016,-0.43480652,1.1665493,0.13707991,-0.37786573,0.68143129,0
-0.78441482,-0.47019533,-0.59163147,-0.85955255,-0.37786573,-0.94572324,0
0.084689047,-0.4082649,-0.36622367,-0.85955255,-0.37786573,-0.94572324,0
-0.78441482,-0.47019533,-0.59163147,-0.85955255,-0.37786573,-0.94572324,0
1.6340348,4.6081,-0.18589744,1.4370903,0.2322405,0.40414466,0
-0.78441482,-0.47019533,-0.59163147,-0.85955255,-0.37786573,-0.94572324,0
-0.78441482,-0.47019533,-0.59163147,-0.85955255,-0.37786573,-0.94572324,0
-0.42989633,-0.37287609,2.3386699,0.81176885,-0.37786573,1.01966,0
0.77407761,0.52511517,-0.14081588,1.53034,1.0499738,1.0745079,0
0.28049573,0.020824514,-0.230979,1.4531242,1.0394377,0.91910555,0
0.048949246,-0.19150839,-0.18589744,1.4556559,-0.37786573,1.1720153,0
-0.056406943,-0.2003556,-0.27606055,1.643843,-0.37786573,0.89777581,0
-0.78441482,-0.47019533,-0.59163147,-0.85955255,-0.37786573,-0.94572324,0
-0.78441482,-0.47019533,-0.59163147,-0.85955255,-0.37786573,-0.94572324,0
-0.78441482,-0.47019533,-0.59163147,-0.85955255,-0.37786573,-0.94572324,0
-0.78441482,-0.47019533,-0.59163147,-0.85955255,-0.37786573,-0.94572324,0
0.45072558,-0.21805001,-0.32114211,1.3143045,-0.37786573,1.2512401,0
0.16040322,0.31278226,0.2198366,0.689405,1.0080599,0.98004767,0
0.96277021,1.0647946,-0.41130523,1.0100827,-0.37786573,1.1842038,0
-0.78441482,-0.47019533,-0.59163147,-0.85955255,-0.37786573,-0.94572324,0
-0.78441482,-0.47019533,-0.59163147,-0.85955255,-0.37786573,-0.94572324,0
0.1785272,-0.45250093,-0.45638679,-0.85955255,-0.37786573,-0.94572324,0
-0.20038244,-0.41268851,-0.32114211,-0.85955255,-0.37786573,-0.94572324,0
0.53050495,-0.38172329,-0.18589744,-0.85955255,-0.37786573,-0.94572324,0
-0.12788654,-0.35075807,0.12967348,1.2552323,1.5857017,0.66314866,0
0.60232331,5.0770019,-0.27606055,-0.85955255,-0.37786573,-0.94572324,0
0.58250551,1.0249822,-0.230979,1.0944715,1.1846384,1.0257543,0
1.4737985,1.4584952,-0.18589744,1.2223207,-0.37786573,1.1476385,0
0.47714932,0.23758102,-0.36622367,-0.85955255,-0.37786573,-0.94572324,0
-0.24391386,-0.17823759,1.2567125,1.1012226,1.2149297,0.93738818,0
0.37077683,0.003130105,-0.32114211,-0.85955255,-0.37786573,-0.94572324,0
-0.78441482,-0.47019533,-0.59163147,-0.85955255,-0.37786573,-0.94572324,0
0.13550393,-0.29325125,0.49032595,-0.85955255,-0.37786573,-0.94572324,0
-0.78441482,-0.47019533,-0.59163147,-0.85955255,-0.37786573,-0.94572324,0
0.13956912,0.84803813,-0.36622367,0.84046107,2.857146,0.90691713,0
0.1397385,-0.098612747,-0.0055711987,1.0809693,-0.37786573,1.5285267,0
-0.78441482,-0.47019533,-0.59163147,-0.85955255,-0.37786573,-0.94572324,0
-0.31132827,-0.42595931,0.08459192,0.81936385,-0.37786573,1.1080261,0
0.87773997,0.64012883,-0.50146835,1.7117761,-0.37786573,0.91910555,0
-0.2176595,-0.42595931,0.26491816,-0.85955255,-0.37786573,-0.94572324,0
-0.78441482,-0.47019533,-0.59163147,-0.85955255,-0.37786573,-0.94572324,0
0.30996836,0.45433753,0.2198366,1.1872993,-0.37786573,1.1811567,0
0.30302366,-0.24016802,-0.050652758,0.8045958,0.59543974,1.1842038,0
0.50899331,0.61801082,1.0313047,0.22611016,-0.37786573,0.98918898,0
-0.78441482,-0.47019533,-0.59163147,-0.85955255,-0.37786573,-0.94572324,0
0.81201939,4.8690926,-0.32114211,0.53961477,2.6291711,-0.025497271,0
-0.29303491,-0.44365372,1.1214678,0.56450949,0.18430123,1.0623195,0
-0.78441482,-0.47019533,-0.59163147,-0.85955255,-0.37786573,-0.94572324,0
0.45699275,-0.44807732,-0.36622367,-0.85955255,-0.37786573,-0.94572324,0
0.15396667,-0.3949941,0.039510361,1.310507,-0.37786573,1.0592724,0
0.14210986,-0.0057170995,0.30999972,1.0577624,-0.37786573,1.220769,0
-0.3209831,-0.38614689,-0.095734317,0.017669668,0.84550757,1.4919615,0
2.8041322,-0.42153571,-0.54654991,-0.85955255,-0.37786573,-0.94572324,0
-0.1839523,-0.3994177,-0.14081588,-0.85955255,-0.37786573,-0.94572324,0
-0.038113585,-0.23574442,0.35508128,1.1244296,0.70758339,1.1202145,0
0.99647741,2.3299449,-0.32114211,-0.85955255,-0.37786573,-0.94572324,0
-0.43819609,-0.37729969,2.428833,0.36999316,0.32163275,0.89777581,0
-0.43684103,-0.45250093,0.44524439,0.5265345,-0.37786573,0.81245684,0
1.0974296,0.34374748,-0.27606055,1.5012258,-0.37786573,0.96481214,0
0.16294397,-0.10303635,-0.095734317,-0.85955255,-0.37786573,-0.94572324,0
-0.084863277,-0.31094565,1.1214678,2.2096703,-0.37786573,0.54126442,0
2.9582706,-0.44807732,-0.36622367,-0.85955255,-0.37786573,-0.94572324,0
0.36721979,-0.14727237,-0.095734317,-0.85955255,-0.37786573,-0.94572324,0
0.31572738,0.44106673,0.08459192,0.55058533,0.74050871,0.79722131,0
-0.27270896,-0.44807732,0.76081531,-0.85955255,-0.37786573,-0.94572324,0
-0.14279224,-0.45250093,-0.59163147,0.86198022,-0.37786573,0.8398808,0
0.39584551,-0.058800326,-0.36622367,1.5054453,-0.37786573,1.5803275,0
0.60960678,1.8787375,-0.27606055,0.85354134,0.68819037,1.047084,0
0.21172625,-0.25343882,0.30999972,0.59910892,0.91320203,1.2390517,0
0.62993273,-0.12073076,-0.45638679,1.4868797,2.6601538,1.3731243,0
0.46969647,0.14468538,-0.14081588,0.33539373,1.0879367,0.80026842,0
1.0730385,0.5914692,-0.18589744,1.1704215,0.30737609,0.84902211,0
-0.37874268,-0.32421646,1.1665493,0.530332,0.28969519,1.0501311,0
-0.78441482,-0.47019533,-0.59163147,-0.85955255,-0.37786573,-0.94572324,0
0.0027077036,0.14910898,1.4821203,0.99109518,-0.37786573,0.8947287,0
-0.439043,-0.44365372,0.08459192,0.21556155,-0.37786573,1.1720153,0
-0.15329398,-0.3949941,0.17475504,1.1889871,-0.37786573,0.4803223,0
0.33994914,-0.35518168,0.039510361,1.167046,-0.37786573,0.69361971,0
1.3802992,-0.22689721,-0.50146835,1.4206345,4.6591489,1.0440369,0
-0.13500063,-0.31979286,0.44524439,0.65649335,0.27942249,1.2756169,0
0.70310616,-0.4038413,-0.50146835,-0.85955255,-0.37786573,-0.94572324,0
1.1980431,5.0858491,-0.45638679,0.70501694,-0.37786573,0.5321231,0
0.5349089,0.34374748,-0.41130523,0.24973904,1.6437491,1.104979,0
-0.039976797,-0.3994177,-0.32114211,0.86198022,-0.37786573,0.86425764,0
-0.78441482,-0.47019533,-0.59163147,-0.85955255,-0.37786573,-0.94572324,0
-0.16786092,-0.44807732,-0.59163147,0.013872169,-0.37786573,0.66619576,0
0.13093059,0.15353258,-0.0055711987,0.69531222,-0.37786573,1.2238161,0
0.25254754,-0.23132081,-0.36622367,1.1662021,-0.37786573,1.3243706,0
0.86791576,2.4316877,-0.27606055,-0.85955255,-0.37786573,-0.94572324,0
-0.23832422,-0.42153571,0.08459192,0.45438202,-0.37786573,1.0927906,0
-0.78441482,-0.47019533,-0.59163147,-0.85955255,-0.37786573,-0.94572324,0
0.45106435,0.12256737,0.62557063,0.42104842,-0.37786573,1.248193,0
0.036923058,-0.35960528,0.26491816,1.1628265,-0.37786573,1.0988848,0
0.63941818,-0.44807732,-0.45638679,-0.85955255,-0.37786573,-0.94572324,0
0.096884618,-0.36402888,-0.36622367,-0.85955255,-0.37786573,-0.94572324,0
-0.78441482,-0.47019533,-0.59163147,-0.85955255,-0.37786573,-0.94572324,0
0.18953709,-0.098612747,-0.050652758,1.249747,-0.37786573,1.0440369,0
-0.2960838,-0.43480652,0.30999972,0.4712598,0.42452439,1.2512401,0
0.16565409,-0.24459162,0.30999972,0.94510325,0.23385384,1.5772804,0
-0.78441482,-0.47019533,-0.59163147,-0.85955255,-0.37786573,-0.94572324,0
1.3999476,2.7280691,-0.230979,-0.85955255,-0.37786573,-0.94572324,0
0.73224003,2.8652008,-0.230979,-0.85955255,-0.37786573,-0.94572324,0
-0.78441482,-0.47019533,-0.59163147,-0.85955255,-0.37786573,-0.94572324,0
-2.4234347e-06,-0.3994177,0.35508128,1.0320238,-0.37786573,0.90996423,0
-0.78441482,-0.47019533,-0.59163147,-0.85955255,-0.37786573,-0.94572324,0
-0.17378932,-0.43038291,0.40016284,-0.85955255,-0.37786573,-0.94572324,0
-0.54101153,-0.38614689,-0.59163147,0.75438443,-0.37786573,0.47422809,0
-0.78441482,-0.47019533,-0.59163147,-0.85955255,-0.37786573,-0.94572324,0
-0.78441482,-0.47019533,-0.59163147,-0.85955255,-0.37786573,-0.94572324,0
-0.78441482,-0.47019533,-0.59163147,-0.85955255,-0.37786573,-0.94572324,0
-0.78441482,-0.45250093,0.80589687,-0.85955255,-0.37786573,-0.94572324,0
0.22459936,0.020824514,0.039510361,-0.85955255,-0.37786573,-0.94572324,0
1.0528819,3.418151,-0.0055711987,-0.85955255,-0.37786573,-0.94572324,0
0.77289193,-0.45250093,-0.14081588,-0.85955255,-0.37786573,-0.94572324,0
0.58640132,3.1173461,-0.18589744,0.28897986,-0.37786573,0.54126442,0
-0.78441482,-0.47019533,-0.59163147,-0.85955255,-0.37786573,-0.94572324,0
3.494537,-0.41268851,-0.50146835,-0.85955255,-0.37786573,-0.94572324,0
-0.10434231,-0.41711211,-0.18589744,0.69109278,-0.37786573,1.3030409,0
-0.78441482,-0.47019533,-0.59163147,-0.85955255,-0.37786573,-0.94572324,0
-0.13347618,-0.11630716,1.2567125,1.0138802,-0.37786573,1.0379427,0
0.34384495,0.020824514,-0.36622367,0.41809481,-0.37786573,0.78503289,0
0.34655507,-0.14727237,0.17475504,-0.85955255,-0.37786573,-0.94572324,0
-0.78441482,-0.47019533,-0.59163147,-0.85955255,-0.37786573,-0.94572324,0
0.20207142,0.71533007,-0.32114211,-0.85955255,-0.37786573,-0.94572324,0
-0.78441482,-0.47019533,-0.59163147,-0.85955255,-0.37786573,-0.94572324,0
-0.37416934,-0.44807732,-0.18589744,0.4712598,2.4231903,1.0227071,0
0.36400152,0.42337232,-0.230979,0.89742355,-0.37786573,1.0897435,0
-0.78441482,-0.47019533,-0.59163147,-0.85955255,-0.37786573,-0.94572324,0
0.46258239,0.34817108,-0.41130523,0.89236022,-0.37786573,1.047084,0
0.21003242,0.35259468,0.17475504,0.82189552,0.39798658,1.0440369,0
-0.174975,-0.33748727,1.6624465,0.44383342,0.44036147,1.278664,0
-0.038282968,-0.063223929,1.4370387,0.59067004,-0.37786573,0.90691713,0
0.27101028,-0.16496678,-0.36622367,-0.85955255,-0.37786573,-0.94572324,0
-0.78441482,-0.47019533,-0.59163147,-0.85955255,-0.37786573,-0.94572324,0
-0.077071661,-0.37287609,0.53540751,1.4873017,-0.37786573,0.51079336,0
-0.78441482,-0.47019533,-0.59163147,-0.85955255,-0.37786573,-0.94572324,0
0.62857767,1.0338294,-0.36622367,-0.85955255,-0.37786573,-0.94572324,0
2.4943308,-0.43038291,-0.59163147,-0.85955255,-0.37786573,-0.94572324,0
0.38195611,-0.10303635,0.58048907,1.2522787,-0.37786573,1.2238161,0
0.17971288,-0.37729969,-0.18589744,1.2788612,0.71713173,0.27921332,0
0.14922395,-0.076494735,0.62557063,1.5451081,-0.37786573,1.3670301,0
-0.44954475,-0.38614689,0.89605999,0.20416905,0.42613773,1.2512401,0
0.82828015,1.8123834,-0.45638679,-0.85955255,-0.37786573,-0.94572324,0
1.2744348,3.006756,-0.45638679,0.96451269,-0.37786573,0.45289835,0
0.95938255,2.1928132,-0.0055711987,0.58856031,-0.37786573,0.71190235,0
-0.78441482,-0.47019533,-0.59163147,-0.85955255,-0.37786573,-0.94572324,0
0.34401433,1.8256542,1.3919571,1.3421528,-0.37786573,1.1598269,0
-0.78441482,-0.47019533,-0.59163147,-0.85955255,-0.37786573,-0.94572324,0
0.29303006,-0.054376724,-0.32114211,-0.85955255,-0.37786573,-0.94572324,0
3.057529,-0.43480652,-0.32114211,-0.85955255,-0.37786573,-0.94572324,0
1.6972146,-0.43923012,-0.50146835,-0.85955255,-0.37786573,-0.94572324,0
-0.78441482,-0.47019533,-0.59163147,-0.85955255,-0.37786573,-0.94572324,0
0.1566768,-0.12073076,0.12967348,0.73961638,-0.37786573,1.0866964,0
-0.78441482,-0.47019533,-0.59163147,-0.85955255,-0.37786573,-0.94572324,0
0.53440075,2.3830281,1.5272018,1.6856155,-0.37786573,0.79722131,0
-0.32267692,-0.45250093,-0.14081588,-0.85955255,-0.37786573,-0.94572324,0
0.60300084,0.18007419,-0.32114211,0.94721297,1.6182978,1.1293559,0
-0.78441482,-0.47019533,-0.59163147,-0.85955255,-0.37786573,-0.94572324,0
-0.78441482,-0.47019533,-0.59163147,-0.85955255,-0.37786573,-0.94572324,0
0.42193048,-0.15169597,-0.27606055,0.86999717,-0.37786573,0.9952832,0
-0.78441482,-0.47019533,-0.59163147,-0.85955255,-0.37786573,-0.94572324,0
-0.78441482,-0.47019533,-0.59163147,-0.85955255,-0.37786573,-0.94572324,0
0.34774075,-0.10745995,-0.32114211,1.2400423,1.8001444,1.1141203,0
-0.28304132,-0.14284877,3.961606,-0.85955255,-0.37786573,-0.94572324,0
-0.78441482,-0.47019533,-0.59163147,-0.85955255,-0.37786573,-0.94572324,0
0.29387698,0.042942525,0.039510361,1.7527047,0.38820776,1.2360046,0
0.62468186,1.8787375,0.30999972,2.1341423,0.09224203,0.95567082,0
0.70751012,3.5198939,-0.230979,1.1240076,-0.37786573,0.84597501,0
-0.78441482,-0.47019533,-0.59163147,-0.85955255,-0.37786573,-0.94572324,0
0.37941536,0.28181705,-0.095734317,0.10712186,0.75585191,1.047084,0
-0.78441482,-0.47019533,-0.59163147,-0.85955255,-0.37786573,-0.94572324,0
-0.78441482,-0.47019533,-0.59163147,-0.85955255,-0.37786573,-0.94572324,0
-0.78441482,-0.47019533,-0.59163147,-0.85955255,-0.37786573,-0.94572324,0
-0.78441482,-0.47019533,-0.59163147,-0.85955255,-0.37786573,-0.94572324,0
0.26525126,-0.15169597,-0.36622367,0.6265353,-0.37786573,1.363983,0
-0.48257442,-0.44807732,0.35508128,-0.097943072,1.099724,0.97700056,0
0.18699634,-0.31094565,0.71573375,0.84341468,-0.37786573,1.3121822,0
-0.24882596,-0.29767485,0.26491816,1.9839301,-0.37786573,0.86425764,0
-0.22443482,-0.44807732,0.35508128,0.57168254,0.63932919,0.62048917,0
-0.067078068,-0.3949941,-0.27606055,1.083501,-0.37786573,0.85206922,0
0.73698275,1.1930791,0.30999972,-0.85955255,-0.37786573,-0.94572324,0
-0.78441482,-0.47019533,-0.59163147,-0.85955255,-0.37786573,-0.94572324,0
-0.26898253,-0.45250093,-0.050652758,0.96662241,-0.37786573,0.80026842,0
-0.020328376,-0.35075807,0.71573375,1.189831,0.32199493,1.2299103,0
0.11619427,-0.16496678,0.58048907,0.58476282,-0.37786573,0.73018498,0
-0.21816765,-0.41711211,0.35508128,-0.85955255,-0.37786573,-0.94572324,0
-0.78441482,-0.47019533,-0.59163147,-0.85955255,-0.37786573,-0.94572324,0
-0.78441482,-0.47019533,-0.59163147,-0.85955255,-0.37786573,-0.94572324,0
-0.40567457,-0.41711211,0.62557063,0.46999396,0.55513914,1.4035954,0
-0.78441482,-0.47019533,-0.59163147,-0.85955255,-0.37786573,-0.94572324,0
0.14583629,-0.11630716,3.8714429,-0.85955255,-0.37786573,-0.94572324,0
-0.78441482,-0.47019533,-0.59163147,-0.85955255,-0.37786573,-0.94572324,0
0.054200117,-0.35960528,0.71573375,0.98814157,-0.37786573,1.3853127,0
-0.78441482,-0.47019533,-0.59163147,-0.85955255,-0.37786573,-0.94572324,0
-0.78441482,-0.47019533,-0.59163147,-0.85955255,-0.37786573,-0.94572324,0
3.2914469,-0.43923012,-0.54654991,-0.85955255,-0.37786573,-0.94572324,0
0.02726823,-0.2092028,0.53540751,-0.12410362,0.72016086,0.98918898,0
0.14736073,-0.27113323,0.80589687,0.47421341,0.40753492,0.97090635,0
0.21579144,0.21988661,-0.14081588,0.83286607,-0.37786573,1.1598269,0
-0.78441482,-0.47019533,-0.59163147,-0.85955255,-0.37786573,-0.94572324,0
1.3725075,0.63570523,-0.36622367,0.97168574,-0.37786573,0.57478259,0
0.064024328,-0.36402888,-0.32114211,-0.85955255,-0.37786573,-0.94572324,0
0.28608536,0.17565059,-0.32114211,1.9522843,2.99428,1.0958377,0
0.31979257,0.047366127,-0.050652758,-0.85955255,-0.37786573,-0.94572324,0
0.40262083,-0.063223929,0.08459192,0.49995201,0.30046177,1.1994393,0
-0.045566434,-0.18708479,-0.095734317,0.25775598,2.126599,1.1811567,0
1.0242562,1.016135,-0.36622367,0.94130575,-0.37786573,1.0227071,0
-0.78441482,-0.47019533,-0.59163147,-0.85955255,-0.37786573,-0.94572324,0
-0.78441482,-0.47019533,-0.59163147,-0.85955255,-0.37786573,-0.94572324,0
0.017274636,-0.04552952,0.12967348,-0.85955255,-0.37786573,-0.94572324,0
-0.78441482,-0.47019533,-0.59163147,-0.85955255,-0.37786573,-0.94572324,0
-0.78441482,-0.47019533,-0.59163147,-0.85955255,-0.37786573,-0.94572324,0
-0.43988992,-0.44807732,0.71573375,0.64214724,0.31468551,0.48336941,0
-0.78441482,-0.47019533,-0.59163147,-0.85955255,-0.37786573,-0.94572324,0
0.11060464,0.034095321,-0.36622367,0.74341387,2.5460676,1.0745079,0
1.2202323,1.3257872,-0.45638679,1.0581843,-0.37786573,0.79722131,0
-0.38992195,-0.42153571,0.08459192,0.42020454,2.1139886,1.3548417,0
-0.14668805,-0.39057049,0.17475504,-0.85955255,-0.37786573,-0.94572324,0
0.071307794,-0.036682315,1.7075281,0.52780033,0.50114161,1.1171674,0
-0.78441482,-0.47019533,-0.59163147,-0.85955255,-0.37786573,-0.94572324,0
0.56624475,0.10044935,-0.32114211,1.1248515,2.5653618,1.0348956,0
0.31860689,0.020824514,0.039510361,1.030336,-0.37786573,1.2878054,0
-0.78441482,-0.47019533,-0.59163147,-0.85955255,-0.37786573,-0.94572324,0
-0.18344415,-0.44365372,0.26491816,0.93582048,-0.37786573,1.3883599,0
-0.78441482,-0.47019533,-0.59163147,-0.85955255,-0.37786573,-0.94572324,0
0.033366016,-0.18266119,0.80589687,0.42400203,0.23243805,1.2390517,0
-0.78441482,-0.47019533,-0.59163147,-0.85955255,-0.37786573,-0.94572324,0
-0.78441482,-0.47019533,-0.59163147,-0.85955255,-0.37786573,-0.94572324,0
-0.17345055,-0.33748727,0.62557063,0.66493223,-0.37786573,1.1141203,0
0.20698353,-0.34191087,0.2198366,0.52526867,-0.37786573,0.92215265,0
-0.78441482,-0.47019533,-0.59163147,-0.85955255,-0.37786573,-0.94572324,0
-0.048445944,-0.15169597,0.12967348,0.66872973,1.3057707,1.0501311,0
-0.045058286,-0.34191087,-0.32114211,0.57294838,-0.37786573,1.2024864,0
-0.78441482,-0.47019533,-0.59163147,-0.85955255,-0.37786573,-0.94572324,0
-0.78441482,-0.47019533,-0.59163147,-0.85955255,-0.37786573,-0.94572324,0
-0.40618271,-0.4038413,-0.14081588,0.14678463,3.5444951,1.0013774,0
-0.30912629,-0.43923012,-0.18589744,0.68476362,1.8240482,1.0714608,0
0.038108738,-0.42153571,0.12967348,-0.85955255,-0.37786573,-0.94572324,0
-0.27474155,-0.33306367,4.4124216,-0.85955255,-0.37786573,-0.94572324,0
0.10874142,-0.45250093,-0.41130523,-0.85955255,-0.37786573,-0.94572324,0
0.44937052,0.9763226,0.30999972,0.3598665,0.49633452,0.74237341,0
-0.78441482,-0.47019533,-0.59163147,-0.85955255,-0.37786573,-0.94572324,0
0.47918191,1.6310157,0.039510361,1.8244352,-0.37786573,1.0653666,0
8.8738004,-0.42595931,-0.54654991,-0.85955255,-0.37786573,-0.94572324,0
-0.78441482,-0.47019533,-0.59163147,-0.85955255,-0.37786573,-0.94572324,0
0.054200117,0.16237979,0.12967348,-0.85955255,-0.37786573,-0.94572324,0
2.0142995,4.541746,-0.32114211,-0.85955255,-0.37786573,-0.94572324,0
0.72123014,0.56050399,0.67065219,0.79109358,-0.37786573,1.1750624,0
0.4763024,1.5690853,-0.230979,0.81514441,0.93572295,0.74237341,0
-0.083169447,-0.35075807,0.80589687,0.50501534,-0.37786573,0.9434824,0
0.18598005,0.31278226,0.30999972,-0.85955255,-0.37786573,-0.94572324,0
-0.029475055,-0.33748727,-0.095734317,1.0100827,-0.37786573,1.1110732,0
0.68244144,1.4629188,0.40016284,1.8611443,-0.37786573,1.0409898,0
-0.0037288481,0.18007419,0.26491816,0.88982855,0.39084178,1.5041499,0
-0.78441482,-0.47019533,-0.59163147,-0.85955255,-0.37786573,-0.94572324,0
-0.28778404,-0.22247361,2.2935883,0.88729688,-0.37786573,1.2451459,0
-0.78441482,-0.47019533,-0.59163147,-0.85955255,-0.37786573,-0.94572324,0
-0.78441482,-0.47019533,-0.59163147,-0.85955255,-0.37786573,-0.94572324,0
5.4578547,-0.42153571,-0.54654991,-0.85955255,-0.37786573,-0.94572324,0
-0.054882496,0.069484139,0.08459192,0.14636268,-0.37786573,0.63877181,0
-0.47596849,-0.43038291,0.67065219,0.035391329,-0.37786573,1.5132912,0
-0.78441482,-0.47019533,-0.59163147,-0.85955255,-0.37786573,-0.94572324,0
-0.78441482,-0.47019533,-0.59163147,-0.85955255,-0.37786573,-0.94572324,0
1.0671101,-0.18708479,-0.18589744,1.2320254,-0.37786573,1.0745079,0
0.62654507,0.56050399,-0.32114211,-0.85955255,-0.37786573,-0.94572324,0
0.51695431,-0.0057170995,-0.14081588,0.86029245,0.6778189,0.86121054,0
-0.78441482,-0.47019533,-0.59163147,-0.85955255,-0.37786573,-0.94572324,0
0.39618427,0.50299716,-0.050652758,0.45902341,-0.37786573,1.1445914,0
-0.21494937,-0.41268851,0.039510361,0.80628358,-0.37786573,1.5346209,0
0.51881752,-0.43923012,-0.18589744,-0.85955255,-0.37786573,-0.94572324,0
2.7721188,-0.44365372,-0.50146835,-0.85955255,-0.37786573,-0.94572324,0
0.6451772,0.21988661,-0.050652758,0.80797135,0.51013023,1.1506856,0
0.31860689,-0.15169597,-0.050652758,1.8957438,-0.37786573,1.2116277,0
0.060636669,0.13583817,0.35508128,-0.85955255,-0.37786573,-0.94572324,0
-0.19377651,-0.13400156,0.2198366,-0.23127747,1.8157839,0.78503289,0
-0.78441482,-0.47019533,-0.59163147,-0.85955255,-0.37786573,-0.94572324,0
0.58013415,0.71090646,-0.27606055,0.83919523,-0.37786573,1.0531782,0
-0.14956756,-0.31094565,1.1665493,0.66240057,-0.37786573,1.2756169,0
-0.78441482,-0.47019533,-0.59163147,-0.85955255,-0.37786573,-0.94572324,0
0.42819765,-0.18266119,0.12967348,1.159451,-0.37786573,1.1781095,0
0.36620349,-0.44365372,-0.32114211,-0.85955255,-0.37786573,-0.94572324,0
-0.78441482,-0.47019533,-0.59163147,-0.85955255,-0.37786573,-0.94572324,0
-0.78441482,-0.47019533,-0.59163147,-0.85955255,-0.37786573,-0.94572324,0
0.32876986,1.3877176,4.0968507,0.57590199,0.080224288,0.43461572,0
-0.78441482,-0.47019533,-0.59163147,-0.85955255,-0.37786573,-0.94572324,0
-0.78441482,-0.47019533,-0.59163147,-0.85955255,-0.37786573,-0.94572324,0
-0.78441482,-0.47019533,-0.59163147,-0.85955255,-0.37786573,-0.94572324,0
0.16040322,-0.023411508,0.49032595,-0.16334444,-0.37786573,0.70885524,0
-0.78441482,-0.47019533,-0.59163147,-0.85955255,-0.37786573,-0.94572324,0
0.21765465,-0.195932,0.30999972,0.89657966,0.23194418,1.5711862,0
-0.78441482,-0.47019533,-0.59163147,-0.85955255,-0.37786573,-0.94572324,0
0.56539783,0.01197731,-0.32114211,1.5392008,2.5001367,1.2512401,0
0.17615583,-0.35075807,-0.32114211,0.93075715,2.726202,1.1811567,0
-0.26119092,-0.31979286,1.7075281,0.33539373,-0.37786573,1.4706317,0
-0.78441482,-0.47019533,-0.59163147,-0.85955255,-0.37786573,-0.94572324,0
-0.20817406,-0.31094565,-0.050652758,-0.85955255,-0.37786573,-0.94572324,0
-0.2832107,-0.44365372,0.71573375,1.1839237,-0.37786573,0.82464527,0
-0.15837547,-0.16054318,1.3468756,1.6708475,0.10672917,0.91910555,0
0.14922395,0.30393506,-0.18589744,1.2898318,-0.37786573,0.76675026,0
-0.14855126,-0.16054318,0.08459192,0.74678943,-0.37786573,0.71190235,0
0.049626778,-0.42153571,0.12967348,0.75016498,0.68641241,1.2847583,0
-0.17819328,-0.2047792,0.62557063,0.76155748,-0.37786573,1.1445914,0
0.29878908,-0.43038291,-0.36622367,-0.85955255,-0.37786573,-0.94572324,0
1.1438406,4.7717733,-0.27606055,-0.85955255,-0.37786573,-0.94572324,0
-0.78441482,-0.47019533,-0.59163147,-0.85955255,-0.37786573,-0.94572324,0
0.27372041,0.36144189,0.67065219,-0.85955255,-0.37786573,-0.94572324,0
1.3491327,-0.43923012,-0.45638679,-0.85955255,-0.37786573,-0.94572324,0
1.4175634,4.8690926,-0.41130523,0.80206413,-0.37786573,0.090292752,0
0.031333421,-0.41711211,-0.41130523,1.3818156,4.0781487,1.738777,0
1.4778637,4.9354466,-0.50146835,0.8493219,2.2511225,0.29749595,0
-0.1947928,-0.31536926,-0.14081588,0.89109438,2.016332,1.2573343,0
-0.018973313,0.26412264,0.08459192,0.25522431,0.51309351,0.9983303,0
-0.78441482,-0.47019533,-0.59163147,-0.85955255,-0.37786573,-0.94572324,0
-0.24662398,-0.31094565,1.2116309,0.78603025,0.44800014,1.1689682,0
1.0035915,0.91439217,0.35508128,-0.85955255,-0.37786573,-0.94572324,1
-0.035064692,-0.14727237,-0.41130523,1.8889927,5.253023,1.3487475,1
0.20884674,-0.30209845,-0.32114211,1.2797051,1.3428446,1.8850381,1
0.91415731,0.21988661,-0.50146835,1.5898342,8.1455126,1.3731243,1
0.49713651,-0.32421646,-0.45638679,1.0370871,-0.37786573,1.0440369,1
0.7156405,0.28181705,-0.41130523,1.3130387,3.2450722,1.1720153,1
1.3919866,0.15795618,-0.54654991,2.1096695,7.3765746,1.2938996,1
-0.054204964,-0.41268851,-0.32114211,1.7767555,4.2067221,1.3396062,1
-0.0032206993,-0.38172329,-0.230979,1.5240108,1.2885507,1.3883599,1
0.40922676,-0.36845248,-0.45638679,1.5535469,4.0606653,1.565092,1
0.47867377,0.082754945,-0.230979,0.81725413,2.1916265,1.0592724,1
0.087229791,-0.43923012,0.039510361,1.3915203,1.6613312,1.3426533,1
0.4554683,-0.11630716,-0.45638679,1.5535469,4.0606653,1.4675846,1
0.25864533,-0.15611958,-0.50146835,1.9096679,-0.37786573,1.6351754,1
-0.03726667,-0.43038291,0.35508128,1.2181012,1.0804627,1.6595523,1
1.7614108,-0.21805001,-0.54654991,1.788148,8.2156435,1.2055335,1
0.21579144,-0.17823759,-0.41130523,1.4910992,-0.37786573,1.507197,1
0.04861048,-0.35518168,-0.32114211,1.8358277,-0.37786573,1.3274177,1
0.49493453,-0.37287609,-0.45638679,1.7767555,4.2067221,1.4066425,1
0.12347774,-0.32421646,-0.36622367,0.7303336,3.6115969,1.220769,1
1.297979,-0.16054318,-0.54654991,1.3252751,13.750423,0.90996423,1
5.0267751,-0.098612747,-0.45638679,4.7472434,1.6538242,0.90996423,1
0.72427903,-0.23574442,-0.50146835,1.0818132,5.3196638,1.2908525,1
-0.11806233,-0.4082649,0.44524439,2.1197962,0.68888181,1.3853127,1
0.2122344,-0.37729969,-0.41130523,0.94130575,3.1237424,1.5407151,1
0.31064589,-0.2092028,-0.50146835,1.7109322,7.1186047,1.4767259,1
-0.78441482,-0.47019533,-0.59163147,-0.85955255,-0.37786573,-0.94572324,0
0.20783044,-0.42595931,-0.41130523,-0.85955255,-0.37786573,-0.94572324,0
-0.78441482,-0.47019533,-0.59163147,-0.85955255,-0.37786573,-0.94572324,0
-0.78441482,-0.47019533,-0.59163147,-0.85955255,-0.37786573,-0.94572324,0
-0.035911607,-0.42153571,-0.050652758,-0.85955255,-0.37786573,-0.94572324,0
-0.78441482,-0.47019533,-0.59163147,-0.85955255,-0.37786573,-0.94572324,0
1.0306928,0.95420459,-0.45638679,0.82906857,1.8804492,0.67533708,0
1.3054319,3.3562206,-0.230979,-0.85955255,-0.37786573,-0.94572324,0
0.94142796,2.0379871,-0.14081588,1.2721101,-0.37786573,0.72713788,0
-0.23612224,-0.23574442,2.9247302,1.1008007,0.40898364,0.98004767,0
0.33927161,0.22431022,-0.0055711987,-0.85955255,-0.37786573,-0.94572324,0
-0.058100772,0.24200463,0.49032595,-0.85955255,-0.37786573,-0.94572324,0
-0.18378291,-0.32864006,0.08459192,0.78096692,0.79681101,1.2238161,0
-0.78441482,-0.47019533,-0.59163147,-0.85955255,-0.37786573,-0.94572324,0
-0.1610856,-0.43480652,-0.18589744,0.39193427,1.7101265,0.77284447,0
-0.78441482,-0.47019533,-0.59163147,-0.85955255,-0.37786573,-0.94572324,0
-0.78441482,-0.47019533,-0.59163147,-0.85955255,-0.37786573,-0.94572324,0
-0.28507391,-0.41711211,-0.14081588,0.67674667,1.5858664,1.0440369,0
-0.78441482,-0.47019533,-0.59163147,-0.85955255,-0.37786573,-0.94572324,0
-0.78441482,-0.47019533,-0.59163147,-0.85955255,-0.37786573,-0.94572324,0
-0.78441482,-0.47019533,-0.59163147,-0.85955255,-0.37786573,-0.94572324,0
-0.14109841,-0.41711211,-0.32114211,0.7493211,-0.37786573,1.1720153,0
-0.78441482,-0.47019533,-0.59163147,-0.85955255,-0.37786573,-0.94572324,0
-0.78441482,-0.47019533,-0.59163147,-0.85955255,-0.37786573,-0.94572324,0
0.3502815,0.15795618,0.35508128,1.7075566,0.030408274,0.91605844,0
-0.78441482,-0.47019533,-0.59163147,-0.85955255,-0.37786573,-0.94572324,0
0.020154146,-0.27998044,-0.45638679,-0.85955255,-0.37786573,-0.94572324,0
-0.30523048,-0.14727237,1.8878543,0.42526787,0.11874692,1.2238161,0
5.9201007,-0.38614689,-0.45638679,2.6991257,-0.37786573,0.50469915,0
-0.16786092,-0.063223929,0.08459192,-0.85955255,-0.37786573,-0.94572324,0
-0.027950609,-0.43480652,-0.0055711987,-0.85955255,-0.37786573,-0.94572324,0
-0.78441482,-0.47019533,-0.59163147,-0.85955255,-0.37786573,-0.94572324,0
0.018799083,-0.41711211,0.08459192,0.57252643,-0.37786573,0.84902211,0
-0.78441482,-0.47019533,-0.59163147,-0.85955255,-0.37786573,-0.94572324,0
0.25762903,-0.067647531,0.2198366,1.2974267,0.4257097,1.4950086,0
-0.50205346,-0.4038413,0.039510361,-0.22537025,-0.37786573,1.3213235,0
-0.78441482,-0.47019533,-0.59163147,-0.85955255,-0.37786573,-0.94572324,0
-0.06030275,-0.38172329,-0.27606055,-0.85955255,-0.37786573,-0.94572324,0
0.22324429,-0.45250093,0.80589687,1.0092388,-0.37786573,0.92824687,0
-0.023377269,-0.33748727,0.12967348,0.49615451,1.1257679,1.162874,0
0.58640132,0.41894872,-0.18589744,0.6750589,-0.37786573,1.0379427,0
0.36179954,0.12699097,-0.27606055,1.7337172,-0.37786573,1.0105187,0
0.37145436,-0.44365372,-0.36622367,0.93919603,-0.37786573,1.0927906,0
-0.78441482,-0.47019533,-0.59163147,-0.85955255,-0.37786573,-0.94572324,0
-0.78441482,-0.47019533,-0.59163147,-0.85955255,-0.37786573,-0.94572324,0
0.018968466,-0.33306367,0.35508128,0.69151473,-0.37786573,1.1659211,0
-0.78441482,-0.47019533,-0.59163147,-0.85955255,-0.37786573,-0.94572324,0
0.24611099,1.0117114,0.26491816,0.41936065,-0.37786573,0.34624965,0
-0.48697838,-0.43038291,-0.050652758,0.14087741,-0.37786573,1.363983,0
-0.2196921,-0.42153571,-0.41130523,-0.85955255,-0.37786573,-0.94572324,0
-0.34113967,-0.32864006,0.49032595,0.38644899,0.38438842,1.5529036,0
-0.78441482,-0.47019533,-0.59163147,-0.85955255,-0.37786573,-0.94572324,0
-0.15634288,-0.076494735,0.12967348,0.21767127,-0.37786573,1.1537327,0
-0.78441482,-0.47019533,-0.59163147,-0.85955255,-0.37786573,-0.94572324,0
-0.034556543,-0.33748727,-0.14081588,0.98940741,0.78871138,1.3487475,0
-0.048107178,-0.36845248,-0.27606055,-0.85955255,-0.37786573,-0.94572324,0
-0.22951631,-0.38172329,-0.59163147,0.2818068,-0.37786573,0.38281492,0
0.018460317,-0.16054318,2.5189961,-0.12874501,0.10880347,0.80940974,0
-0.35113326,-0.37287609,1.6173649,0.8970016,-0.37786573,0.75151473,0
-0.78441482,-0.47019533,-0.59163147,-0.85955255,-0.37786573,-0.94572324,0
0.64534658,1.0957599,-0.45638679,0.82569301,-0.37786573,0.7362792,0
-0.78441482,-0.47019533,-0.59163147,-0.85955255,-0.37786573,-0.94572324,0
-0.78441482,-0.47019533,-0.59163147,-0.85955255,-0.37786573,-0.94572324,0
-0.41905582,-0.43923012,0.80589687,0.42568981,0.73310051,0.76370315,0
0.50763825,1.5381201,0.08459192,0.73666277,-0.37786573,1.0348956,0
-0.069788195,-0.27555684,-0.0055711987,-0.85955255,-0.37786573,-0.94572324,0
-0.33656633,-0.45250093,0.30999972,0.10121464,-0.37786573,0.90082291,0
3.7387872,-0.43480652,-0.41130523,-0.85955255,-0.37786573,-0.94572324,0
-0.039129883,-0.4082649,0.30999972,-0.85955255,-0.37786573,-0.94572324,0
-0.78441482,-0.47019533,-0.59163147,-0.85955255,-0.37786573,-0.94572324,0
0.17005805,-0.10745995,-0.32114211,-0.020727264,-0.37786573,1.0257543,0
0.15193407,-0.11630716,4.1870138,1.1370879,-0.37786573,0.58697101,0
-0.78441482,-0.47019533,-0.59163147,-0.85955255,-0.37786573,-0.94572324,0
0.39821687,4.9885298,0.62557063,-0.85955255,-0.37786573,-0.94572324,0
0.15210346,-0.44365372,-0.14081588,2.2451137,-0.37786573,0.64181891,0
0.66990711,0.79495491,-0.18589744,-0.85955255,-0.37786573,-0.94572324,0
-0.78441482,-0.47019533,-0.59163147,-0.85955255,-0.37786573,-0.94572324,0
-0.78441482,-0.47019533,-0.59163147,-0.85955255,-0.37786573,-0.94572324,0
-0.51611224,-0.45250093,0.62557063,0.21809321,0.58724133,0.72713788,0
0.12280021,-0.45250093,-0.230979,1.181814,-0.37786573,0.83073948,0
0.12754293,-0.36402888,-0.32114211,1.6531258,2.702397,1.6778349,0
-0.78441482,-0.47019533,-0.59163147,-0.85955255,-0.37786573,-0.94572324,0
0.29472389,-0.195932,-0.230979,1.6446869,-0.37786573,1.3213235,0
-0.78441482,-0.47019533,-0.59163147,-0.85955255,-0.37786573,-0.94572324,0
-0.072667705,-0.4082649,0.53540751,1.2919415,0.22335067,1.2938996,0
-0.78441482,-0.47019533,-0.59163147,-0.85955255,-0.37786573,-0.94572324,0
-0.78441482,-0.47019533,-0.59163147,-0.85955255,-0.37786573,-0.94572324,0
-0.30336727,-0.41711211,-0.095734317,0.96155908,2.1256112,1.2603814,0
-0.1233132,-0.43923012,1.1665493,0.28307264,-0.37786573,0.94957661,0
0.0020301718,-0.16054318,0.35508128,0.65733724,0.66563653,1.4767259,0
-0.78441482,-0.47019533,-0.59163147,-0.85955255,-0.37786573,-0.94572324,0
-0.78441482,-0.47019533,-0.59163147,-0.85955255,-0.37786573,-0.94572324,0
-0.78441482,-0.47019533,-0.59163147,-0.85955255,-0.37786573,-0.94572324,0
-0.78441482,-0.47019533,-0.59163147,-0.85955255,-0.37786573,-0.94572324,0
-0.78441482,-0.47019533,-0.59163147,-0.85955255,-0.37786573,-0.94572324,0
-0.78441482,-0.47019533,-0.59163147,-0.85955255,-0.37786573,-0.94572324,0
1.3699668,1.1621139,-0.14081588,0.9826563,0.20840257,0.57782969,0
0.22104231,-0.3949941,-0.0055711987,-0.85955255,-0.37786573,-0.94572324,0
0.96107638,0.65339963,0.26491816,1.5809733,0.6675462,1.2177219,0
-0.78441482,-0.47019533,-0.59163147,-0.85955255,-0.37786573,-0.94572324,0
-0.78441482,-0.47019533,-0.59163147,-0.85955255,-0.37786573,-0.94572324,0
0.23730308,0.20661581,0.71573375,0.0066991158,0.20645998,0.76370315,0
-0.78441482,-0.47019533,-0.59163147,-0.85955255,-0.37786573,-0.94572324,0
-0.78441482,-0.47019533,-0.59163147,-0.85955255,-0.37786573,-0.94572324,0
0.013717595,-0.35075807,0.12967348,0.27969708,0.76516978,1.0409898,0
0.034382313,-0.24016802,-0.230979,1.3058656,-0.37786573,1.5315738,0
0.21003242,0.15353258,-0.36622367,0.51767367,-0.37786573,1.0318485,0
-0.066400536,-0.37287609,-0.18589744,-0.85955255,-0.37786573,-0.94572324,0
0.014564509,-0.16496678,0.67065219,-0.85955255,-0.37786573,-0.94572324,0
-0.78441482,-0.47019533,-0.59163147,-0.85955255,-0.37786573,-0.94572324,0
0.28557721,0.029671718,1.0763862,0.85311939,0.20593317,0.9983303,0
0.88078887,1.383294,0.26491816,1.4290734,0.35314229,1.0562253,0
-0.78441482,-0.47019533,-0.59163147,-0.85955255,-0.37786573,-0.94572324,0
-0.28253317,-0.45250093,-0.18589744,0.81345663,1.6549437,1.104979,0
0.13143874,-0.42153571,-0.36622367,1.5337156,-0.37786573,1.4066425,0
-0.78441482,-0.47019533,-0.59163147,-0.85955255,-0.37786573,-0.94572324,0
0.33673086,0.75071888,0.49032595,2.2223287,-0.37786573,1.2634285,0
-0.78441482,-0.47019533,-0.59163147,-0.85955255,-0.37786573,-0.94572324,0
-0.097228231,0.17565059,2.2034252,0.79784469,-0.37786573,1.0348956,0
1.9661947,-0.13842517,-0.27606055,-0.85955255,-0.37786573,-0.94572324,0
0.58995836,0.48972635,0.26491816,1.2429959,-0.37786573,1.1415443,0
-0.22697556,-0.43923012,-0.14081588,1.7375147,-0.37786573,1.2542872,0
1.4710884,-0.45250093,-0.27606055,-0.85955255,-0.37786573,-0.94572324,0
1.3496408,-0.43480652,-0.45638679,-0.85955255,-0.37786573,-0.94572324,0
-0.78441482,-0.47019533,-0.59163147,-0.85955255,-0.37786573,-0.94572324,0
-0.78441482,-0.47019533,-0.59163147,-0.85955255,-0.37786573,-0.94572324,0
0.24492531,0.25527543,2.2935883,-0.029588095,-0.37786573,0.43461572,0
-0.28354947,-0.41711211,-0.14081588,0.77548164,-0.37786573,0.73018498,0
0.53101309,2.7324927,0.58048907,0.79911052,-0.37786573,0.65705444,0
0.60317023,0.82149652,-0.050652758,1.2159915,-0.37786573,1.738777,0
-0.061488431,-0.35518168,0.17475504,0.8083933,1.0468788,0.92215265,0
-0.78441482,-0.47019533,-0.59163147,-0.85955255,-0.37786573,-0.94572324,0
-0.78441482,-0.47019533,-0.59163147,-0.85955255,-0.37786573,-0.94572324,0
-0.043703222,-0.24901522,-0.050652758,0.5560706,-0.37786573,0.62963049,0
-0.42430669,-0.44365372,0.85097843,-0.85955255,-0.37786573,-0.94572324,0
0.28947302,-0.13400156,0.53540751,1.7662069,-0.37786573,1.1811567,0
0.22375244,1.1001835,0.85097843,0.37758816,-0.37786573,0.60525364,0
0.74612943,-0.43480652,0.2198366,-0.85955255,-0.37786573,-0.94572324,0
-0.31674852,-0.43923012,0.2198366,0.97084186,-0.37786573,0.98309477,0
-0.78441482,-0.47019533,-0.59163147,-0.85955255,-0.37786573,-0.94572324,0
-0.78441482,-0.47019533,-0.59163147,-0.85955255,-0.37786573,-0.94572324,0
-0.78441482,-0.47019533,-0.59163147,-0.85955255,-0.37786573,-0.94572324,0
-0.78441482,-0.47019533,-0.59163147,-0.85955255,-0.37786573,-0.94572324,0
0.54845954,0.5870456,0.80589687,2.3202197,-0.37786573,1.3213235,0
0.014056361,0.10044935,-0.27606055,0.67632473,1.5130026,1.104979,0
-0.4112642,-0.39057049,0.98622311,-0.85955255,-0.37786573,-0.94572324,0
-0.016940717,-0.37287609,-0.18589744,0.39446593,0.65523213,1.2756169,0
1.032556,0.94978098,-0.32114211,-0.85955255,-0.37786573,-0.94572324,0
0.42006727,0.31278226,0.12967348,-0.85955255,-0.37786573,-0.94572324,0
-0.78441482,-0.47019533,-0.59163147,-0.85955255,-0.37786573,-0.94572324,0
-0.78441482,-0.47019533,-0.59163147,-0.85955255,-0.37786573,-0.94572324,0
-0.78441482,-0.47019533,-0.59163147,-0.85955255,-0.37786573,-0.94572324,0
-0.10535861,0.26854624,0.58048907,0.4379262,0.49323954,0.88558738,0
-0.1451636,-0.35075807,0.53540751,0.37716622,0.38060201,0.66619576,0
0.047594183,0.09160215,1.6624465,1.1484804,-0.37786573,0.91910555,0
-0.24205065,-0.41268851,1.0763862,0.4969984,0.2599307,0.93129397,0
-0.014738739,-0.44807732,-0.230979,1.3839253,1.8067624,1.4188309,0
0.87028712,5.0814255,-0.36622367,0.68982695,-0.37786573,0.18780014,0
-0.15363275,-0.3949941,-0.36622367,0.28771402,-0.37786573,1.1384972,0
0.41786529,1.1842319,-0.095734317,1.9970104,0.90582676,0.74542051,0
-0.78441482,-0.47019533,-0.59163147,-0.85955255,-0.37786573,-0.94572324,0
-0.78441482,-0.47019533,-0.59163147,-0.85955255,-0.37786573,-0.94572324,0
4.1232865,-0.45250093,-0.50146835,-0.85955255,-0.37786573,-0.94572324,0
-0.5076431,-0.44807732,4.8181556,0.76324526,0.26246595,0.82159816,0
0.47782685,1.7194878,-0.095734317,1.242574,1.2105835,0.51079336,0
-0.78441482,-0.47019533,-0.59163147,-0.85955255,-0.37786573,-0.94572324,0
-0.14177594,-0.41711211,0.26491816,0.85480717,0.34412075,1.0288014,0
0.17784966,-0.26670963,-0.18589744,0.76071359,-0.37786573,1.5620449,0
-0.21613506,-0.4038413,-0.18589744,-0.85955255,-0.37786573,-0.94572324,0
0.038616887,-0.18266119,0.17475504,0.56282171,0.48622644,1.2451459,0
-0.78441482,-0.47019533,-0.59163147,-0.85955255,-0.37786573,-0.94572324,0
-0.2742334,-0.3949941,1.7526096,1.2130379,0.11957005,0.8916816,0
-0.26627241,-0.4082649,1.2116309,-0.85955255,-0.37786573,-0.94572324,0
-0.78441482,-0.47019533,-0.59163147,-0.85955255,-0.37786573,-0.94572324,0
-0.78441482,-0.47019533,-0.59163147,-0.85955255,-0.37786573,-0.94572324,0
-0.78441482,-0.47019533,-0.59163147,-0.85955255,-0.37786573,-0.94572324,0
-0.78441482,-0.47019533,-0.59163147,-0.85955255,-0.37786573,-0.94572324,0
-0.48562331,-0.44807732,1.1214678,0.45058453,-0.37786573,0.270072,0
-0.040823712,-0.23132081,2.0681805,0.30163819,-0.37786573,1.7204944,0
0.31572738,-0.04552952,-0.230979,0.89868938,-0.37786573,1.0897435,0
-0.78441482,-0.47019533,-0.59163147,-0.85955255,-0.37786573,-0.94572324,0
0.29845032,0.34817108,-0.32114211,-0.85955255,-0.37786573,-0.94572324,0
0.35468545,-0.45250093,-0.36622367,-0.85955255,-0.37786573,-0.94572324,0
0.076728049,-0.35960528,-0.36622367,1.1750629,2.0942004,0.97700056,0
0.25458014,-0.33748727,-0.36622367,0.7970008,-0.37786573,1.4371135,0
-0.78441482,-0.47019533,-0.59163147,-0.85955255,-0.37786573,-0.94572324,0
0.15295037,-0.12957796,-0.32114211,0.67801251,-0.37786573,1.1781095,0
1.5889789,2.1308828,-0.32114211,-0.85955255,-0.37786573,-0.94572324,0
0.1775109,0.36586549,-0.18589744,-0.85955255,-0.37786573,-0.94572324,0
0.96107638,3.5641299,0.08459192,-0.85955255,-0.37786573,-0.94572324,0
-0.17378932,-0.23574442,-0.230979,0.40037315,1.7676142,1.4889143,0
-0.38009774,-0.45250093,1.301794,-0.85955255,-0.37786573,-0.94572324,0
0.32097825,0.61358721,0.89605999,-0.85955255,-0.37786573,-0.94572324,0
-0.21799827,-0.44365372,0.039510361,0.78982775,-0.37786573,1.3548417,0
0.52457654,0.87900335,-0.41130523,-0.85955255,-0.37786573,-0.94572324,0
0.20715291,0.7861077,0.44524439,0.45438202,0.34721573,0.80636263,0
-0.78441482,-0.47019533,-0.59163147,-0.85955255,-0.37786573,-0.94572324,0
-0.41719261,-0.37729969,2.6091592,0.26197542,0.098267364,0.23045962,0
-0.78441482,-0.47019533,-0.59163147,-0.85955255,-0.37786573,-0.94572324,0
0.65161375,-0.45250093,-0.45638679,-0.85955255,-0.37786573,-0.94572324,0
0.18767387,-0.31094565,-0.36622367,-0.85955255,-0.37786573,-0.94572324,0
0.70090418,5.0858491,-0.27606055,0.1674599,2.741216,-0.016355953,0
-0.78441482,-0.47019533,-0.59163147,-0.85955255,-0.37786573,-0.94572324,0
0.016088956,-0.35075807,-0.095734317,-0.85955255,-0.37786573,-0.94572324,0
0.31369478,1.0072878,-0.45638679,0.40585843,-0.37786573,0.37062649,0
-0.78441482,-0.47019533,-0.59163147,-0.85955255,-0.37786573,-0.94572324,0
-0.15329398,-0.3949941,-0.36622367,0.50374951,2.7677208,1.1750624,0
0.16836422,-0.43480652,-0.45638679,0.65058613,-0.37786573,1.2969467,0
-0.53254239,-0.43480652,5.0435634,1.0948935,0.24228273,0.23655383,0
-0.78441482,-0.47019533,-0.59163147,-0.85955255,-0.37786573,-0.94572324,0
-0.13296803,-0.4082649,-0.14081588,-0.85955255,-0.37786573,-0.94572324,0
-0.78441482,-0.47019533,-0.59163147,-0.85955255,-0.37786573,-0.94572324,0
0.31860689,0.76841329,-0.230979,0.75016498,-0.37786573,1.01966,0
-0.78441482,-0.47019533,-0.59163147,-0.85955255,-0.37786573,-0.94572324,0
-0.78441482,-0.47019533,-0.59163147,-0.85955255,-0.37786573,-0.94572324,0
0.69751652,0.50742076,0.30999972,1.1628265,0.29180241,1.1842038,0
-0.78441482,-0.47019533,-0.59163147,-0.85955255,-0.37786573,-0.94572324,0
0.61451888,0.34374748,-0.18589744,1.1953162,-0.37786573,0.7911271,0
0.43243222,0.72860087,0.12967348,-0.85955255,-0.37786573,-0.94572324,0
0.0052484477,0.069484139,0.08459192,-0.85955255,-0.37786573,-0.94572324,0
-0.40059308,-0.4038413,1.9329359,1.189409,0.24468628,0.81855105,0
1.0500024,1.4938841,0.12967348,-0.85955255,-0.37786573,-0.94572324,0
1.5413823,0.971899,-0.14081588,2.8375235,-0.37786573,1.3335119,0
-0.78441482,-0.47019533,-0.59163147,-0.85955255,-0.37786573,-0.94572324,0
-0.78441482,-0.47019533,-0.59163147,-0.85955255,-0.37786573,-0.94572324,0
-0.78441482,-0.47019533,-0.59163147,-0.85955255,-0.37786573,-0.94572324,0
-0.78441482,-0.47019533,-0.59163147,-0.85955255,-0.37786573,-0.94572324,0
-0.78441482,-0.47019533,-0.59163147,-0.85955255,-0.37786573,-0.94572324,0
-0.78441482,-0.47019533,-0.59163147,-0.85955255,-0.37786573,-0.94572324,0
-0.78441482,-0.47019533,-0.59163147,-0.85955255,-0.37786573,-0.94572324,0
-0.78441482,-0.47019533,-0.59163147,-0.85955255,-0.37786573,-0.94572324,0
-0.1888644,-0.4038413,1.1665493,0.371259,-0.022469794,1.5864217,0
0.60808233,2.1883896,-0.32114211,-0.85955255,-0.37786573,-0.94572324,0
-0.018126398,-0.34633447,0.49032595,1.1763287,-0.37786573,0.75456183,0
0.25932286,-0.4038413,-0.32114211,2.0586143,-0.37786573,0.65705444,0
0.50594442,0.34817108,-0.14081588,-0.85955255,-0.37786573,-0.94572324,0
-0.20885159,-0.37287609,-0.095734317,0.96409075,-0.37786573,1.5407151,0
0.38110919,0.63128162,0.35508128,1.151434,-0.37786573,0.9983303,0
-0.36197377,-0.4038413,-0.59163147,-0.23423108,-0.37786573,0.80636263,0
-0.10383417,-0.45250093,-0.095734317,-0.85955255,-0.37786573,-0.94572324,0
0.081809537,0.14910898,0.62557063,-0.85955255,-0.37786573,-0.94572324,0
1.1377428,3.1748529,0.12967348,-0.85955255,-0.37786573,-0.94572324,0
-0.1819197,-0.16496678,0.2198366,0.72780194,-0.37786573,0.56259416,0
-0.78441482,-0.47019533,-0.59163147,-0.85955255,-0.37786573,-0.94572324,0
-0.78441482,-0.47019533,-0.59163147,-0.85955255,-0.37786573,-0.94572324,0
-0.78441482,-0.47019533,-0.59163147,-0.85955255,-0.37786573,-0.94572324,0
-0.78441482,-0.47019533,-0.59163147,-0.85955255,-0.37786573,-0.94572324,0
-0.78441482,-0.47019533,-0.59163147,-0.85955255,-0.37786573,-0.94572324,0
-0.19191329,-0.3994177,-0.36622367,-0.85955255,-0.37786573,-0.94572324,0
0.36840547,0.48087915,-0.095734317,0.77421581,0.61433887,1.1598269,0
0.16870299,0.1844978,0.44524439,1.6632525,0.19440931,1.1750624,0
-0.22477359,-0.44365372,-0.41130523,-0.85955255,-0.37786573,-0.94572324,0
-0.049123476,-0.43923012,-0.230979,0.65480557,1.3672422,1.4066425,0
0.097731533,-0.28882764,2.2935883,0.21724932,-0.095794488,1.3578888,0
0.025574401,-0.41268851,0.17475504,0.70290722,-0.37786573,1.0135658,0
0.098409065,-0.3949941,-0.050652758,1.4235881,0.60762211,0.87035185,0
0.026251932,-0.3994177,0.12967348,0.53877089,-0.37786573,1.1445914,0
1.1009867,3.5243175,-0.27606055,0.84847801,-0.37786573,0.74237341,0
0.83403917,4.9708354,0.30999972,1.4919431,-0.37786573,0.46813388,0
-0.33809077,-0.45250093,2.4739146,-0.85955255,-0.37786573,-0.94572324,0
-0.78441482,-0.47019533,-0.59163147,-0.85955255,-0.37786573,-0.94572324,0
-0.22782248,-0.43480652,0.12967348,1.1185224,0.64769223,1.4035954,0
-0.034048394,-0.32421646,0.85097843,0.020201334,0.25173229,1.3304648,0
0.11941255,-0.23574442,0.40016284,1.4408878,-0.37786573,0.97090635,0
0.023372422,-0.3994177,0.40016284,0.93455465,-0.37786573,1.0592724,0
-0.78441482,-0.47019533,-0.59163147,-0.85955255,-0.37786573,-0.94572324,0
-0.59013259,-0.43480652,1.301794,1.1050201,0.71008571,0.61439496,0
-0.78441482,-0.47019533,-0.59163147,-0.85955255,-0.37786573,-0.94572324,0
-0.31945865,-0.42153571,-0.230979,0.71725333,2.8913554,0.91910555,0
0.31674367,-0.21805001,-0.27606055,-0.85955255,-0.37786573,-0.94572324,0
-0.013891825,-0.31094565,-0.18589744,1.66705,1.0792115,1.1567798,0
0.19106153,-0.37287609,-0.18589744,-0.85955255,-0.37786573,-0.94572324,0
-0.06606177,0.065060536,-0.14081588,1.9210604,0.9991042,1.104979,0
-0.27508032,-0.42153571,0.30999972,0.96240297,-0.37786573,1.3761714,0
-0.78441482,-0.47019533,-0.59163147,-0.85955255,-0.37786573,-0.94572324,0
0.23459295,-0.2003556,0.08459192,1.4906772,0.61532663,1.1842038,0
0.031672186,-0.31536926,0.49032595,0.56577532,0.42808032,1.0135658,0
1.9025068,4.6346417,-0.32114211,1.522745,-0.37786573,0.10552828,0
-0.78441482,-0.47019533,-0.59163147,-0.85955255,-0.37786573,-0.94572324,0
0.79880752,0.71975367,-0.32114211,2.0286562,-0.37786573,1.0288014,0
0.75256598,0.12256737,0.039510361,0.75522832,0.43394103,0.88254028,0
1.096244,4.5284752,-0.230979,-0.85955255,-0.37786573,-0.94572324,0
1.6687583,-0.44365372,-0.54654991,-0.85955255,-0.37786573,-0.94572324,0
-0.78441482,-0.47019533,-0.59163147,-0.85955255,-0.37786573,-0.94572324,0
-0.26254598,-0.11188355,0.71573375,-0.17473694,-0.37786573,0.97090635,0
0.34943458,0.27739344,-0.230979,0.10121464,1.4336855,1.2542872,0
-0.78441482,-0.47019533,-0.59163147,-0.85955255,-0.37786573,-0.94572324,0
-0.11450529,-0.11630716,0.85097843,1.8438446,-0.37786573,0.64486602,0
0.015072658,-0.34191087,-0.36622367,0.72611416,3.5478205,1.1080261,0
-0.24137311,-0.30209845,2.428833,1.0514332,-0.37786573,0.97090635,0
-0.78441482,-0.47019533,-0.59163147,-0.85955255,-0.37786573,-0.94572324,0
0.40448404,0.23758102,-0.0055711987,1.2282279,-0.37786573,0.92824687,0
0.11636366,-0.33306367,-0.36622367,-0.85955255,-0.37786573,-0.94572324,0
-0.78441482,-0.47019533,-0.59163147,-0.85955255,-0.37786573,-0.94572324,0
0.39669242,0.18007419,-0.230979,-0.85955255,-0.37786573,-0.94572324,0
0.6858291,-0.45250093,-0.50146835,-0.85955255,-0.37786573,-0.94572324,0
-0.42108841,-0.44807732,0.49032595,0.49024729,-0.37786573,0.65400734,0
0.27101028,1.1223015,2.2034252,1.4830822,-0.37786573,0.6357247,0
-2.4234347e-06,-0.29325125,0.85097843,-0.85955255,-0.37786573,-0.94572324,0
0.19004524,-0.38614689,-0.18589744,-0.85955255,-0.37786573,-0.94572324,0
0.37094622,0.3791363,-0.0055711987,0.98181241,-0.37786573,1.0440369,0
0.43344852,3.3341026,-0.18589744,-0.85955255,-0.37786573,-0.94572324,0
-0.78441482,-0.47019533,-0.59163147,-0.85955255,-0.37786573,-0.94572324,0
-0.084693894,-0.37729969,0.039510361,0.39488788,0.48151812,0.9952832,0
-0.78441482,-0.47019533,-0.59163147,-0.85955255,-0.37786573,-0.94572324,0
0.70259801,1.1444195,0.12967348,0.49995201,0.27682139,0.81855105,0
-0.78441482,-0.47019533,-0.59163147,-0.85955255,-0.37786573,-0.94572324,0
-0.78441482,-0.47019533,-0.59163147,-0.85955255,-0.37786573,-0.94572324,0
0.88756418,0.63570523,0.2198366,1.6375139,-0.37786573,1.1689682,0
-0.78441482,-0.47019533,-0.59163147,-0.85955255,-0.37786573,-0.94572324,0
0.54219237,-0.15169597,0.08459192,1.2100843,0.49949535,1.3944541,0
-0.78441482,-0.47019533,-0.59163147,-0.85955255,-0.37786573,-0.94572324,0
-0.29997961,-0.27113323,1.6624465,0.60248448,0.48622644,0.78808,0
-0.11111763,-0.4038413,0.35508128,0.97379547,-0.37786573,1.6686936,0
0.038278121,-0.24016802,0.76081531,0.54594394,-0.37786573,1.3731243,0
6.2649644,-0.39057049,-0.50146835,5.5008359,-0.37786573,0.64486602,0
-0.78441482,-0.47019533,-0.59163147,-0.85955255,-0.37786573,-0.94572324,0
-0.78441482,-0.47019533,-0.59163147,-0.85955255,-0.37786573,-0.94572324,0
-0.50950631,-0.43480652,0.44524439,0.68729528,0.93108048,0.88863449,0
-0.12619271,-0.3994177,-0.18589744,1.0847668,-0.37786573,1.1781095,0
-0.78441482,-0.47019533,-0.59163147,-0.85955255,-0.37786573,-0.94572324,0
-0.78441482,-0.47019533,-0.59163147,-0.85955255,-0.37786573,-0.94572324,0
0.022186742,-0.4082649,0.2198366,0.69784389,-0.37786573,1.4249251,0
0.023033656,-0.34191087,0.80589687,0.47590118,-0.37786573,1.2451459,0
-0.78441482,-0.47019533,-0.59163147,-0.85955255,-0.37786573,-0.94572324,0
-0.5652333,-0.4082649,-0.59163147,-0.85955255,-0.37786573,-0.94572324,0
-0.50815124,-0.44807732,0.12967348,0.20712266,2.6704594,0.66924287,0
0.053014437,-0.032258713,-0.0055711987,-0.85955255,-0.37786573,-0.94572324,0
-0.058439538,-0.31979286,2.1583436,1.2797051,0.11752868,0.64791313,0
-0.78441482,-0.47019533,-0.59163147,-0.85955255,-0.37786573,-0.94572324,0
0.307597,-0.0057170995,-0.230979,2.1383618,-0.37786573,0.9983303,0
0.022017359,-0.43038291,-0.18589744,-0.85955255,-0.37786573,-0.94572324,0
-0.78441482,-0.47019533,-0.59163147,-0.85955255,-0.37786573,-0.94572324,0
0.43802186,-0.04552952,-0.095734317,-0.85955255,-0.37786573,-0.94572324,0
-0.32708088,-0.44807732,0.2198366,0.014294113,-0.37786573,1.5041499,0
-0.32521767,-0.37729969,3.4657089,0.76155748,0.47677688,0.8947287,0
0.0077891918,0.48087915,0.17475504,0.97843685,0.52573683,0.86425764,0
-0.78441482,-0.47019533,-0.59163147,-0.85955255,-0.37786573,-0.94572324,0
0.089939918,-0.28882764,-0.050652758,0.26999236,2.0405651,1.0440369,0
0.12347774,-0.2003556,-0.095734317,0.38391733,1.6100336,1.1445914,0
-0.20461702,-0.45250093,-0.050652758,0.69615611,0.81067257,0.68143129,0
-0.087234638,-0.45250093,-0.0055711987,-0.85955255,-0.37786573,-0.94572324,0
0.063854945,-0.33306367,-0.41130523,-0.85955255,-0.37786573,-0.94572324,0
0.16311335,-0.43480652,0.49032595,-0.85955255,-0.37786573,-0.94572324,0
0.37331758,0.92766297,0.26491816,1.6716913,-0.37786573,0.95871792,0
-0.45530377,-0.44365372,0.67065219,-0.16545416,0.62543471,1.4919615,0
0.27727745,-0.22247361,0.35508128,1.1088176,-0.37786573,0.8398808,0
-0.78441482,-0.47019533,-0.59163147,-0.85955255,-0.37786573,-0.94572324,0
-0.78441482,-0.47019533,-0.59163147,-0.85955255,-0.37786573,-0.94572324,0
0.33012493,0.59589281,-0.14081588,1.113459,1.2136127,1.1781095,0
-0.78441482,-0.43038291,6.9369889,-0.85955255,-0.37786573,-0.94572324,0
0.33080246,0.29508785,0.94114155,1.4632509,-0.37786573,0.93434108,0
-0.78441482,-0.47019533,-0.59163147,-0.85955255,-0.37786573,-0.94572324,0
-0.22595927,-0.3994177,-0.230979,-0.85955255,-0.37786573,-0.94572324,0
0.99258161,-0.44807732,-0.50146835,-0.85955255,-0.37786573,-0.94572324,0
1.0024058,0.67994125,-0.095734317,1.4936309,-0.37786573,1.0836493,0
-0.78441482,-0.47019533,-0.59163147,-0.85955255,-0.37786573,-0.94572324,0
-0.78441482,-0.47019533,-0.59163147,-0.85955255,-0.37786573,-0.94572324,0
0.17192126,-0.22247361,-0.32114211,-0.85955255,-0.37786573,-0.94572324,0
-0.78441482,-0.47019533,-0.59163147,-0.85955255,-0.37786573,-0.94572324,0
-0.51170829,-0.44807732,3.4206273,0.79953247,-0.37786573,0.40109755,0
-0.081645001,-0.34633447,-0.59163147,0.25691209,-0.37786573,0.56564127,0
0.87062589,4.9133286,0.35508128,-0.85955255,-0.37786573,-0.94572324,0
0.84352462,1.2727039,-0.36622367,-0.85955255,-0.37786573,-0.94572324,0
-0.46546674,-0.45250093,-0.230979,0.8674655,-0.37786573,0.92215265,0
-0.24713213,-0.45250093,-0.18589744,1.2240084,-0.37786573,1.1781095,0
-0.46428106,-0.37729969,1.4370387,1.3695792,0.64074498,0.85206922,0
0.8606323,0.20219221,-0.27606055,1.2223207,-0.37786573,0.89777581,0
0.035737377,-0.041105917,-0.050652758,0.94763492,-0.37786573,1.3274177,0
-0.13415371,-0.4038413,0.89605999,0.060707987,-0.37786573,0.85511633,0
-0.78441482,-0.47019533,-0.59163147,-0.85955255,-0.37786573,-0.94572324,0
-0.78441482,-0.47019533,-0.59163147,-0.85955255,-0.37786573,-0.94572324,0
-0.78441482,-0.47019533,-0.59163147,-0.85955255,-0.37786573,-0.94572324,0
0.91754496,4.130351,-0.050652758,0.65480557,-0.37786573,0.34624965,0
-0.78441482,-0.47019533,-0.59163147,-0.85955255,-0.37786573,-0.94572324,0
-0.29337368,-0.3949941,1.8878543,0.049737435,0.0036399867,0.66010155,0
0.36738917,0.61358721,0.62557063,0.63961558,0.38060201,0.73018498,0
0.075203602,-0.39057049,-0.32114211,0.95143242,-0.37786573,0.95262371,0
-0.1600693,-0.24016802,0.80589687,0.99109518,-0.37786573,1.0745079,0
-0.78441482,-0.47019533,-0.59163147,-0.85955255,-0.37786573,-0.94572324,0
-0.031677033,0.082754945,1.0763862,0.68898306,0.034853193,0.85816343,0
1.016634,1.5469673,-0.230979,1.7257002,-0.37786573,0.80026842,0
-0.78441482,-0.47019533,-0.59163147,-0.85955255,-0.37786573,-0.94572324,0
0.36112201,-0.45250093,-0.45638679,-0.85955255,-0.37786573,-0.94572324,0
-0.13635569,-0.42153571,-0.095734317,0.76619887,2.3084455,0.98614188,0
-0.78441482,-0.47019533,-0.59163147,-0.85955255,-0.37786573,-0.94572324,0
-0.78441482,-0.47019533,-0.59163147,-0.85955255,-0.37786573,-0.94572324,0
0.011854382,-0.13400156,-0.0055711987,0.73075555,2.1947214,0.36453228,0
0.029978357,-0.31536926,0.53540751,1.0446821,0.17169083,1.2268632,0
-0.35790858,-0.43480652,-0.230979,-0.85955255,-0.37786573,-0.94572324,0
-0.1521083,-0.44365372,-0.27606055,-0.85955255,-0.37786573,-0.94572324,0
0.46918832,2.7723051,-0.36622367,0.65100807,-0.37786573,0.63877181,0
-0.78441482,-0.47019533,-0.59163147,-0.85955255,-0.37786573,-0.94572324,0
0.95480921,0.91881577,-0.14081588,0.99784629,-0.37786573,1.190298,0
-0.16853845,-0.42595931,0.2198366,0.45902341,0.65523213,1.3091351,0
-0.26423981,-0.45250093,-0.14081588,1.1674679,-0.37786573,0.93738818,0
-0.39686665,-0.39057049,1.4821203,-0.85955255,-0.37786573,-0.94572324,0
-0.15058386,-0.43923012,-0.050652758,-0.85955255,-0.37786573,-0.94572324,0
-0.0061002093,-0.34633447,-0.18589744,1.1872993,0.85031466,0.94957661,0
-0.78441482,-0.47019533,-0.59163147,-0.85955255,-0.37786573,-0.94572324,0
-0.091130445,-0.15611958,1.5722834,0.6560714,-0.37786573,1.4249251,0
-0.78441482,-0.47019533,-0.59163147,-0.85955255,-0.37786573,-0.94572324,0
1.3709831,1.6752518,0.08459192,2.174227,-0.37786573,1.1263087,0
-0.089267233,-0.2003556,2.2034252,0.1598649,0.33108232,1.047084,0
-0.78441482,-0.47019533,-0.59163147,-0.85955255,-0.37786573,-0.94572324,0
-0.23561409,-0.4038413,0.12967348,0.96113714,-0.37786573,0.90387002,0
0.55472671,1.4142592,0.44524439,0.9636688,-0.37786573,0.96176503,0
0.21087934,-0.11188355,1.5722834,-0.85955255,-0.37786573,-0.94572324,0
-0.78441482,-0.47019533,-0.59163147,-0.85955255,-0.37786573,-0.94572324,0
-0.78441482,-0.47019533,-0.59163147,-0.85955255,-0.37786573,-0.94572324,0
0.44276458,0.30835866,0.67065219,1.1657801,-0.37786573,0.92519976,0
-0.78441482,-0.47019533,-0.59163147,-0.85955255,-0.37786573,-0.94572324,0
-0.021514057,-0.41268851,0.26491816,1.2050209,-0.37786573,1.3975012,0
-0.78441482,-0.47019533,-0.59163147,-0.85955255,-0.37786573,-0.94572324,0
0.37280943,-0.32864006,-0.230979,1.3202117,0.6960266,1.2634285,0
-0.36942662,-0.43038291,-0.050652758,0.53159783,-0.37786573,1.0348956,0
-0.063859792,0.056213332,0.12967348,0.5189395,0.99189355,1.2085806,0
0.25678211,-0.41711211,-0.095734317,-0.85955255,-0.37786573,-0.94572324,0
-0.059455835,-0.45250093,0.58048907,-0.85955255,-0.37786573,-0.94572324,0
0.73105435,0.67994125,-0.32114211,-0.85955255,-0.37786573,-0.94572324,0
0.36434028,0.10487296,0.039510361,1.5889903,-0.37786573,1.1263087,0
0.59097466,-0.43480652,-0.36622367,-0.85955255,-0.37786573,-0.94572324,0
-0.23442841,-0.15611958,0.2198366,0.015559946,0.54960769,1.3304648,0
-0.78441482,-0.47019533,-0.59163147,-0.85955255,-0.37786573,-0.94572324,0
-0.78441482,-0.47019533,-0.59163147,-0.85955255,-0.37786573,-0.94572324,0
-0.025409864,-0.38172329,0.49032595,0.3818076,-0.37786573,1.1202145,0
0.20884674,-0.041105917,0.2198366,1.4235881,0.60762211,0.7911271,0
0.16023384,-0.16054318,0.039510361,-0.85955255,-0.37786573,-0.94572324,0
0.35316101,0.37471269,-0.36622367,0.98012463,-0.37786573,1.0745079,0
0.3423205,0.3879835,-0.095734317,0.59784309,0.53561443,0.96176503,0
0.40397589,0.33490027,-0.36622367,1.7565022,-0.37786573,1.766201,0
-0.78441482,-0.47019533,-0.59163147,-0.85955255,-0.37786573,-0.94572324,0
-0.78441482,-0.47019533,-0.59163147,-0.85955255,-0.37786573,-0.94572324,0
-0.14194533,-0.38172329,-0.27606055,-0.19288054,4.8789913,1.1598269,0
-0.19157453,-0.17823759,-0.27606055,-0.19709998,1.2748208,1.1080261,0
-0.78441482,-0.47019533,-0.59163147,-0.85955255,-0.37786573,-0.94572324,0
15.455005,-0.35075807,-0.59163147,-0.85955255,-0.37786573,-0.94572324,0
0.20833859,0.1977686,-0.095734317,-0.85955255,-0.37786573,-0.94572324,0
0.52118888,0.47645554,0.039510361,1.2438398,-0.37786573,1.2420988,0
0.81743965,1.3965648,-0.230979,0.65691529,-0.37786573,0.38586202,0
0.41075121,0.29951146,-0.14081588,0.4151412,-0.37786573,0.96481214,0
0.0474248,-0.34191087,1.1665493,0.38729288,-0.37786573,1.622987,0
0.62281865,0.47645554,-0.18589744,-0.85955255,-0.37786573,-0.94572324,0
-0.78441482,-0.47019533,-0.59163147,-0.85955255,-0.37786573,-0.94572324,0
-0.78441482,-0.47019533,-0.59163147,-0.85955255,-0.37786573,-0.94572324,0
-0.17090981,-0.42595931,0.039510361,0.6303328,-0.37786573,1.1141203,0
-0.78441482,-0.47019533,-0.59163147,-0.85955255,-0.37786573,-0.94572324,0
0.29658711,0.16237979,-0.14081588,0.76324526,-0.37786573,1.1171674,0
0.038447504,0.14468538,-0.18589744,-0.85955255,-0.37786573,-0.94572324,0
-0.78441482,-0.47019533,-0.59163147,-0.85955255,-0.37786573,-0.94572324,0
-0.47004008,-0.45250093,1.301794,-0.85955255,-0.37786573,-0.94572324,0
0.56421215,-0.14284877,-0.18589744,1.1020665,0.8263121,1.1263087,0
-0.78441482,-0.47019533,-0.59163147,-0.85955255,-0.37786573,-0.94572324,0
0.2112181,0.0075537073,0.2198366,-0.85955255,-0.37786573,-0.94572324,0
0.51136467,0.29066425,-0.18589744,1.1045982,-0.37786573,1.1232616,0
-0.78441482,-0.47019533,-0.59163147,-0.85955255,-0.37786573,-0.94572324,0
-0.059455835,-0.29767485,0.58048907,0.87168494,0.24248028,1.3517946,0
0.025913166,-0.25786243,-0.27606055,0.56239977,3.9391709,0.86425764,0
1.5847444,0.27739344,-0.36622367,1.4058664,-0.37786573,1.2116277,0
0.10653945,-0.28882764,0.40016284,1.6539697,0.86865407,0.79722131,0
0.45597645,0.082754945,-0.41130523,-0.85955255,-0.37786573,-0.94572324,0
-0.36468389,-0.41268851,0.49032595,0.59277976,1.0358489,1.3243706,0
-0.78441482,-0.47019533,-0.59163147,-0.85955255,-0.37786573,-0.94572324,0
-0.31827297,-0.32421646,1.3919571,0.55902421,0.34323177,1.3121822,0
-0.78441482,-0.47019533,-0.59163147,-0.85955255,-0.37786573,-0.94572324,0
-0.78441482,-0.47019533,-0.59163147,-0.85955255,-0.37786573,-0.94572324,0
-0.78441482,-0.47019533,-0.59163147,-0.85955255,-0.37786573,-0.94572324,0
-0.036927904,-0.38172329,-0.18589744,-0.85955255,-0.37786573,-0.94572324,0
-0.78441482,-0.47019533,-0.59163147,-0.85955255,-0.37786573,-0.94572324,0
0.73427262,1.9052791,-0.45638679,0.87759216,-0.37786573,0.6357247,0
0.38907019,0.056213332,0.12967348,0.7303336,0.59856764,1.4005483,0
-0.1194174,-0.3994177,0.17475504,0.1636624,-0.37786573,1.6107986,0
-0.78441482,-0.47019533,-0.59163147,-0.85955255,-0.37786573,-0.94572324,0
0.29641772,0.23758102,-0.050652758,-0.85955255,-0.37786573,-0.94572324,0
-0.23900175,-0.32421646,0.35508128,1.0737963,-0.37786573,0.96176503,0
0.59334602,0.56935119,-0.050652758,-0.025790596,0.68786112,0.8947287,0
0.37636647,-0.18266119,0.71573375,1.8421568,-0.37786573,0.74542051,0
-0.26254598,-0.43038291,0.2198366,0.8379294,0.70359942,1.1811567,0
0.69531455,0.52069157,0.12967348,0.88645299,0.55678541,1.0501311,0
-0.55371526,-0.44807732,3.9165245,1.2240084,0.14258485,0.46813388,0
-0.78441482,-0.47019533,-0.59163147,-0.85955255,-0.37786573,-0.94572324,0
-0.78441482,-0.47019533,-0.59163147,-0.85955255,-0.37786573,-0.94572324,0
-0.16718339,-0.43923012,0.44524439,-0.85955255,-0.37786573,-0.94572324,0
-0.78441482,-0.47019533,-0.59163147,-0.85955255,-0.37786573,-0.94572324,0
0.93922598,4.3957671,-0.18589744,-0.85955255,-0.37786573,-0.94572324,0
-0.36434513,-0.3994177,-0.095734317,0.065771319,-0.37786573,1.4645375,0
0.33402073,-0.35518168,0.49032595,-0.85955255,-0.37786573,-0.94572324,0
0.011515617,-0.22247361,-0.32114211,-0.85955255,-0.37786573,-0.94572324,0
-0.78441482,-0.47019533,-0.59163147,-0.85955255,-0.37786573,-0.94572324,0
0.77611021,0.5914692,-0.0055711987,1.5396228,-0.37786573,1.6199399,0
-0.16498141,-0.29767485,0.40016284,-0.85955255,-0.37786573,-0.94572324,0
-0.020328376,-0.38172329,-0.36622367,-0.85955255,-0.37786573,-0.94572324,0
0.4068554,1.0692182,0.17475504,0.83160023,-0.37786573,0.92519976,0
0.34367556,-0.44365372,-0.095734317,-0.85955255,-0.37786573,-0.94572324,0
0.72715854,0.9807462,-0.0055711987,0.44974064,0.51872374,0.6326776,0
0.62451248,-0.45250093,-0.230979,-0.85955255,-0.37786573,-0.94572324,0
0.28998117,-0.45250093,-0.54654991,-0.85955255,-0.37786573,-0.94572324,0
-0.18039525,-0.43480652,0.12967348,2.9835162,-0.37786573,0.3736736,0
-0.32047495,-0.44365372,0.2198366,-0.85955255,-0.37786573,-0.94572324,0
-0.32945224,-0.43038291,-0.27606055,0.7341311,2.3334029,0.77589157,0
-0.78441482,-0.47019533,-0.59163147,-0.85955255,-0.37786573,-0.94572324,0
0.46054979,0.14910898,-0.0055711987,0.79531302,-0.37786573,1.3487475,0
-0.13584754,-0.45250093,0.12967348,2.6193783,-0.37786573,1.0013774,0
0.18174547,3.0996517,0.35508128,1.3016462,-0.37786573,0.8398808,0
-0.017957015,-0.43480652,-0.32114211,0.50121784,-0.37786573,1.3548417,0
-0.59250395,-0.45250093,3.6460351,0.20501294,-0.023227077,0.59611233,0
-0.78441482,-0.47019533,-0.59163147,-0.85955255,-0.37786573,-0.94572324,0
-0.78441482,-0.47019533,-0.59163147,-0.85955255,-0.37786573,-0.94572324,0
-0.78441482,-0.47019533,-0.59163147,-0.85955255,-0.37786573,-0.94572324,0
-0.45818328,-0.39057049,0.2198366,1.2510129,-0.37786573,1.0623195,0
0.13330195,-0.027835111,-0.0055711987,0.49066924,0.92719529,1.0714608,0
-0.78441482,-0.47019533,-0.59163147,-0.85955255,-0.37786573,-0.94572324,0
-0.22121654,-0.38614689,-0.32114211,0.83455385,4.3948244,0.87035185,0
-0.11281146,-0.37287609,-0.230979,0.88814077,-0.37786573,1.1110732,0
0.11771872,0.11814376,-0.14081588,0.96788825,2.726202,0.71494946,0
-0.24425262,-0.42153571,0.76081531,1.6805522,0.41332978,0.60830075,0
0.74172547,0.25085183,-0.095734317,1.4636728,-0.37786573,0.57173548,0
-0.78441482,-0.47019533,-0.59163147,-0.85955255,-0.37786573,-0.94572324,0
-0.080798086,-0.43480652,-0.50146835,-0.85955255,-0.37786573,-0.94572324,0
1.3721688,0.94978098,-0.18589744,1.2775954,0.60577829,0.84597501,0
0.12263083,-0.2003556,0.12967348,0.4007951,0.23243805,1.1080261,0
0.35925879,0.582622,1.0313047,0.61345503,-0.37786573,1.0897435,0
-0.78441482,-0.47019533,-0.59163147,-0.85955255,-0.37786573,-0.94572324,0
-0.78441482,-0.47019533,-0.59163147,-0.85955255,-0.37786573,-0.94572324,0
0.041157631,-0.28882764,-0.0055711987,-0.85955255,-0.37786573,-0.94572324,0
-0.02574863,-0.054376724,0.2198366,-0.85955255,-0.37786573,-0.94572324,0
-0.04184001,-0.32864006,-0.32114211,-0.29077162,-0.37786573,1.5711862,0
0.68413527,0.29951146,0.2198366,0.55016338,0.42439269,1.01966,0
-0.78441482,-0.47019533,-0.59163147,-0.85955255,-0.37786573,-0.94572324,0
0.4336179,0.13141457,-0.36622367,0.70628278,-0.37786573,0.98918898,0
0.55320226,0.76841329,-0.41130523,1.0100827,-0.37786573,0.91910555,0
-0.78441482,-0.47019533,-0.59163147,-0.85955255,-0.37786573,-0.94572324,0
-0.097397614,-0.3994177,-0.230979,-0.85955255,-0.37786573,-0.94572324,0
-0.78441482,-0.47019533,-0.59163147,-0.85955255,-0.37786573,-0.94572324,0
-0.1958091,-0.22689721,0.80589687,0.70881444,0.48145227,0.92824687,0
-0.78441482,-0.47019533,-0.59163147,-0.85955255,-0.37786573,-0.94572324,0
-0.080120554,-0.37287609,0.40016284,0.81683218,0.31781342,1.3396062,0
0.50543627,2.1485772,-0.41130523,-0.85955255,-0.37786573,-0.94572324,0
-0.78441482,-0.47019533,-0.59163147,-0.85955255,-0.37786573,-0.94572324,0
-0.21935333,-0.36402888,-0.0055711987,0.26492903,-0.37786573,1.2268632,0
0.35316101,-0.014564304,-0.32114211,1.0649354,-0.37786573,1.2664756,0
-0.058100772,-0.35518168,0.53540751,-0.048153644,0.2960827,1.2420988,0
0.63891003,2.3476393,0.2198366,1.242574,-0.37786573,1.2695227,0
0.41532455,3.5685535,1.6173649,0.50585923,-0.37786573,0.42242729,0
-0.055898794,-0.30652205,-0.27606055,1.129071,-0.37786573,1.565092,0
0.9439687,1.3788704,-0.36622367,-0.85955255,-0.37786573,-0.94572324,0
-0.78441482,-0.47019533,-0.59163147,-0.85955255,-0.37786573,-0.94572324,0
-0.056068177,-0.31979286,0.76081531,0.9826563,0.423372,1.2177219,0
-0.085032659,-0.22247361,1.0763862,1.0725304,0.043545478,0.90387002,0
-0.2384936,-0.34191087,-0.18589744,0.25775598,-0.37786573,0.61744207,0
-0.78441482,-0.47019533,-0.59163147,-0.85955255,-0.37786573,-0.94572324,0
-0.062504728,-0.43480652,-0.050652758,0.54594394,0.62599444,0.92519976,0
-0.33419496,-0.43480652,0.80589687,-0.85955255,-0.37786573,-0.94572324,0
0.8655444,1.361176,0.35508128,-0.85955255,-0.37786573,-0.94572324,0
-0.78441482,-0.47019533,-0.59163147,-0.85955255,-0.37786573,-0.94572324,0
0.16802545,0.43664312,-0.36622367,0.76999637,2.7042408,1.1019319,0
1.9475626,-0.43480652,-0.45638679,-0.85955255,-0.37786573,-0.94572324,0
-0.78441482,-0.47019533,-0.59163147,-0.85955255,-0.37786573,-0.94572324,0
0.69666961,0.91881577,0.2198366,-0.85955255,-0.37786573,-0.94572324,0
-0.78441482,-0.47019533,-0.59163147,-0.85955255,-0.37786573,-0.94572324,0
1.1326613,1.383294,0.039510361,-0.85955255,-0.37786573,-0.94572324,0
-0.0055920605,-0.29325125,0.98622311,1.0843449,1.3967762,1.1080261,0
-0.78441482,-0.47019533,-0.59163147,-0.85955255,-0.37786573,-0.94572324,0
0.0050790648,-0.32421646,1.9780174,1.6172605,0.04881353,0.95871792,0
-0.29743887,-0.44365372,-0.59163147,0.60712586,-0.37786573,0.27616621,0
0.7573087,0.25085183,-0.18589744,1.5370911,-0.37786573,0.72104367,0
-0.14465545,-0.43038291,-0.32114211,0.89109438,-0.37786573,0.18780014,0
-0.19868861,-0.4082649,-0.095734317,0.77294998,0.91323495,1.0653666,0
0.58419934,-0.44365372,-0.54654991,-0.85955255,-0.37786573,-0.94572324,0
0.026421315,-0.22247361,0.2198366,0.75185276,1.3102156,1.2512401,0
0.069105816,-0.44365372,-0.36622367,1.4936309,-0.37786573,0.99223609,0
0.15125654,-0.080918338,1.1214678,0.72737999,0.3623943,1.2177219,0
-0.78441482,-0.47019533,-0.59163147,-0.85955255,-0.37786573,-0.94572324,0
-0.21308616,-0.43038291,0.08459192,0.74088221,-0.37786573,1.5468094,0
-0.78441482,-0.47019533,-0.59163147,-0.85955255,-0.37786573,-0.94572324,0
-0.252383,-0.19150839,2.2034252,1.2607176,0.15509647,1.0866964,0
-0.52881596,-0.42595931,3.9165245,0.73877249,0.88379972,0.73323209,0
-0.20614146,-0.3949941,-0.095734317,0.61261114,1.3204553,1.4035954,0
-0.29896331,-0.42595931,-0.0055711987,0.12906296,-0.37786573,1.2664756,0
-0.052680518,-0.38614689,-0.095734317,1.1640923,-0.37786573,1.4706317,0
-0.78441482,-0.47019533,-0.59163147,-0.85955255,-0.37786573,-0.94572324,0
-0.35553722,-0.44807732,-0.45638679,0.80122024,5.7913849,0.98309477,0
0.29929723,0.46318474,1.0313047,0.61007947,0.071071048,0.88254028,0
0.71767309,0.85688534,-0.36622367,1.121054,-0.37786573,1.4188309,0
-0.11670727,-0.29767485,0.039510361,0.7227386,0.75018876,1.6991647,0
-0.78441482,-0.47019533,-0.59163147,-0.85955255,-0.37786573,-0.94572324,0
0.030994655,-0.31979286,0.2198366,-0.025790596,0.81979289,1.2634285,0
0.088584854,-0.10303635,0.26491816,1.1151468,-0.37786573,1.3426533,0
1.096244,2.4228405,-0.18589744,0.87927994,1.0542212,1.0166129,0
-0.13855767,-0.27555684,1.2567125,1.4290734,0.12286258,1.1963922,0
-0.78441482,-0.47019533,-0.59163147,-0.85955255,-0.37786573,-0.94572324,0
0.77441638,0.26854624,0.08459192,1.136666,0.12516735,1.2268632,0
-0.78441482,-0.47019533,-0.59163147,-0.85955255,-0.37786573,-0.94572324,0
-0.0050839116,-0.42153571,-0.050652758,0.7379286,-0.37786573,1.2999938,0
-0.78441482,-0.47019533,-0.59163147,-0.85955255,-0.37786573,-0.94572324,0
-0.22782248,-0.43923012,-0.230979,0.39995121,1.8299089,1.2847583,0
0.026251932,-0.34191087,-0.14081588,-0.85955255,-0.37786573,-0.94572324,0
-0.78441482,-0.47019533,-0.59163147,-0.85955255,-0.37786573,-0.94572324,0
0.057587776,0.14468538,0.71573375,-0.85955255,-0.37786573,-0.94572324,0
2.334772,-0.45250093,-0.50146835,-0.85955255,-0.37786573,-0.94572324,0
0.11128217,-0.3949941,-0.32114211,-0.85955255,-0.37786573,-0.94572324,0
1.4685477,3.9091709,-0.18589744,-0.85955255,-0.37786573,-0.94572324,0
-0.78441482,-0.47019533,-0.59163147,-0.85955255,-0.37786573,-0.94572324,0
1.630139,3.7808864,-0.45638679,-0.85955255,-0.37786573,-0.94572324,0
0.23272974,-0.15169597,0.53540751,1.7738019,-0.37786573,1.2756169,0
0.20257957,0.09160215,-0.36622367,0.98898546,2.9295159,0.97090635,0
0.013886978,0.0075537073,-0.095734317,1.1193663,-0.37786573,0.87949317,0
-0.036589139,-0.31094565,-0.36622367,0.74763332,2.3334029,1.3944541,0
-0.45970772,-0.45250093,0.49032595,-0.85955255,-0.37786573,-0.94572324,0
-0.78441482,-0.47019533,-0.59163147,-0.85955255,-0.37786573,-0.94572324,0
0.48341649,-0.39057049,-0.45638679,1.1472146,-0.37786573,0.66010155,0
-0.78441482,-0.47019533,-0.59163147,-0.85955255,-0.37786573,-0.94572324,0
-0.18344415,-0.24901522,3.2853826,-0.38317742,-0.37786573,1.1537327,0
-0.78441482,-0.47019533,-0.59163147,-0.85955255,-0.37786573,-0.94572324,0
-0.78441482,-0.47019533,-0.59163147,-0.85955255,-0.37786573,-0.94572324,0
0.035737377,-0.35075807,-0.14081588,0.66535418,-0.37786573,1.2573343,0
-0.78441482,-0.47019533,-0.59163147,-0.85955255,-0.37786573,-0.94572324,0
-0.78441482,-0.47019533,-0.59163147,-0.85955255,-0.37786573,-0.94572324,0
-0.17717698,-0.42595931,0.67065219,1.1193663,-0.37786573,1.4767259,0
-0.78441482,-0.47019533,-0.59163147,-0.85955255,-0.37786573,-0.94572324,0
1.9948205,-0.33306367,-0.230979,-0.85955255,-0.37786573,-0.94572324,0
-0.41448248,-0.44807732,0.89605999,-0.092035852,0.25591381,1.3121822,0
-0.78441482,-0.47019533,-0.59163147,-0.85955255,-0.37786573,-0.94572324,0
-0.78441482,-0.47019533,-0.59163147,-0.85955255,-0.37786573,-0.94572324,0
0.40736355,-0.44807732,-0.050652758,-0.85955255,-0.37786573,-0.94572324,0
0.22087293,-0.08534194,0.71573375,-0.85955255,-0.37786573,-0.94572324,0
-0.18412168,-0.43038291,-0.095734317,-0.043090312,-0.37786573,1.0348956,0
-0.029475055,-0.4038413,-0.050652758,0.10712186,0.75585191,1.1445914,0
0.010838085,-0.44807732,0.08459192,0.82147357,0.97473946,1.2085806,0
0.76882674,0.90996856,0.85097843,1.6092436,-0.37786573,1.6473639,0
-0.28558206,-0.38172329,-0.095734317,0.50712506,1.1365016,1.5132912,0
-0.78441482,-0.47019533,-0.59163147,-0.85955255,-0.37786573,-0.94572324,0
0.33571456,0.37028909,0.2198366,1.2948951,0.37414864,1.104979,0
0.35688743,0.24200463,0.12967348,-0.85955255,-0.37786573,-0.94572324,0
-0.60368322,-0.3994177,2.2034252,1.1079738,0.81087013,0.35843807,0
-0.78441482,-0.47019533,-0.59163147,-0.85955255,-0.37786573,-0.94572324,0
-0.12703963,-0.31536926,0.62557063,1.4780189,0.39861216,0.96481214,0
-0.78441482,-0.47019533,-0.59163147,-0.85955255,-0.37786573,-0.94572324,0
5.5610089,-0.45250093,-0.45638679,-0.85955255,-0.37786573,-0.94572324,0
-0.1024791,-0.24459162,3.9165245,1.4421536,0.49715765,0.73018498,0
-0.51103075,-0.45250093,0.80589687,0.79067164,0.61842161,0.66314866,0
-0.78441482,-0.47019533,-0.59163147,-0.85955255,-0.37786573,-0.94572324,0
0.23747246,0.29951146,0.53540751,0.015981891,-0.023227077,0.92519976,0
-0.081814384,-0.22247361,0.49032595,-0.85955255,-0.37786573,-0.94572324,0
-0.78441482,-0.47019533,-0.59163147,-0.85955255,-0.37786573,-0.94572324,0
-0.78441482,-0.47019533,-0.59163147,-0.85955255,-0.37786573,-0.94572324,0
-0.78441482,-0.47019533,-0.59163147,-0.85955255,-0.37786573,-0.94572324,0
-0.78441482,-0.47019533,-0.59163147,-0.85955255,-0.37786573,-0.94572324,0
-0.23341212,-0.45250093,-0.50146835,-0.85955255,-0.37786573,-0.94572324,0
0.84826734,-0.41711211,-0.45638679,-0.85955255,-0.37786573,-0.94572324,0
-0.78441482,-0.47019533,-0.59163147,-0.85955255,-0.37786573,-0.94572324,0
0.0018607889,-0.22689721,0.71573375,0.530332,0.28969519,1.3883599,0
0.25203939,-0.018987906,0.17475504,0.57969948,0.96124008,1.278664,0
-0.198858,-0.42595931,0.67065219,0.44467731,-0.37786573,0.65705444,0
-0.78441482,-0.44807732,-0.59163147,-0.85955255,-0.37786573,-0.94572324,0
0.42836703,-0.18708479,0.08459192,-0.85955255,-0.37786573,-0.94572324,0
-0.50374729,-0.43038291,-0.59163147,0.088134367,-0.37786573,0.51079336,0
-0.26271536,-0.44807732,0.80589687,0.76071359,-0.37786573,1.479773,0
-0.78441482,-0.47019533,-0.59163147,-0.85955255,-0.37786573,-0.94572324,0
0.2698246,1.3302108,0.17475504,0.98054658,-0.37786573,0.86730475,0
0.15057901,-0.29325125,0.12967348,0.86198022,-0.37786573,1.5102441,0
0.69514516,0.13141457,0.12967348,1.113459,0.40769955,1.1445914,0
-0.012875527,-0.27555684,0.85097843,0.79615691,0.31537694,1.0348956,0
0.56099387,1.3125164,0.44524439,2.2096703,-0.37786573,1.0348956,0
1.1479058,4.8248565,0.26491816,-0.85955255,-0.37786573,-0.94572324,0
-0.35282709,-0.45250093,-0.050652758,0.47421341,-0.37786573,0.91910555,0
-0.78441482,-0.47019533,-0.59163147,-0.85955255,-0.37786573,-0.94572324,0
0.84403277,5.0637311,0.44524439,1.0775938,0.22397625,0.6875255,0
0.4078717,0.24642823,-0.14081588,0.036657162,0.8945663,0.67228997,0
0.24069073,-0.16939038,-0.27606055,0.7894058,-0.37786573,1.248193,0
0.75646179,0.64455243,0.76081531,1.9189507,-0.37786573,1.1415443,0
0.22747887,-0.28440404,-0.32114211,0.72020694,-0.37786573,1.0044245,0
-0.029813821,-0.22689721,1.2116309,-0.85955255,-0.37786573,-0.94572324,0
-0.29472874,-0.43923012,0.58048907,-0.85955255,-0.37786573,-0.94572324,0
-0.78441482,-0.47019533,-0.59163147,-0.85955255,-0.37786573,-0.94572324,0
-0.32996039,-0.26228603,4.0066876,0.77632553,0.3465243,1.0074716,0
-0.78441482,-0.47019533,-0.59163147,-0.85955255,-0.37786573,-0.94572324,0
-0.28100872,-0.3949941,0.85097843,0.26281931,0.42613773,1.1567798,0
0.32622912,0.45433753,0.71573375,-0.85955255,-0.37786573,-0.94572324,0
0.20190204,-0.04552952,-0.36622367,0.91894271,2.0796474,1.5498565,0
-0.78441482,-0.47019533,-0.59163147,-0.85955255,-0.37786573,-0.94572324,0
-0.78441482,-0.47019533,-0.59163147,-0.85955255,-0.37786573,-0.94572324,0
1.0249337,1.2594331,-0.36622367,1.4311831,-0.37786573,1.1567798,0
-0.0023737846,-0.4038413,-0.27606055,-0.85955255,-0.37786573,-0.94572324,0
2.4198023,-0.45250093,-0.45638679,-0.85955255,-0.37786573,-0.94572324,0
0.052675671,-0.28882764,-0.32114211,0.65269585,-0.37786573,1.0897435,0
-0.78441482,-0.47019533,-0.59163147,-0.85955255,-0.37786573,-0.94572324,0
-0.78441482,-0.47019533,-0.59163147,-0.85955255,-0.37786573,-0.94572324,0
-0.78441482,-0.47019533,-0.59163147,-0.85955255,-0.37786573,-0.94572324,0
-0.13245988,-0.36402888,-0.0055711987,-0.85955255,-0.37786573,-0.94572324,0
0.62790014,-0.45250093,-0.14081588,-0.85955255,-0.37786573,-0.94572324,0
1.155528,1.5292729,-0.095734317,1.2244304,-0.37786573,0.94043529,0
0.098747831,-0.35518168,0.039510361,-0.85955255,-0.37786573,-0.94572324,0
-0.78441482,-0.47019533,-0.59163147,-0.85955255,-0.37786573,-0.94572324,0
-0.22392667,-0.2136264,-0.050652758,-0.25954774,0.87899262,1.6321283,0
1.4722741,-0.44807732,-0.32114211,-0.85955255,-0.37786573,-0.94572324,0
-0.78441482,-0.47019533,-0.59163147,-0.85955255,-0.37786573,-0.94572324,0
-0.78441482,-0.47019533,-0.59163147,-0.85955255,-0.37786573,-0.94572324,0
-0.30946506,-0.080918338,0.30999972,0.60628198,-0.37786573,0.41328597,0
0.88959678,5.0681547,-0.45638679,-0.85955255,-0.37786573,-0.94572324,0
-0.78441482,-0.47019533,-0.59163147,-0.85955255,-0.37786573,-0.94572324,0
-0.014908122,-0.38172329,0.26491816,-0.85955255,-0.37786573,-0.94572324,0
1.1409611,-0.45250093,-0.54654991,-0.85955255,-0.37786573,-0.94572324,0
-0.78441482,-0.47019533,-0.59163147,-0.85955255,-0.37786573,-0.94572324,0
0.075372985,-0.25343882,0.67065219,-0.85955255,-0.37786573,-0.94572324,0
0.0062647454,0.17122699,0.08459192,0.55438283,0.70942721,0.91301134,0
-0.78441482,-0.47019533,-0.59163147,-0.85955255,-0.37786573,-0.94572324,0
-0.78441482,-0.47019533,-0.59163147,-0.85955255,-0.37786573,-0.94572324,0
4.3773609,-0.38172329,2.4739146,-0.85955255,-0.37786573,-0.94572324,0
0.41820406,-0.43923012,-0.50146835,-0.85955255,-0.37786573,-0.94572324,0
1.1275798,4.997377,-0.27606055,0.58054337,0.66771082,0.035444847,0
-0.012706144,-0.4082649,0.71573375,-0.85955255,-0.37786573,-0.94572324,0
0.42006727,-0.0012934972,-0.0055711987,-0.85955255,-0.37786573,-0.94572324,0
-0.23171829,-0.43038291,-0.32114211,0.83455385,-0.37786573,0.91301134,0
1.0335723,2.0158691,-0.45638679,1.6598769,-0.37786573,1.2390517,0
-0.13110482,-0.43923012,-0.32114211,-0.85955255,-0.37786573,-0.94572324,0
0.026421315,-0.29767485,-0.050652758,0.55860227,0.90658404,1.0074716,0
-0.054035581,-0.26670963,0.58048907,0.47336952,-0.37786573,1.3030409,0
1.1494302,2.5201598,0.08459192,0.88054577,-0.37786573,0.69971393,0
-0.78441482,-0.47019533,-0.59163147,-0.85955255,-0.37786573,-0.94572324,0
-0.78441482,-0.47019533,-0.59163147,-0.85955255,-0.37786573,-0.94572324,0
1.475323,2.6351734,-0.18589744,-0.85955255,-0.37786573,-0.94572324,0
0.0037240013,-0.27113323,-0.230979,-0.85955255,-0.37786573,-0.94572324,0
-0.78441482,-0.47019533,-0.59163147,-0.85955255,-0.37786573,-0.94572324,0
-0.032693331,-0.35960528,-0.230979,1.1121932,1.6121408,1.6382225,0
0.065040626,-0.27555684,1.6173649,0.69995361,-0.37786573,1.479773,0
-0.78441482,-0.47019533,-0.59163147,-0.85955255,-0.37786573,-0.94572324,0
-0.78441482,-0.47019533,-0.59163147,-0.85955255,-0.37786573,-0.94572324,0
-0.1014628,-0.17381398,2.023099,1.848486,-0.37786573,0.85816343,0
0.085535961,-0.24459162,0.44524439,1.530762,-0.37786573,1.1994393,0
0.17090496,-0.080918338,0.49032595,1.1999576,-0.37786573,1.6412696,0
-0.78441482,-0.47019533,-0.59163147,-0.85955255,-0.37786573,-0.94572324,0
-0.55642538,-0.43480652,5.9902762,-0.85955255,-0.37786573,-0.94572324,0
-0.78441482,-0.47019533,-0.59163147,-0.85955255,-0.37786573,-0.94572324,0
-0.041501244,-0.072071133,0.89605999,0.51472006,0.2674706,1.3243706,0
-0.78441482,-0.47019533,-0.59163147,-0.85955255,-0.37786573,-0.94572324,0
-0.78441482,-0.47019533,-0.59163147,-0.85955255,-0.37786573,-0.94572324,0
4.2366037,-0.44365372,-0.54654991,-0.85955255,-0.37786573,-0.94572324,0
0.63467545,0.12699097,0.08459192,-0.85955255,-0.37786573,-0.94572324,0
0.56184079,0.46760834,-0.095734317,1.0737963,-0.37786573,1.4858672,0
-0.23798545,-0.41711211,2.1132621,0.371259,-0.022469794,1.4249251,0
0.095698938,-0.094189144,0.89605999,1.1797043,0.53979594,1.1598269,0
-0.074361534,-0.31979286,0.26491816,0.29151152,0.64347778,1.2634285,0
-0.268305,-0.43480652,0.17475504,-0.85955255,-0.37786573,-0.94572324,0
0.81896409,-0.36402888,-0.41130523,1.0446821,-0.37786573,1.4249251,0
-0.78441482,-0.47019533,-0.59163147,-0.85955255,-0.37786573,-0.94572324,0
-0.78441482,-0.47019533,-0.59163147,-0.85955255,-0.37786573,-0.94572324,0
-0.041501244,-0.2047792,0.40016284,0.69024889,0.23118689,1.4279722,0
-0.19123576,-0.26228603,0.08459192,1.0552307,1.7227699,1.2055335,0
-0.78441482,-0.47019533,-0.59163147,-0.85955255,-0.37786573,-0.94572324,0
0.1963124,-0.10303635,0.76081531,0.85776078,0.021189184,1.2360046,0
-0.087065255,-0.28440404,1.9780174,0.92906937,-0.15594905,1.2542872,0
-0.78441482,-0.47019533,-0.59163147,-0.85955255,-0.37786573,-0.94572324,0
-0.78441482,-0.47019533,-0.59163147,-0.85955255,-0.37786573,-0.94572324,0
1.0417027,0.43664312,0.35508128,0.73497499,-0.37786573,1.0105187,0
0.28845672,0.047366127,0.44524439,-0.85955255,-0.37786573,-0.94572324,0
0.47393104,0.51626796,0.08459192,-0.85955255,-0.37786573,-0.94572324,0
-0.78441482,-0.47019533,-0.59163147,-0.85955255,-0.37786573,-0.94572324,0
-0.21630444,-0.38172329,-0.095734317,-0.85955255,-0.37786573,-0.94572324,0
-0.78441482,-0.47019533,-0.59163147,-0.85955255,-0.37786573,-0.94572324,0
-0.22528173,-0.41711211,-0.59163147,0.82400524,-0.37786573,0.032397741,0
-0.46445045,-0.4038413,1.2116309,1.0273824,1.3917057,0.47422809,0
2.4008314,-0.28882764,-0.50146835,2.4860439,-0.37786573,0.56564127,0
-0.13076605,-0.36845248,0.2198366,-0.16545416,0.62543471,1.0227071,0
0.059620372,-0.24016802,-0.0055711987,1.6687377,-0.37786573,1.1141203,0
1.2818877,5.0770019,-0.45638679,0.96198103,2.1703896,0.18780014,0
-0.78441482,-0.47019533,-0.59163147,-0.85955255,-0.37786573,-0.94572324,0
-0.32064433,-0.2136264,2.5640777,0.65100807,-0.37786573,1.2603814,0
0.50526689,0.5781984,-0.36622367,0.76999637,0.75769573,0.64181891,0
-0.23104075,-0.44807732,1.2116309,-0.85955255,-0.37786573,-0.94572324,0
0.97784529,0.582622,0.08459192,-0.85955255,-0.37786573,-0.94572324,0
-0.50442482,-0.35075807,4.2320954,0.1636624,0.066362727,1.363983,0
0.2549189,0.20661581,-0.36622367,0.40037315,1.7676142,1.3365591,0
0.2122344,-0.17823759,-0.095734317,1.5489056,0.72552769,1.220769,0
-0.43531658,-0.34191087,0.89605999,0.71261194,0.9252527,0.97090635,0
-0.38805874,-0.45250093,-0.27606055,0.25058292,-0.37786573,1.2390517,0
-0.78441482,-0.47019533,-0.59163147,-0.85955255,-0.37786573,-0.94572324,0
0.73495015,1.3655996,0.58048907,0.7788572,-0.37786573,0.88254028,0
-0.22257161,-0.43480652,-0.27606055,-0.85955255,-0.37786573,-0.94572324,0
-0.78441482,-0.47019533,-0.59163147,-0.85955255,-0.37786573,-0.94572324,0
-0.78441482,-0.47019533,-0.59163147,-0.85955255,-0.37786573,-0.94572324,0
-0.18124217,-0.28440404,1.0313047,0.71261194,0.37651927,1.3274177,0
-0.099430209,0.26854624,0.2198366,0.84214884,0.73626134,1.0684137,0
-0.097905763,-0.38172329,0.40016284,-0.85955255,-0.37786573,-0.94572324,0
8.4576266,-0.45250093,-0.54654991,-0.85955255,-0.37786573,-0.94572324,0
-0.78441482,-0.47019533,-0.59163147,-0.85955255,-0.37786573,-0.94572324,0
-0.25763388,-0.34191087,0.49032595,0.77759136,0.84419055,1.1781095,0
-0.029813821,-0.049953122,1.3919571,0.38476121,0.48151812,0.81245684,0
0.48172266,0.45433753,0.49032595,0.061129931,-0.37786573,0.51384047,0
0.30234613,0.47203194,0.08459192,-0.85955255,-0.37786573,-0.94572324,0
1.2657963,1.9804803,-0.45638679,3.4835202,-0.37786573,1.0531782,0
-0.78441482,-0.47019533,-0.59163147,-0.85955255,-0.37786573,-0.94572324,0
-0.78441482,-0.47019533,-0.59163147,-0.85955255,-0.37786573,-0.94572324,0
-0.4182089,-0.37287609,2.4739146,1.2919415,0.22335067,0.7911271,0
0.23594801,-0.21805001,0.17475504,1.3138826,0.33095062,1.220769,0
-0.78441482,-0.47019533,-0.59163147,-0.85955255,-0.37786573,-0.94572324,0
-0.17429747,-0.44807732,1.1214678,-0.85955255,-0.37786573,-0.94572324,0
-0.78441482,-0.47019533,-0.59163147,-0.85955255,-0.37786573,-0.94572324,0
0.89315382,0.7861077,-0.050652758,-0.85955255,-0.37786573,-0.94572324,0
0.41007368,0.36586549,-0.41130523,1.1868773,-0.37786573,1.2055335,0
1.1609482,0.096025752,-0.050652758,1.7687385,0.12618804,1.1171674,0
0.26237175,-0.058800326,0.039510361,0.64678863,-0.37786573,1.2177219,0
0.48714291,-0.45250093,0.2198366,-0.85955255,-0.37786573,-0.94572324,0
2.224165,3.1438877,-0.41130523,1.9573476,-0.37786573,0.93434108,0
-0.11721542,-0.067647531,-0.0055711987,0.050581324,-0.37786573,1.0409898,0
-0.06894128,-0.36845248,-0.14081588,-0.85955255,-0.37786573,-0.94572324,0
-0.78441482,-0.47019533,-0.59163147,-0.85955255,-0.37786573,-0.94572324,0
-0.78441482,-0.47019533,-0.59163147,-0.85955255,-0.37786573,-0.94572324,0
0.15752371,0.020824514,0.94114155,0.85733884,0.38754925,1.2664756,0
-0.78441482,-0.47019533,-0.59163147,-0.85955255,-0.37786573,-0.94572324,0
-0.78441482,-0.47019533,-0.59163147,-0.85955255,-0.37786573,-0.94572324,0
-0.78441482,-0.47019533,-0.59163147,-0.85955255,-0.37786573,-0.94572324,0
1.8859072,1.861043,-0.18589744,-0.85955255,-0.37786573,-0.94572324,0
0.23713369,-0.041105917,0.62557063,-0.85955255,-0.37786573,-0.94572324,0
0.039463802,-0.22689721,-0.18589744,0.80797135,-0.37786573,1.1476385,0
1.3403248,-0.43038291,-0.0055711987,-0.85955255,-0.37786573,-0.94572324,0
-0.78441482,-0.47019533,-0.59163147,-0.85955255,-0.37786573,-0.94572324,0
-0.78441482,-0.47019533,-0.59163147,-0.85955255,-0.37786573,-0.94572324,0
0.14481999,-0.19150839,1.0313047,1.1716873,-0.37786573,0.8947287,0
-0.25035041,-0.38614689,0.71573375,0.40628037,0.13464985,0.97700056,0
-0.78441482,-0.47019533,-0.59163147,-0.85955255,-0.37786573,-0.94572324,0
-0.20072121,-0.35075807,1.7526096,0.66197862,0.054246208,1.3761714,0
-0.78441482,-0.47019533,-0.59163147,-0.85955255,-0.37786573,-0.94572324,0
0.587587,-0.34191087,-0.41130523,1.5392008,2.5001367,1.3182764,0
-0.78441482,-0.47019533,-0.59163147,-0.85955255,-0.37786573,-0.94572324,0
-0.78441482,-0.47019533,-0.59163147,-0.85955255,-0.37786573,-0.94572324,0
-0.11670727,-0.0012934972,0.40016284,1.0244288,0.2926914,1.3243706,0
0.24373963,0.12699097,-0.230979,0.48771563,-0.37786573,0.9465295,0
0.89755778,2.9094368,-0.230979,1.1750629,-0.37786573,0.26397779,0
-0.11602974,-0.37287609,0.08459192,0.29151152,0.64347778,1.1933451,0
1.6772275,2.206084,-0.095734317,-0.85955255,-0.37786573,-0.94572324,0
0.17937411,-0.37287609,-0.41130523,-0.85955255,-0.37786573,-0.94572324,0
0.10569253,-0.041105917,0.67065219,1.1231638,-0.070573691,1.5132912,0
-0.78441482,-0.47019533,-0.59163147,-0.85955255,-0.37786573,-0.94572324,0
0.40126576,0.23758102,-0.18589744,1.1750629,2.0942004,1.0318485,0
-0.05742324,-0.33748727,-0.18589744,1.4889895,3.1588407,0.94957661,0
-0.092654892,-0.195932,2.1583436,1.143839,-0.060136364,0.9465295,0
0.26203299,-0.35075807,-0.230979,1.6759108,1.4015504,1.2938996,0
-0.78441482,-0.47019533,-0.59163147,-0.85955255,-0.37786573,-0.94572324,0
0.3641709,-0.43480652,-0.36622367,1.3936301,-0.37786573,1.0166129,0
-0.056576325,-0.28882764,0.40016284,1.1012226,1.2592472,1.0775551,0
0.27287349,-0.24016802,-0.0055711987,0.84425856,1.1588579,0.96481214,0
-0.044380754,-0.45250093,-0.36622367,1.0244288,-0.37786573,1.3243706,0
-0.78441482,-0.47019533,-0.59163147,-0.85955255,-0.37786573,-0.94572324,0
0.063346796,-0.35075807,-0.230979,0.55733644,-0.37786573,1.1537327,0
-0.78441482,-0.47019533,-0.59163147,-0.85955255,-0.37786573,-0.94572324,0
0.051998139,-0.45250093,-0.41130523,0.75818193,-0.37786573,1.0501311,0
0.97259442,0.21988661,-0.0055711987,0.60121864,0.95669638,1.306088,0
-0.78441482,-0.47019533,-0.59163147,-0.85955255,-0.37786573,-0.94572324,0
0.16125014,-0.24016802,0.08459192,1.3982714,-0.37786573,1.2634285,0
0.21392823,-0.11188355,0.30999972,0.080117425,0.40918119,1.3182764,0
-0.16616709,-0.24901522,-0.18589744,0.8493219,2.2511225,0.8947287,0
0.53711088,0.60916361,-0.095734317,1.0780157,-0.37786573,1.0958377,0
-0.1382189,-0.31536926,0.08459192,-0.85955255,-0.37786573,-0.94572324,0
-0.10129342,-0.3994177,0.30999972,1.182236,-0.37786573,1.3609359,0
-0.11518282,-0.23132081,0.40016284,1.6126191,-0.37786573,1.1293559,0
-0.24323633,-0.39057049,0.35508128,-0.85955255,-0.37786573,-0.94572324,0
-0.13754137,-0.41268851,0.08459192,0.60248448,-0.37786573,1.680882,0
-0.78441482,-0.47019533,-0.59163147,-0.85955255,-0.37786573,-0.94572324,0
1.3330413,4.0551498,0.08459192,0.74847721,0.15371361,0.3767207,0
1.104205,3.440269,-0.18589744,1.6311847,-0.37786573,1.2451459,0
0.89721901,4.6081,-0.36622367,-0.85955255,-0.37786573,-0.94572324,0
0.53948224,-0.098612747,-0.27606055,-0.85955255,-0.37786573,-0.94572324,0
0.47274536,-0.072071133,-0.095734317,0.84805606,-0.37786573,1.1781095,0
-0.78441482,-0.47019533,-0.59163147,-0.85955255,-0.37786573,-0.94572324,0
0.12398589,0.3835599,0.62557063,0.86957522,0.48477773,1.2024864,0
0.28693228,-0.37287609,-0.36622367,0.40332676,-0.37786573,0.99223609,0
-0.37671008,-0.4082649,1.3468756,1.4113517,0.22275801,0.8916816,0
-0.78441482,-0.47019533,-0.59163147,-0.85955255,-0.37786573,-0.94572324,0
1.0342498,0.5870456,-0.18589744,1.2527007,-0.37786573,1.1842038,0
-0.011689846,-0.37287609,-0.18589744,1.0231629,-0.37786573,0.69057261,0
0.025066252,-0.35075807,0.039510361,-0.85955255,-0.37786573,-0.94572324,0
0.10552315,-0.14284877,0.76081531,0.98476602,0.42412928,1.1384972,0
-0.78441482,-0.47019533,-0.59163147,-0.85955255,-0.37786573,-0.94572324,0
-0.78441482,-0.47019533,-0.59163147,-0.85955255,-0.37786573,-0.94572324,0
1.8105318,-0.45250093,-0.14081588,-0.85955255,-0.37786573,-0.94572324,0
1.0833709,0.85246174,0.17475504,0.70248528,-0.37786573,1.4828201,0
-0.3209831,-0.42595931,-0.0055711987,0.25142681,-0.37786573,1.4279722,0
-0.78441482,-0.47019533,-0.59163147,-0.85955255,-0.37786573,-0.94572324,0
-0.32521767,-0.44807732,0.98622311,-0.85955255,-0.37786573,-0.94572324,0
0.028115145,-0.30652205,-0.14081588,1.3058656,-0.37786573,1.6473639,0
1.243099,1.7769946,-0.27606055,1.2860343,-0.37786573,0.8429279,0
-0.11653789,-0.4038413,-0.050652758,-0.85955255,-0.37786573,-0.94572324,0
-0.26542549,-0.37287609,-0.27606055,0.26070959,1.5406599,1.3426533,0
0.98936333,5.0725783,-0.32114211,0.84425856,0.8263121,0.39805045,0
0.26762262,-0.063223929,0.44524439,1.2037551,0.4128359,1.0836493,0
2.0376743,1.3744468,-0.18589744,0.63286447,0.38616639,0.51384047,0
-0.11857048,-0.32864006,0.94114155,1.045526,-0.37786573,0.76370315,0
0.67346415,0.52953877,0.2198366,1.0894082,0.48484358,1.1080261,0
0.65076683,1.9583623,-0.32114211,1.1704215,-0.37786573,1.0927906,0
-0.78441482,-0.47019533,-0.59163147,-0.85955255,-0.37786573,-0.94572324,0
-0.10840751,-0.31979286,-0.230979,0.026952442,1.4680266,0.95262371,0
-0.78441482,-0.47019533,-0.59163147,-0.85955255,-0.37786573,-0.94572324,0
-0.049123476,-0.15169597,-0.18589744,0.66155668,1.4231494,1.2420988,0
-0.78441482,-0.47019533,-0.59163147,-0.85955255,-0.37786573,-0.94572324,0
0.061652967,-0.12073076,-0.14081588,-0.85955255,-0.37786573,-0.94572324,0
0.069275199,-0.41711211,-0.41130523,1.1885651,-0.37786573,1.4553962,0
1.5529004,1.4186828,-0.095734317,1.856503,1.0456277,0.96176503,0
0.074017921,-0.058800326,-0.230979,0.21471766,-0.37786573,0.94957661,0
-0.013722442,-0.42595931,-0.18589744,-0.85955255,-0.37786573,-0.94572324,0
-0.78441482,-0.47019533,-0.59163147,-0.85955255,-0.37786573,-0.94572324,0
0.15735433,-0.098612747,-0.14081588,0.37843205,2.6562357,0.82159816,0
0.57454451,0.56492759,-0.14081588,0.78560831,0.53851186,0.76065604,0
-0.27440279,-0.26228603,-0.230979,-0.19878776,-0.37786573,0.78503289,0
0.58352181,0.28181705,-0.14081588,1.1691557,0.57611257,1.0105187,0
0.6590666,-0.44807732,-0.36622367,-0.85955255,-0.37786573,-0.94572324,0
0.091972513,-0.058800326,0.30999972,-0.85955255,-0.37786573,-0.94572324,0
0.36010571,0.05178973,0.40016284,1.1910968,0.081310823,1.2390517,0
0.25898409,0.15353258,-0.32114211,-0.85955255,-0.37786573,-0.94572324,0
0.7354583,0.74629528,-0.14081588,1.5463739,-0.37786573,1.4249251,0
2.5644553,-0.3994177,-0.54654991,-0.85955255,-0.37786573,-0.94572324,0
-0.13076605,-0.27555684,0.76081531,0.82442718,0.39851338,1.2360046,0
-0.070973875,-0.3994177,-0.095734317,0.26872653,-0.37786573,0.9952832,0
-0.063012877,-0.27998044,-0.0055711987,-0.85955255,-0.37786573,-0.94572324,0
-0.18479921,-0.36845248,0.98622311,2.1143109,0.29400841,0.55345284,0
0.35078965,0.36586549,-0.45638679,1.4429975,-0.37786573,0.98918898,0
-0.22409605,-0.29767485,-0.0055711987,0.28687014,2.32234,0.63877181,0
-0.78441482,-0.47019533,-0.59163147,-0.85955255,-0.37786573,-0.94572324,0
2.2544845,-0.45250093,-0.50146835,-0.85955255,-0.37786573,-0.94572324,0
0.19766747,-0.30209845,-0.095734317,0.71851916,0.8364531,1.2817111,0
0.22663195,-0.12073076,0.85097843,0.75522832,-0.37786573,0.86121054,0
-0.78441482,-0.47019533,-0.59163147,-0.85955255,-0.37786573,-0.94572324,0
-0.78441482,-0.47019533,-0.59163147,-0.85955255,-0.37786573,-0.94572324,0
-0.16125498,-0.3994177,0.85097843,0.47590118,-0.37786573,1.2817111,0
-0.78441482,-0.47019533,-0.59163147,-0.85955255,-0.37786573,-0.94572324,0
0.043867758,-0.14727237,-0.27606055,0.43623842,1.4265737,0.8947287,0
0.4158327,0.26854624,0.85097843,-0.85955255,-0.37786573,-0.94572324,0
0.10450685,-0.35075807,0.039510361,-0.85955255,-0.37786573,-0.94572324,0
-0.78441482,-0.47019533,-0.59163147,-0.85955255,-0.37786573,-0.94572324,0
-0.41007852,-0.45250093,0.67065219,1.780131,-0.37786573,0.86730475,0
0.33097184,0.85688534,0.12967348,1.1408854,-0.37786573,0.50774626,0
-0.47817046,-0.44807732,0.89605999,-0.16545416,0.62543471,1.4919615,0
0.99867939,2.6086318,-0.41130523,1.9252799,-0.37786573,0.74846762,0
1.1086089,-0.3994177,-0.18589744,-0.85955255,-0.37786573,-0.94572324,0
-0.78441482,-0.47019533,-0.59163147,-0.85955255,-0.37786573,-0.94572324,0
0.20291834,-0.22689721,0.53540751,1.1273832,0.22147392,1.708306,0
-0.19309898,-0.38172329,-0.32114211,0.68898306,2.3094333,0.87339896,0
-0.78441482,-0.47019533,-0.59163147,-0.85955255,-0.37786573,-0.94572324,0
0.14820765,0.29508785,0.67065219,0.46071119,-0.37786573,1.0105187,0
-0.17954834,-0.3994177,2.2034252,0.31134291,-0.37786573,1.1537327,0
-0.5076431,-0.4082649,1.5722834,-0.16334444,-0.37786573,0.91605844,0
-0.12009493,-0.3994177,0.40016284,0.63202058,0.52850256,0.98918898,0
0.07164656,-0.45250093,0.17475504,0.85269745,-0.37786573,1.3944541,0
-0.39534221,-0.35518168,4.5927479,0.40290482,-0.37786573,0.84597501,0
0.53575582,0.67109404,-0.27606055,0.71683138,-0.37786573,0.65705444,0
0.77729589,0.95420459,0.76081531,0.28349458,0.055793698,0.66619576,0
-0.78441482,-0.47019533,-0.59163147,-0.85955255,-0.37786573,-0.94572324,0
0.29438513,-0.19150839,0.17475504,0.62400364,0.7038299,1.1567798,0
-0.4966332,-0.44807732,0.12967348,0.98139046,-0.37786573,0.49555783,0
-0.78441482,-0.47019533,-0.59163147,-0.85955255,-0.37786573,-0.94572324,0
0.1278817,-0.43923012,-0.095734317,-0.85955255,-0.37786573,-0.94572324,0
-0.11535221,-0.3994177,0.30999972,-0.85955255,-0.37786573,-0.94572324,0
0.48189204,0.025248116,-0.36622367,0.23665876,-0.37786573,1.0379427,0
-0.78441482,-0.47019533,-0.59163147,-0.85955255,-0.37786573,-0.94572324,0
-0.090791679,0.69321205,-0.36622367,-0.85955255,-0.37786573,-0.94572324,0
-0.089267233,-0.28440404,0.94114155,1.1548096,-0.0042620907,1.3548417,0
-0.78441482,-0.47019533,-0.59163147,-0.85955255,-0.37786573,-0.94572324,0
-0.46546674,-0.45250093,-0.59163147,0.08644659,-0.37786573,0.71799656,0
-0.78441482,-0.47019533,-0.59163147,-0.85955255,-0.37786573,-0.94572324,0
-0.78441482,-0.47019533,-0.59163147,-0.85955255,-0.37786573,-0.94572324,0
-0.060810899,-0.23574442,2.7894855,-0.013976155,-0.37786573,1.2390517,0
1.577969,2.2193548,-0.41130523,1.4311831,1.44758,0.73018498,0
-0.041501244,0.10929656,1.9780174,0.26661681,-0.37786573,0.80940974,0
1.0794751,0.9851698,0.76081531,0.84299273,-0.37786573,1.1537327,0
-0.3109895,-0.41268851,0.039510361,-0.85955255,-0.37786573,-0.94572324,0
-0.076563512,-0.094189144,1.3919571,0.12399963,-0.37786573,1.4310193,0
6.7402529,-0.45250093,-0.54654991,-0.85955255,-0.37786573,-0.94572324,0
-0.78441482,-0.47019533,-0.59163147,-0.85955255,-0.37786573,-0.94572324,0
-0.078426725,-0.36845248,0.26491816,1.1560754,-0.37786573,1.3365591,0
2.0564759,1.8300778,-0.27606055,1.0451041,0.44839525,0.14818776,0
0.5855544,1.1223015,0.039510361,-0.85955255,-0.37786573,-0.94572324,0
-0.36908785,-0.37729969,2.8796486,0.30163819,0.097114978,0.90387002,0
-0.78441482,-0.47019533,-0.59163147,-0.85955255,-0.37786573,-0.94572324,0
-0.15956115,-0.45250093,0.12967348,0.64805446,-0.37786573,1.5193854,0
-0.78441482,-0.47019533,-0.59163147,-0.85955255,-0.37786573,-0.94572324,0
-0.028119992,-0.12957796,-0.32114211,0.37632233,2.7578762,0.98918898,0
-0.076224747,-0.43923012,-0.36622367,0.54889755,-0.37786573,1.0409898,0
-0.055560028,-0.27113323,1.0763862,0.64889835,-0.37786573,1.3152293,0
1.0725304,1.060371,0.039510361,2.0295001,-0.37786573,0.88254028,0
-0.23087137,-0.37729969,-0.230979,1.3927862,-0.37786573,1.0653666,0
-0.35316585,-0.42595931,0.039510361,1.1771726,0.63689272,0.95567082,0
0.58047291,0.47645554,0.58048907,-0.85955255,-0.37786573,-0.94572324,0
-0.28083934,-0.45250093,0.53540751,0.68349778,-0.37786573,1.2512401,0
1.0056241,0.85688534,0.2198366,1.9020729,-0.37786573,1.3030409,0
-0.43988992,-0.45250093,0.67065219,-0.16545416,0.62543471,1.4462549,0
-0.78441482,-0.47019533,-0.59163147,-0.85955255,-0.37786573,-0.94572324,0
0.09637647,-0.29767485,0.08459192,-0.85955255,-0.37786573,-0.94572324,0
-0.099768975,-0.23132081,0.40016284,0.61556475,0.8357946,1.1659211,0
-0.28693712,-0.43480652,-0.050652758,0.83877329,1.3836061,1.1506856,0
0.17209064,-0.22689721,0.30999972,-0.85955255,-0.37786573,-0.94572324,0
0.33419012,0.27296984,0.58048907,0.021045222,-0.37786573,1.1750624,0
0.11416168,-0.18708479,-0.230979,0.23665876,-0.37786573,1.3121822,0
2.784145,-0.43480652,-0.54654991,-0.85955255,-0.37786573,-0.94572324,0
-0.78441482,-0.47019533,-0.59163147,-0.85955255,-0.37786573,-0.94572324,0
-0.37179798,-0.42153571,0.44524439,0.14805046,1.5854713,0.81855105,0
-0.174975,-0.42595931,0.26491816,-0.85955255,-0.37786573,-0.94572324,0
-0.78441482,-0.47019533,-0.59163147,-0.85955255,-0.37786573,-0.94572324,0
-0.78441482,-0.47019533,-0.59163147,-0.85955255,-0.37786573,-0.94572324,0
0.46122732,1.2284679,0.30999972,-0.85955255,-0.37786573,-0.94572324,0
2.4946695,2.2901325,-0.32114211,1.310507,0.81087013,0.6844784,0
-0.23967928,-0.45250093,-0.230979,-0.85955255,-0.37786573,-0.94572324,0
-0.78441482,-0.47019533,-0.59163147,-0.85955255,-0.37786573,-0.94572324,0
-0.78441482,-0.47019533,-0.59163147,-0.85955255,-0.37786573,-0.94572324,0
0.2618636,-0.43038291,-0.18589744,-0.85955255,-0.37786573,-0.94572324,0
-0.78441482,-0.47019533,-0.59163147,-0.85955255,-0.37786573,-0.94572324,0
-0.17057104,-0.30652205,-0.050652758,0.45185036,-0.37786573,1.132403,0
0.15328914,-0.12957796,0.40016284,1.7311855,-0.37786573,0.77893868,0
-0.043533839,-0.38614689,-0.18589744,-0.85955255,-0.37786573,-0.94572324,0
-0.18124217,-0.37287609,-0.230979,0.76029165,-0.37786573,1.2878054,0
-0.11806233,-0.33748727,1.9780174,0.62780113,0.30935161,1.0836493,0
-0.78441482,-0.47019533,-0.59163147,-0.85955255,-0.37786573,-0.94572324,0
-0.16989351,-0.33748727,1.4370387,0.80881524,-0.37786573,1.3304648,0
0.019307232,-0.3949941,0.12967348,0.88645299,0.55678541,1.0409898,0
-0.78441482,-0.47019533,-0.59163147,-0.85955255,-0.37786573,-0.94572324,0
-0.48172751,-0.42153571,0.17475504,-0.85955255,-0.37786573,-0.94572324,0
0.82082731,-0.44807732,-0.50146835,-0.85955255,-0.37786573,-0.94572324,0
-0.35519845,-0.33306367,0.94114155,0.48391813,-0.37786573,1.3700772,0
0.10941896,-0.018987906,0.49032595,0.8083933,0.34237571,1.1537327,0
-0.78441482,-0.47019533,-0.59163147,-0.85955255,-0.37786573,-0.94572324,0
-0.25915832,-0.42153571,-0.230979,-0.85955255,-0.37786573,-0.94572324,0
0.30624193,0.49857356,-0.0055711987,0.5750581,0.52063341,0.70580814,0
-0.78441482,-0.47019533,-0.59163147,-0.85955255,-0.37786573,-0.94572324,0
0.14448122,-0.30209845,-0.18589744,0.8303344,-0.37786573,1.0440369,0
-0.78441482,-0.47019533,-0.59163147,-0.85955255,-0.37786573,-0.94572324,0
1.2151508,2.617479,-0.41130523,-0.85955255,-0.37786573,-0.94572324,0
-0.78441482,-0.47019533,-0.59163147,-0.85955255,-0.37786573,-0.94572324,0
0.84386339,0.75071888,0.35508128,-0.85955255,-0.37786573,-0.94572324,0
0.64043447,0.94535738,-0.0055711987,0.4083901,0.55609398,1.0013774,0
-0.78441482,-0.47019533,-0.59163147,-0.85955255,-0.37786573,-0.94572324,0
0.19275536,0.84361453,-0.230979,-0.85955255,-0.37786573,-0.94572324,0
-0.78441482,-0.47019533,-0.59163147,-0.85955255,-0.37786573,-0.94572324,0
-0.78441482,-0.47019533,-0.59163147,-0.85955255,-0.37786573,-0.94572324,0
-0.78441482,-0.47019533,-0.59163147,-0.85955255,-0.37786573,-0.94572324,0
0.42040603,0.64012883,-0.14081588,-0.85955255,-0.37786573,-0.94572324,0
0.56607536,0.11372016,-0.32114211,-0.85955255,-0.37786573,-0.94572324,0
0.19461857,0.10044935,0.53540751,1.1615607,-0.37786573,1.5102441,0
0.81439075,4.5727112,0.53540751,1.2159915,0.10570849,0.74846762,0
1.0493249,3.0863809,-0.27606055,1.1636704,1.5060554,0.55040574,0
-0.78441482,-0.47019533,-0.59163147,-0.85955255,-0.37786573,-0.94572324,0
-0.78441482,-0.47019533,-0.59163147,-0.85955255,-0.37786573,-0.94572324,0
-0.78441482,-0.47019533,-0.59163147,-0.85955255,-0.37786573,-0.94572324,0
-0.78441482,-0.47019533,-0.59163147,-0.85955255,-0.37786573,-0.94572324,0
0.5359252,0.22431022,-0.36622367,0.42737759,-0.37786573,0.72409077,0
-0.17192611,-0.42595931,-0.0055711987,-0.85955255,-0.37786573,-0.94572324,0
0.31183157,0.44991393,0.40016284,1.3316042,0.41527237,1.2512401,0
0.050134927,-0.32421646,-0.41130523,0.44678703,-0.37786573,0.82769237,0
0.1397385,-0.31979286,-0.050652758,1.0413066,2.2933328,1.0409898,0
0.21375885,-0.2136264,-0.230979,-0.85955255,-0.37786573,-0.94572324,0
0.15515235,-0.16939038,0.12967348,0.73835054,1.4300637,1.1232616,0
-0.78441482,-0.47019533,-0.59163147,-0.85955255,-0.37786573,-0.94572324,0
0.89417012,4.7983149,-0.18589744,0.35649095,-0.37786573,0.087245646,0
0.47664117,0.22873382,-0.36622367,-0.85955255,-0.37786573,-0.94572324,0
-0.11416653,-0.42595931,-0.230979,-0.85955255,-0.37786573,-0.94572324,0
-0.78441482,-0.47019533,-0.59163147,-0.85955255,-0.37786573,-0.94572324,0
0.054538883,-0.32421646,0.2198366,1.3775962,-0.37786573,0.29749595,0
-0.78441482,-0.47019533,-0.59163147,-0.85955255,-0.37786573,-0.94572324,0
0.19817562,-0.44807732,0.26491816,-0.85955255,-0.37786573,-0.94572324,0
0.11416168,0.060636934,0.85097843,0.3674615,0.59083019,0.96785924,0
0.069783348,-0.24459162,-0.36622367,-0.85955255,-0.37786573,-0.94572324,0
0.65500141,-0.45250093,-0.095734317,-0.85955255,-0.37786573,-0.94572324,0
-0.16057745,-0.35075807,-0.0055711987,0.38729288,0.81857465,1.2969467,0
-0.24865658,-0.43480652,0.039510361,-0.85955255,-0.37786573,-0.94572324,0
0.69429825,5.0371895,0.35508128,-0.85955255,-0.37786573,-0.94572324,0
-0.13364556,-0.16054318,0.76081531,0.41936065,-0.37786573,0.97395345,0
-0.78441482,-0.47019533,-0.59163147,-0.85955255,-0.37786573,-0.94572324,0
0.056571479,-0.31536926,0.44524439,0.66535418,0.38616639,1.0897435,0
0.31589676,-0.11188355,0.17475504,-0.85955255,-0.37786573,-0.94572324,0
6.8539089,-0.43480652,-0.54654991,-0.85955255,-0.37786573,-0.94572324,0
0.2628799,1.1798083,0.039510361,-0.85955255,-0.37786573,-0.94572324,0
-0.042178776,-0.38172329,0.08459192,1.3923642,-0.37786573,1.0348956,0
-0.78441482,-0.47019533,-0.59163147,-0.85955255,-0.37786573,-0.94572324,0
0.74833141,1.5690853,0.30999972,0.75354054,0.60716115,0.62658339,0
0.41142874,0.31720586,0.80589687,1.7522827,-0.37786573,1.0135658,0
0.20190204,-0.041105917,-0.32114211,1.6463747,2.7314371,1.2938996,0
0.025066252,-0.45250093,-0.27606055,-0.85955255,-0.37786573,-0.94572324,0
-0.78441482,-0.47019533,-0.59163147,-0.85955255,-0.37786573,-0.94572324,0
0.49527329,0.056213332,-0.050652758,1.3379334,0.35956273,1.2116277,0
-0.78441482,-0.47019533,-0.59163147,-0.85955255,-0.37786573,-0.94572324,0
-0.10857689,-0.45250093,0.26491816,1.3704231,-0.37786573,0.54126442,0
1.0318784,1.5248493,-0.18589744,-0.85955255,-0.37786573,-0.94572324,0
0.58623193,0.36586549,-0.050652758,-0.85955255,-0.37786573,-0.94572324,0
-0.41380495,-0.42153571,2.1583436,-0.019883376,0.1270441,1.3274177,0
-0.78441482,-0.47019533,-0.59163147,-0.85955255,-0.37786573,-0.94572324,0
3.7255753,-0.43038291,-0.50146835,-0.85955255,-0.37786573,-0.94572324,0
0.029639591,-0.29325125,1.301794,-0.85955255,-0.37786573,-0.94572324,0
-0.78441482,-0.47019533,-0.59163147,-0.85955255,-0.37786573,-0.94572324,0
0.62959397,4.7142665,-0.45638679,0.71514361,-0.37786573,0.39805045,0
-0.31624037,-0.42595931,-0.095734317,-0.85955255,-0.37786573,-0.94572324,0
0.24678852,-0.29767485,0.26491816,1.7607216,-0.37786573,0.93434108,0
0.50831578,1.7460294,0.26491816,0.77548164,-0.37786573,0.86730475,0
0.054200117,-0.32421646,-0.27606055,0.6417253,-0.37786573,1.3700772,0
-0.78441482,-0.47019533,-0.59163147,-0.85955255,-0.37786573,-0.94572324,0
0.7673023,-0.30209845,-0.41130523,1.0353993,2.2274163,1.2299103,1
0.93516079,-0.29767485,-0.27606055,1.5721125,-0.37786573,1.0105187,1
1.7732676,-0.31536926,-0.50146835,-0.85955255,-0.37786573,-0.94572324,1
9.2051135,1.4584952,-0.54654991,6.3037959,5.0477994,0.15732908,1
0.20274896,-0.33306367,-0.230979,1.2235865,2.0105701,1.2085806,1
0.19343289,-0.4038413,-0.41130523,1.5505933,4.2067221,1.3975012,1
0.047932949,-0.37729969,-0.230979,2.2645231,2.3665258,1.3121822,1
-0.23036322,-0.3949941,-0.36622367,1.6425772,6.6687789,1.104979,1
-0.029305672,-0.35518168,-0.36622367,-0.85955255,-0.37786573,-0.94572324,1
1.1465507,-0.2047792,-0.45638679,1.9143093,4.2067221,1.2116277,1
0.48714291,-0.35518168,-0.50146835,2.1303448,14.320163,1.3243706,1
0.12280021,-0.37287609,0.08459192,1.0218971,0.92116996,1.3548417,1
-0.084185745,-0.4082649,-0.18589744,1.1932065,3.6996392,1.2329575,1
0.30725823,-0.29767485,-0.36622367,1.2991145,1.3428446,1.8515199,1
1.7014492,1.2063499,-0.27606055,-0.85955255,-0.37786573,-0.94572324,1
0.23882752,-0.14284877,-0.41130523,2.0695848,5.8929596,1.421878,1
0.004570916,-0.31536926,-0.230979,0.96662241,-0.37786573,1.8880852,1
0.02150921,-0.26670963,-0.45638679,1.4054445,4.6050526,1.6107986,1
0.092650045,-0.29325125,-0.27606055,0.9303352,3.5611553,1.2908525,1
0.13787529,-0.31979286,-0.45638679,1.5944755,6.6687789,1.3975012,1
-0.23087137,-0.3994177,-0.36622367,2.3273928,6.2721276,1.2329575,1
0.71970569,-0.35960528,-0.27606055,1.3725328,1.4924902,1.4523491,1
0.60317023,-0.29325125,-0.45638679,1.4965845,4.6058099,1.4249251,1
1.8916663,-0.23132081,-0.36622367,-0.85955255,-0.37786573,-0.94572324,1
-0.028797523,-0.15611958,-0.36622367,1.4564998,3.2450722,1.3609359,1
0.15413605,-0.36845248,-0.41130523,1.3282287,-0.37786573,1.6047044,1
-0.78441482,-0.47019533,-0.59163147,-0.85955255,-0.37786573,-0.94572324,0
0.022356125,-0.38172329,-0.050652758,1.3067095,0.65829418,1.2146748,0
-0.78441482,-0.47019533,-0.59163147,-0.85955255,-0.37786573,-0.94572324,0
0.1338101,0.64455243,0.039510361,0.25649015,-0.37786573,1.3578888,0
-0.78441482,-0.47019533,-0.59163147,-0.85955255,-0.37786573,-0.94572324,0
0.03014774,-0.32421646,-0.32114211,0.65353974,-0.37786573,1.4249251,0
0.48612662,-0.094189144,-0.36622367,-0.85955255,-0.37786573,-0.94572324,0
0.55489609,0.27296984,-0.14081588,1.2754856,-0.37786573,0.88558738,0
-0.14499422,-0.30209845,0.85097843,1.2248523,0.037388443,1.1232616,0
-0.30201221,-0.41711211,-0.0055711987,-0.85955255,-0.37786573,-0.94572324,0
-0.78441482,-0.47019533,-0.59163147,-0.85955255,-0.37786573,-0.94572324,0
0.59503985,0.63128162,-0.14081588,1.5446861,-0.37786573,1.5407151,0
-0.44835907,-0.44807732,0.08459192,-0.85955255,-0.37786573,-0.94572324,0
0.59622553,2.4139933,-0.050652758,-0.85955255,-0.37786573,-0.94572324,0
0.25745965,-0.2136264,0.17475504,0.72737999,0.21297919,1.2634285,0
0.79779123,3.3252554,0.94114155,-0.85955255,-0.37786573,-0.94572324,0
0.21985663,-0.32864006,0.26491816,0.87759216,0.12971105,1.1080261,0
0.18428622,0.64455243,0.2198366,1.5396228,-0.37786573,1.104979,0
-0.45293241,-0.41268851,3.8714429,0.38855871,-0.053254971,1.047084,0
-0.45462624,-0.44365372,-0.59163147,-0.17600277,-0.37786573,0.3736736,0
0.75680055,0.63128162,-0.36622367,-0.85955255,-0.37786573,-0.94572324,0
0.056740862,-0.195932,0.039510361,1.1750629,-0.37786573,0.9983303,0
0.023372422,-0.44807732,0.2198366,1.1193663,-0.37786573,1.766201,0
0.4415789,0.35259468,0.53540751,0.71387777,0.16645571,1.2634285,0
0.63162656,0.65339963,-0.45638679,-0.85955255,-0.37786573,-0.94572324,0
0.10874142,-0.31536926,-0.32114211,-0.85955255,-0.37786573,-0.94572324,0
-0.23019384,-0.32864006,-0.36622367,0.46957202,-0.37786573,0.85511633,0
0.47664117,-0.44365372,-0.45638679,-0.85955255,-0.37786573,-0.94572324,0
-0.78441482,-0.47019533,-0.59163147,-0.85955255,-0.37786573,-0.94572324,0
0.4644456,0.29951146,-0.32114211,-0.85955255,-0.37786573,-0.94572324,0
0.063854945,-0.45250093,0.30999972,0.40543649,-0.37786573,0.99223609,0
0.022525508,-0.4038413,0.30999972,1.5337156,0.38820776,1.1963922,0
-0.32979101,-0.31536926,7.7935386,-0.069672804,-0.37786573,0.84597501,0
-0.30726308,-0.44807732,1.7976912,0.25522431,-0.37786573,1.0806022,0
-0.20935974,-0.43923012,0.49032595,0.065771319,-0.37786573,0.55040574,0
0.1566768,0.24200463,-0.18589744,-0.85955255,-0.37786573,-0.94572324,0
-0.78441482,-0.47019533,-0.59163147,-0.85955255,-0.37786573,-0.94572324,0
0.400927,-0.45250093,-0.27606055,0.95944936,1.2149297,0.66619576,0
0.8526713,0.40125431,0.039510361,1.0459479,0.24468628,1.1659211,0
0.7146242,2.96252,0.08459192,0.55058533,0.74050871,0.80636263,0
-0.78441482,-0.47019533,-0.59163147,-0.85955255,-0.37786573,-0.94572324,0
-0.78441482,-0.47019533,-0.59163147,-0.85955255,-0.37786573,-0.94572324,0
-0.039129883,-0.27998044,1.1665493,1.1484804,-0.37786573,0.87644607,0
-0.24730152,-0.42595931,0.58048907,-0.85955255,-0.37786573,-0.94572324,0
0.41718776,0.40567791,0.71573375,2.3543972,-0.37786573,1.0105187,0
-0.054204964,-0.43480652,0.17475504,0.50121784,-0.37786573,0.95567082,0
-0.78441482,-0.47019533,-0.59163147,-0.85955255,-0.37786573,-0.94572324,0
-0.78441482,-0.47019533,-0.59163147,-0.85955255,-0.37786573,-0.94572324,0
-0.78441482,-0.47019533,-0.59163147,-0.85955255,-0.37786573,-0.94572324,0
-0.076902278,-0.22247361,0.49032595,0.12104602,1.1094699,1.1537327,0
-0.78441482,-0.47019533,-0.59163147,-0.85955255,-0.37786573,-0.94572324,0
0.48460217,-0.2136264,-0.095734317,1.3417309,0.37414864,1.1110732,0
-0.3745081,-0.43480652,1.7075281,0.93666437,-0.37786573,0.82159816,0
0.49493453,0.99844061,0.35508128,0.75185276,-0.37786573,1.2085806,0
-0.29083293,-0.41711211,-0.18589744,0.3598665,2.1339413,0.86730475,0
-0.78441482,-0.47019533,-0.59163147,-0.85955255,-0.37786573,-0.94572324,0
0.069105816,-0.44807732,0.2198366,-0.85955255,-0.37786573,-0.94572324,0
-0.074192151,-0.35075807,0.40016284,0.94974464,-0.37786573,1.0745079,0
-0.78441482,-0.47019533,-0.59163147,-0.85955255,-0.37786573,-0.94572324,0
-0.78441482,-0.47019533,-0.59163147,-0.85955255,-0.37786573,-0.94572324,0
0.062161116,-0.35075807,-0.27606055,-0.85955255,-0.37786573,-0.94572324,0
0.28303647,-0.17823759,0.12967348,0.73117749,0.61842161,1.0562253,0
0.085197196,-0.35075807,0.08459192,1.2231646,-0.37786573,1.1080261,0
0.67735995,0.29066425,1.0313047,0.31640624,0.41454802,0.54735863,0
-0.27067636,-0.35518168,0.62557063,1.2181012,0.21353892,1.2116277,0
-0.78441482,-0.47019533,-0.59163147,-0.85955255,-0.37786573,-0.94572324,0
-0.082661298,0.056213332,-0.14081588,0.34552039,0.81857465,1.306088,0
-0.16786092,-0.43480652,-0.36622367,2.113889,-0.37786573,0.91910555,0
-0.4719033,-0.41268851,-0.59163147,0.6303328,-0.37786573,0.35234386,0
-0.094687487,-0.31094565,0.44524439,1.0240068,0.037388443,1.1537327,0
0.29489328,-0.35075807,-0.18589744,-0.85955255,-0.37786573,-0.94572324,0
-0.78441482,-0.47019533,-0.59163147,-0.85955255,-0.37786573,-0.94572324,0
-0.78441482,-0.47019533,-0.59163147,-0.85955255,-0.37786573,-0.94572324,0
0.35078965,0.43221952,-0.36622367,0.52104923,-0.37786573,0.73323209,0
0.25644335,0.1844978,0.12967348,1.4835042,0.542858,1.0836493,0
0.10637006,-0.049953122,-0.230979,0.31134291,2.4959881,0.87035185,0
0.97496578,0.90554496,0.039510361,0.98856352,-0.37786573,0.76675026,0
0.57234253,-0.26670963,0.35508128,1.1615607,0.44490516,0.98918898,0
-0.27999242,-0.45250093,0.44524439,1.0273824,-0.37786573,0.74542051,0
0.017782785,-0.31979286,0.12967348,0.12442158,-0.37786573,0.97395345,0
1.5363008,5.0548839,-0.45638679,0.82527107,-0.37786573,0.62048917,0
0.19648179,0.26854624,-0.095734317,-0.85955255,-0.37786573,-0.94572324,0
0.79372603,-0.049953122,-0.18589744,1.4919431,-0.37786573,1.1537327,0
-0.48545393,-0.42153571,0.85097843,0.5083909,0.38850409,1.104979,0
-0.13415371,-0.25343882,-0.18589744,-0.85955255,-0.37786573,-0.94572324,0
-0.42176594,-0.3994177,3.6460351,-0.85955255,-0.37786573,-0.94572324,0
-0.78441482,-0.47019533,-0.59163147,-0.85955255,-0.37786573,-0.94572324,0
-0.47630725,-0.41268851,1.3468756,0.60290642,2.5294732,0.68143129,0
-0.78441482,-0.47019533,-0.59163147,-0.85955255,-0.37786573,-0.94572324,0
0.9966468,2.4493821,-0.14081588,1.1092396,0.51391664,0.88863449,0
0.63569175,2.8386591,0.58048907,1.7117761,0.44609047,0.74846762,0
0.75866377,0.60474001,-0.095734317,1.3683134,-0.37786573,1.1080261,0
-0.48494578,-0.43480652,0.08459192,-0.15448361,1.2905921,1.2908525,0
0.77763466,-0.13842517,-0.18589744,0.36703955,1.0099366,1.047084,0
-0.78441482,-0.47019533,-0.59163147,-0.85955255,-0.37786573,-0.94572324,0
-0.076224747,-0.4038413,-0.32114211,-0.85955255,-0.37786573,-0.94572324,0
-0.78441482,-0.47019533,-0.59163147,-0.85955255,-0.37786573,-0.94572324,0
-0.78441482,-0.47019533,-0.59163147,-0.85955255,-0.37786573,-0.94572324,0
-0.31878112,-0.38614689,1.7976912,1.8548152,-0.37786573,0.25788358,0
-0.057084474,-0.2003556,0.89605999,0.72906777,0.31580497,0.84597501,0
-0.12128061,-0.45250093,-0.41130523,-0.85955255,-0.37786573,-0.94572324,0
-0.78441482,-0.47019533,-0.59163147,-0.85955255,-0.37786573,-0.94572324,0
-0.1263621,-0.12957796,0.26491816,0.074210205,1.2735697,1.1445914,0
0.14922395,-0.058800326,1.0763862,0.83328801,-0.37786573,1.1750624,0
1.1446875,0.94535738,-0.095734317,0.28855791,-0.37786573,0.6326776,0
0.26948583,-0.17823759,0.30999972,0.30543568,1.1774607,0.97700056,0
-0.78441482,-0.47019533,-0.59163147,-0.85955255,-0.37786573,-0.94572324,0
-0.78441482,-0.47019533,-0.59163147,-0.85955255,-0.37786573,-0.94572324,0
-0.19276021,-0.38614689,1.0763862,0.72062888,0.34204645,1.1811567,0
0.60012133,2.4007225,0.08459192,-0.85955255,-0.37786573,-0.94572324,0
-0.78441482,-0.47019533,-0.59163147,-0.85955255,-0.37786573,-0.94572324,0
-0.78441482,-0.47019533,-0.59163147,-0.85955255,-0.37786573,-0.94572324,0
-0.17514438,-0.41711211,-0.32114211,-0.85955255,-0.37786573,-0.94572324,0
0.14041603,-0.14727237,-0.41130523,0.8493219,2.210328,1.3487475,0
-0.27440279,-0.34633447,1.2567125,0.034125496,0.30997719,1.162874,0
-0.19767231,-0.37287609,-0.27606055,0.98012463,-0.37786573,0.98614188,0
0.32097825,0.48087915,1.2116309,0.31345263,-0.37786573,0.74237341,0
-0.78441482,-0.47019533,-0.59163147,-0.85955255,-0.37786573,-0.94572324,0
0.59283787,0.66667044,-0.050652758,-0.85955255,-0.37786573,-0.94572324,0
-0.36299006,-0.36402888,1.301794,0.49953007,-0.37786573,0.081151435,0
-0.23307335,-0.43923012,0.49032595,1.1615607,0.44490516,1.1232616,0
-0.18056464,-0.44807732,1.5272018,-0.85955255,-0.37786573,-0.94572324,0
-0.78441482,-0.47019533,-0.59163147,-0.85955255,-0.37786573,-0.94572324,0
0.0052484477,0.54280958,-0.41130523,0.68602945,3.4006443,0.86425764,0
-0.78441482,-0.47019533,-0.59163147,-0.85955255,-0.37786573,-0.94572324,0
3.1549242,5.0371895,-0.41130523,1.8923682,-0.37786573,0.37062649,0
-0.11264208,-0.39057049,-0.050652758,0.93877409,1.5797752,0.88863449,0
-0.78441482,-0.47019533,-0.59163147,-0.85955255,-0.37786573,-0.94572324,0
-0.78441482,-0.47019533,-0.59163147,-0.85955255,-0.37786573,-0.94572324,0
-0.45581192,-0.41268851,2.3837514,1.1151468,-0.37786573,0.47118099,0
-0.78441482,-0.47019533,-0.59163147,-0.85955255,-0.37786573,-0.94572324,0
-0.21647382,-0.45250093,0.30999972,-0.85955255,-0.37786573,-0.94572324,0
-0.78441482,-0.47019533,-0.59163147,-0.85955255,-0.37786573,-0.94572324,0
0.67515798,0.68436485,0.35508128,0.81894191,0.2754056,1.1445914,0
1.4612642,-0.43923012,-0.50146835,-0.85955255,-0.37786573,-0.94572324,0
0.79050776,1.9716331,-0.41130523,-0.85955255,-0.37786573,-0.94572324,0
1.1084395,2.1530008,-0.41130523,1.3058656,2.99428,0.96785924,0
-0.78441482,-0.47019533,-0.59163147,-0.85955255,-0.37786573,-0.94572324,0
-0.18158094,-0.43923012,-0.32114211,-0.85955255,-0.37786573,-0.94572324,0
-0.16921598,-0.45250093,-0.36622367,-0.85955255,-0.37786573,-0.94572324,0
0.025913166,-0.036682315,3.555872,0.51978339,0.18298422,0.46203967,0
0.18394745,-0.35960528,-0.32114211,0.29404319,-0.37786573,0.95871792,0
0.86283427,1.9672095,0.17475504,1.1552315,-0.37786573,0.74542051,0
-0.78441482,-0.47019533,-0.59163147,-0.85955255,-0.37786573,-0.94572324,0
0.36450966,0.10929656,-0.41130523,0.19994961,3.5444951,1.0623195,0
0.12296959,-0.21805001,-0.27606055,1.4075542,2.0977893,1.0166129,0
-0.29726948,-0.35518168,-0.230979,0.12990685,2.2472703,1.3396062,0
-0.78441482,-0.47019533,-0.59163147,-0.85955255,-0.37786573,-0.94572324,0
-0.78441482,-0.47019533,-0.59163147,-0.85955255,-0.37786573,-0.94572324,0
0.039802568,-0.10303635,2.4739146,0.75396248,0.34079529,0.84597501,0
0.85504266,0.51184436,0.12967348,2.0624118,-0.37786573,1.1567798,0
0.58352181,-0.14284877,-0.36622367,0.47210369,-0.37786573,0.84902211,0
-0.78441482,-0.47019533,-0.59163147,-0.85955255,-0.37786573,-0.94572324,0
0.013548212,-0.2047792,-0.230979,0.22695404,-0.37786573,1.0988848,0
-0.78441482,-0.47019533,-0.59163147,-0.85955255,-0.37786573,-0.94572324,0
0.23476233,0.45876114,0.35508128,0.15142601,-0.37786573,0.96785924,0
-0.78441482,-0.47019533,-0.59163147,-0.85955255,-0.37786573,-0.94572324,0
0.093327577,-0.04552952,1.1214678,-0.85955255,-0.37786573,-0.94572324,0
-0.25763388,-0.33748727,0.30999972,0.30923318,0.67689699,1.2420988,0
0.029300825,-0.45250093,-0.27606055,-0.85955255,-0.37786573,-0.94572324,0
-0.78441482,-0.47019533,-0.59163147,-0.85955255,-0.37786573,-0.94572324,0
1.1606095,1.0471002,-0.32114211,0.51261034,1.5561019,0.63877181,0
0.79525048,0.038518923,-0.050652758,0.56197782,1.0816151,1.3761714,0
-0.42041088,-0.43480652,0.67065219,1.1548096,-0.37786573,0.75151473,0
-0.78441482,-0.47019533,-0.59163147,-0.85955255,-0.37786573,-0.94572324,0
1.2939139,2.9757908,-0.32114211,-0.85955255,-0.37786573,-0.94572324,0
-0.78441482,-0.47019533,-0.59163147,-0.85955255,-0.37786573,-0.94572324,0
-0.51018384,-0.44807732,0.58048907,-0.85955255,-0.37786573,-0.94572324,0
0.31081527,0.10487296,-0.0055711987,0.77759136,0.84419055,1.0623195,0
-0.78441482,-0.47019533,-0.59163147,-0.85955255,-0.37786573,-0.94572324,0
-0.78441482,-0.47019533,-0.59163147,-0.85955255,-0.37786573,-0.94572324,0
-0.3557066,-0.31536926,0.35508128,0.42568981,1.2513451,1.0409898,0
0.032519101,-0.39057049,-0.095734317,-0.85955255,-0.37786573,-0.94572324,0
-0.41549878,-0.45250093,0.12967348,-0.85955255,-0.37786573,-0.94572324,0
-0.10468108,-0.24016802,0.26491816,1.0594502,0.77610099,1.0257543,0
-0.78441482,-0.47019533,-0.59163147,-0.85955255,-0.37786573,-0.94572324,0
-0.78441482,-0.47019533,-0.59163147,-0.85955255,-0.37786573,-0.94572324,0
1.4746455,2.8784716,-0.230979,-0.85955255,-0.37786573,-0.94572324,0
0.093666343,0.1977686,0.2198366,0.66324446,1.0793103,0.92519976,0
-0.78441482,-0.47019533,-0.59163147,-0.85955255,-0.37786573,-0.94572324,0
-0.78441482,-0.47019533,-0.59163147,-0.85955255,-0.37786573,-0.94572324,0
-0.78441482,-0.47019533,-0.59163147,-0.85955255,-0.37786573,-0.94572324,0
-0.39720542,-0.33748727,0.12967348,0.49615451,-0.37786573,0.94043529,0
0.17683337,-0.38614689,-0.36622367,-0.85955255,-0.37786573,-0.94572324,0
-0.31014259,-0.42153571,-0.59163147,0.1598649,-0.37786573,0.6875255,0
0.0011832571,-0.35518168,0.30999972,0.71683138,-0.37786573,1.0653666,0
-0.78441482,-0.47019533,-0.59163147,-0.85955255,-0.37786573,-0.94572324,0
-0.14855126,-0.43923012,-0.095734317,-0.85955255,-0.37786573,-0.94572324,0
-0.051156071,-0.30652205,1.0763862,0.62231586,0.21669975,1.1872509,0
-0.78441482,-0.47019533,-0.59163147,-0.85955255,-0.37786573,-0.94572324,0
-0.37925083,-0.44807732,-0.14081588,-0.85955255,-0.37786573,-0.94572324,0
-0.78441482,-0.47019533,-0.59163147,-0.85955255,-0.37786573,-0.94572324,0
2.0986522,4.864669,-0.36622367,-0.85955255,-0.37786573,-0.94572324,0
-0.78441482,-0.47019533,-0.59163147,-0.85955255,-0.37786573,-0.94572324,0
-0.78441482,-0.47019533,-0.59163147,-0.85955255,-0.37786573,-0.94572324,0
0.56353462,0.52069157,-0.18589744,-0.85955255,-0.37786573,-0.94572324,0
0.034382313,-0.2003556,0.17475504,0.044674103,-0.37786573,0.87949317,0
-0.13771075,-0.34633447,0.039510361,0.84214884,1.0975509,1.1080261,0
-0.78441482,-0.47019533,-0.59163147,-0.85955255,-0.37786573,-0.94572324,0
-0.78441482,-0.47019533,-0.59163147,-0.85955255,-0.37786573,-0.94572324,0
0.33876346,-0.45250093,-0.41130523,-0.85955255,-0.37786573,-0.94572324,0
-0.78441482,-0.47019533,-0.59163147,-0.85955255,-0.37786573,-0.94572324,0
-0.78441482,-0.47019533,-0.59163147,-0.85955255,-0.37786573,-0.94572324,0
1.4473748,0.41452511,0.039510361,0.63328641,0.47977308,1.0348956,0
0.35062026,-0.041105917,0.12967348,-0.85955255,-0.37786573,-0.94572324,0
1.0393313,1.3080928,-0.32114211,0.96451269,-0.37786573,0.86425764,0
-0.78441482,-0.47019533,-0.59163147,-0.85955255,-0.37786573,-0.94572324,0
1.169248,2.7324927,0.039510361,2.7784513,-0.37786573,1.0531782,0
1.1296124,1.4938841,-0.095734317,-0.85955255,-0.37786573,-0.94572324,0
-0.78441482,-0.47019533,-0.59163147,-0.85955255,-0.37786573,-0.94572324,0
-0.78441482,-0.47019533,-0.59163147,-0.85955255,-0.37786573,-0.94572324,0
-0.78441482,-0.47019533,-0.59163147,-0.85955255,-0.37786573,-0.94572324,0
0.39855564,0.01197731,-0.27606055,1.7463755,-0.37786573,1.2725698,0
0.75019462,5.0416131,0.12967348,-0.85955255,-0.37786573,-0.94572324,0
0.6094374,0.14468538,-0.050652758,-0.85955255,-0.37786573,-0.94572324,0
0.99122654,-0.44365372,-0.27606055,-0.85955255,-0.37786573,-0.94572324,0
0.15159531,-0.12957796,-0.32114211,0.49615451,2.9410068,1.1598269,0
0.14346493,-0.24901522,0.039510361,-0.85955255,-0.37786573,-0.94572324,0
-0.072667705,-0.37287609,-0.27606055,0.29573097,-0.37786573,1.1567798,0
-0.78441482,-0.47019533,-0.59163147,-0.85955255,-0.37786573,-0.94572324,0
-0.21749012,-0.36845248,-0.32114211,0.57969948,2.7042408,1.01966,0
-0.14008212,-0.41268851,0.35508128,0.7379286,0.73560284,0.99223609,0
0.71784248,0.69763566,-0.27606055,1.0328677,0.70692488,0.69971393,0
-0.78441482,-0.47019533,-0.59163147,-0.85955255,-0.37786573,-0.94572324,0
-0.066739302,-0.39057049,-0.18589744,-0.85955255,-0.37786573,-0.94572324,0
0.1754783,-0.45250093,0.89605999,-0.85955255,-0.37786573,-0.94572324,0
0.022864274,-0.29767485,-0.0055711987,0.044674103,-0.37786573,1.0348956,0
0.51017899,3.1483113,-0.230979,1.2754856,-0.37786573,1.0927906,0
2.0925544,-0.43038291,-0.54654991,-0.85955255,-0.37786573,-0.94572324,0
1.4739679,1.7194878,-0.0055711987,-0.85955255,-0.37786573,-0.94572324,0
2.1521772,3.1306169,-0.0055711987,2.5370991,-0.37786573,0.72104367,0
-0.063521026,-0.44807732,0.58048907,0.67083945,0.22947478,1.2360046,0
-0.78441482,-0.47019533,-0.59163147,-0.85955255,-0.37786573,-0.94572324,0
0.46681696,0.93651018,-0.14081588,0.80628358,-0.37786573,0.8916816,0
-0.11179516,-0.049953122,0.67065219,0.85354134,-0.37786573,0.78198578,0
0.35248348,3.0731101,0.62557063,0.65733724,0.089937258,0.85816343,0
-0.41397433,-0.45250093,2.6091592,-0.11988418,-0.12091651,1.190298,0
0.41413887,0.087178548,0.53540751,0.70881444,0.51767013,0.95567082,0
-0.16362634,-0.13400156,0.76081531,0.11598269,-0.37786573,1.2725698,0
-0.78441482,-0.47019533,-0.59163147,-0.85955255,-0.37786573,-0.94572324,0
1.1700949,0.21988661,-0.095734317,1.5965853,-0.37786573,1.2390517,0
-0.44768153,-0.37729969,1.5722834,0.34552039,-0.37786573,1.306088,0
0.46258239,3.396033,-0.27606055,-0.85955255,-0.37786573,-0.94572324,0
1.0945501,1.1665375,-0.095734317,1.310507,0.4535316,0.98614188,0
-0.083000064,-0.25343882,0.039510361,-0.85955255,-0.37786573,-0.94572324,0
0.18852079,-0.18708479,0.30999972,-0.85955255,-0.37786573,-0.94572324,0
-0.39805233,-0.43923012,0.17475504,0.35142761,-0.37786573,0.84597501,0
0.50543627,-0.45250093,-0.50146835,-0.85955255,-0.37786573,-0.94572324,0
-0.78441482,-0.47019533,-0.59163147,-0.85955255,-0.37786573,-0.94572324,0
-0.78441482,-0.47019533,-0.59163147,-0.85955255,-0.37786573,-0.94572324,0
-0.48816406,-0.45250093,0.89605999,1.9527063,-0.37786573,0.45899256,0
-0.78441482,-0.47019533,-0.59163147,-0.85955255,-0.37786573,-0.94572324,0
-0.11467467,-0.39057049,2.1583436,-0.85955255,-0.37786573,-0.94572324,0
-0.34639054,-0.42153571,-0.14081588,1.0839229,-0.37786573,1.1415443,0
-0.78441482,-0.47019533,-0.59163147,-0.85955255,-0.37786573,-0.94572324,0
0.79863814,1.4009884,-0.36622367,1.0024877,-0.37786573,0.73323209,0
-0.2981164,-0.43923012,-0.050652758,-0.85955255,-0.37786573,-0.94572324,0
-0.78441482,-0.47019533,-0.59163147,-0.85955255,-0.37786573,-0.94572324,0
-0.34469671,-0.43038291,0.67065219,0.46661841,0.37651927,1.0257543,0
-0.78441482,-0.47019533,-0.59163147,-0.85955255,-0.37786573,-0.94572324,0
-0.29862455,-0.45250093,0.039510361,0.3750565,-0.37786573,1.6443167,0
-0.78441482,-0.47019533,-0.59163147,-0.85955255,-0.37786573,-0.94572324,0
0.21579144,-0.17381398,-0.32114211,-0.85955255,-0.37786573,-0.94572324,0
-0.78441482,-0.47019533,-0.59163147,-0.85955255,-0.37786573,-0.94572324,0
0.42345493,0.003130105,0.53540751,-0.85955255,-0.37786573,-0.94572324,0
0.19749808,0.003130105,-0.18589744,0.81345663,-0.37786573,1.0866964,0
-0.78441482,-0.47019533,-0.59163147,-0.85955255,-0.37786573,-0.94572324,0
-0.18835625,-0.30209845,0.12967348,-0.85955255,-0.37786573,-0.94572324,0
-0.13212112,-0.35960528,2.1132621,-0.85955255,-0.37786573,-0.94572324,0
-0.12805593,-0.41711211,-0.095734317,0.73159943,-0.37786573,1.2268632,0
-0.091469211,-0.34633447,-0.0055711987,0.35142761,0.70455426,1.2512401,0
-0.78441482,-0.47019533,-0.59163147,-0.85955255,-0.37786573,-0.94572324,0
-0.42108841,-0.45250093,0.44524439,-0.85955255,-0.37786573,-0.94572324,0
-0.19716417,-0.45250093,-0.27606055,-0.85955255,-0.37786573,-0.94572324,0
1.8440696,3.2323597,0.039510361,1.6358261,-0.37786573,0.91910555,0
-0.78441482,-0.47019533,-0.59163147,-0.85955255,-0.37786573,-0.94572324,0
-0.78441482,-0.47019533,-0.59163147,-0.85955255,-0.37786573,-0.94572324,0
-0.25306054,-0.42153571,1.2567125,-0.85955255,-0.37786573,-0.94572324,0
-0.174975,-0.24901522,0.35508128,0.26914847,0.64347778,1.2542872,0
0.88299084,2.7811523,0.49032595,0.88012383,1.0349599,0.57478259,0
0.24289271,-0.25786243,0.039510361,0.69278056,-0.37786573,1.0440369,0
-0.39263208,-0.4082649,1.8427727,1.1830798,-0.041665257,0.80636263,0
0.563704,0.48530275,-0.18589744,1.5602981,-0.37786573,1.2756169,0
-0.16159375,-0.076494735,0.08459192,1.7780213,0.68048585,0.97700056,0
0.20207142,0.60474001,0.71573375,2.719801,-0.37786573,1.2024864,0
-0.78441482,-0.47019533,-0.59163147,-0.85955255,-0.37786573,-0.94572324,0
-0.069957578,-0.33748727,-0.050652758,0.6788564,-0.37786573,0.59915943,0
-0.78441482,-0.47019533,-0.59163147,-0.85955255,-0.37786573,-0.94572324,0
0.29218315,1.4983077,0.71573375,0.78138886,-0.086476622,1.1842038,0
0.081809537,-0.45250093,0.12967348,-0.85955255,-0.37786573,-0.94572324,0
-0.014061207,-0.41711211,0.26491816,2.1480665,-0.37786573,0.33101412,0
0.30353181,-0.063223929,0.49032595,0.81345663,-0.37786573,1.2268632,0
-0.78441482,-0.47019533,-0.59163147,-0.85955255,-0.37786573,-0.94572324,0
1.7227915,-0.45250093,-0.50146835,-0.85955255,-0.37786573,-0.94572324,0
-0.11298084,-0.41711211,0.44524439,-0.85955255,-0.37786573,-0.94572324,0
-0.78441482,-0.47019533,-0.59163147,-0.85955255,-0.37786573,-0.94572324,0
0.066734455,-0.34191087,-0.27606055,1.1417293,1.6485562,1.1445914,0
0.99292037,4.9442938,-0.45638679,-0.85955255,-0.37786573,-0.94572324,0
-0.78441482,-0.47019533,-0.59163147,-0.85955255,-0.37786573,-0.94572324,0
-0.78441482,-0.47019533,-0.59163147,-0.85955255,-0.37786573,-0.94572324,0
0.48443279,1.42753,0.85097843,0.94974464,-0.37786573,0.83683369,0
-0.78441482,-0.47019533,-0.59163147,-0.85955255,-0.37786573,-0.94572324,0
0.48494093,0.016400912,-0.18589744,0.94425936,1.4697058,1.2360046,0
-0.33046854,-0.44807732,0.08459192,0.82231746,-0.37786573,0.85816343,0
0.029639591,-0.43923012,-0.36622367,0.33244012,-0.37786573,1.4401607,0
-0.034556543,-0.2047792,0.40016284,1.583505,0.6224385,1.1141203,0
-0.78441482,-0.47019533,-0.59163147,-0.85955255,-0.37786573,-0.94572324,0
-0.18175032,-0.33748727,0.40016284,0.8417269,-0.37786573,0.61439496,0
-0.78441482,-0.47019533,-0.59163147,-0.85955255,-0.37786573,-0.94572324,0
0.66685821,4.2807535,0.12967348,-0.85955255,-0.37786573,-0.94572324,0
-0.49426184,-0.44365372,0.26491816,0.51134451,-0.37786573,0.95871792,0
-0.22341852,-0.43923012,0.85097843,-0.85955255,-0.37786573,-0.94572324,0
0.21494453,-0.063223929,0.08459192,0.96704436,-0.37786573,0.50165204,0
0.29506266,-0.072071133,0.2198366,0.28729208,-0.37786573,0.70276103,0
-0.17226487,-0.35960528,0.85097843,-0.85955255,-0.37786573,-0.94572324,0
0.94803389,0.67994125,0.039510361,2.1754929,-0.37786573,0.81245684,0
-0.26119092,-0.30209845,1.0313047,1.2337132,0.44977811,1.0288014,0
3.7613151,-0.44365372,-0.50146835,-0.85955255,-0.37786573,-0.94572324,0
-0.44124498,-0.3949941,0.12967348,-0.85955255,-0.37786573,-0.94572324,0
-0.48833344,-0.42595931,1.7976912,0.25944376,1.2687955,1.1963922,0
-0.13855767,-0.45250093,0.26491816,-0.85955255,-0.37786573,-0.94572324,0
-0.78441482,-0.47019533,-0.59163147,-0.85955255,-0.37786573,-0.94572324,0
0.51238097,1.3788704,-0.41130523,-0.85955255,-0.37786573,-0.94572324,0
-0.13110482,-0.41711211,0.53540751,-0.85955255,-0.37786573,-0.94572324,0
-0.78441482,-0.47019533,-0.59163147,-0.85955255,-0.37786573,-0.94572324,0
-0.78441482,-0.47019533,-0.59163147,-0.85955255,-0.37786573,-0.94572324,0
0.32724542,1.2417387,-0.32114211,0.77632553,-0.37786573,1.01966,0
-0.78441482,-0.47019533,-0.59163147,-0.85955255,-0.37786573,-0.94572324,0
-0.78441482,-0.47019533,-0.59163147,-0.85955255,-0.37786573,-0.94572324,0
-0.78441482,-0.47019533,-0.59163147,-0.85955255,-0.37786573,-0.94572324,0
-0.030830119,-0.2003556,0.26491816,0.86830939,-0.37786573,1.3426533,0
-0.13669446,-0.28440404,-0.230979,0.40923398,-0.37786573,1.4828201,0
0.24187642,1.0559474,0.44524439,0.68518556,-0.37786573,0.71799656,0
-0.014908122,-0.32421646,-0.32114211,1.2159915,-0.37786573,1.0775551,0
0.21731589,-0.33748727,-0.050652758,-0.85955255,-0.37786573,-0.94572324,0
1.5034406,5.0239186,0.12967348,0.50206173,-0.37786573,0.61439496,0
-0.068433131,-0.43480652,-0.50146835,-0.85955255,-0.37786573,-0.94572324,0
0.17361509,0.05178973,0.08459192,0.10627797,-0.37786573,0.61439496,0
-0.78441482,-0.47019533,-0.59163147,-0.85955255,-0.37786573,-0.94572324,0
-0.78441482,-0.47019533,-0.59163147,-0.85955255,-0.37786573,-0.94572324,0
0.14295678,0.14910898,-0.32114211,-0.074314191,-0.37786573,1.3975012,0
-0.15532658,-0.42153571,0.40016284,0.38687094,-0.37786573,0.62353628,0
-0.78441482,-0.47019533,-0.59163147,-0.85955255,-0.37786573,-0.94572324,0
-0.78441482,-0.47019533,-0.59163147,-0.85955255,-0.37786573,-0.94572324,0
-0.78441482,-0.47019533,-0.59163147,-0.85955255,-0.37786573,-0.94572324,0
0.76645538,1.2505859,0.58048907,-0.85955255,-0.37786573,-0.94572324,0
-0.15278584,-0.32421646,0.17475504,0.34003512,-0.37786573,1.0074716,0
0.24831297,-0.23132081,0.26491816,0.77716942,0.60218943,1.1354501,0
-0.78441482,-0.47019533,-0.59163147,-0.85955255,-0.37786573,-0.94572324,0
-0.78441482,-0.47019533,-0.59163147,-0.85955255,-0.37786573,-0.94572324,0
0.57996476,0.46760834,0.35508128,0.85185356,-0.37786573,1.4584433,0
0.14109357,-0.43038291,-0.27606055,1.5598761,-0.37786573,1.1080261,0
-0.78441482,-0.47019533,-0.59163147,-0.85955255,-0.37786573,-0.94572324,0
0.058095925,0.33932388,1.7976912,0.56408754,0.28538197,1.0531782,0
-0.22494297,-0.30209845,-0.0055711987,0.60417225,0.77998617,1.3365591,0
0.92635288,0.76398969,-0.32114211,1.4721117,-0.37786573,0.67838418,0
0.56167141,0.70205926,-0.32114211,-0.85955255,-0.37786573,-0.94572324,0
0.26728386,-0.22689721,-0.095734317,1.4062884,-0.37786573,1.1963922,0
-0.1024791,-0.45250093,-0.41130523,-0.85955255,-0.37786573,-0.94572324,0
-0.78441482,-0.47019533,-0.59163147,-0.85955255,-0.37786573,-0.94572324,0
0.032180335,-0.3994177,0.08459192,1.1109274,0.39732807,1.0318485,0
1.3328719,1.8521958,-0.095734317,-0.85955255,-0.37786573,-0.94572324,0
-0.031677033,-0.11188355,-0.36622367,-0.85955255,-0.37786573,-0.94572324,0
-0.78441482,-0.47019533,-0.59163147,-0.85955255,-0.37786573,-0.94572324,0
-0.78441482,-0.47019533,-0.59163147,-0.85955255,-0.37786573,-0.94572324,0
0.75121092,3.6658728,-0.41130523,0.92991326,-0.37786573,0.60220654,0
0.45716213,1.3346344,-0.14081588,0.49868618,-0.37786573,1.0013774,0
0.92787732,0.80380211,-0.14081588,1.280127,0.48069499,1.0836493,0
0.2122344,-0.0057170995,-0.230979,0.39446593,1.5245923,0.9465295,0
-0.13584754,-0.42153571,1.0313047,1.0096607,-0.37786573,0.77284447,0
-0.78441482,-0.47019533,-0.59163147,-0.85955255,-0.37786573,-0.94572324,0
0.25474952,-0.2003556,0.94114155,0.4265337,0.37609124,1.1720153,0
-0.78441482,-0.47019533,-0.59163147,-0.85955255,-0.37786573,-0.94572324,0
-0.78441482,-0.47019533,-0.59163147,-0.85955255,-0.37786573,-0.94572324,0
0.49764466,0.7772605,0.039510361,-0.85955255,-0.37786573,-0.94572324,0
-0.78441482,-0.47019533,-0.59163147,-0.85955255,-0.37786573,-0.94572324,0
-0.78441482,-0.47019533,-0.59163147,-0.85955255,-0.37786573,-0.94572324,0
0.63230409,1.2903984,0.2198366,0.64467891,-0.37786573,0.50469915,0
0.72715854,1.016135,-0.36622367,2.1383618,-0.37786573,1.4188309,0
0.33808593,0.096025752,-0.36622367,0.29952846,1.108087,0.76675026,0
-0.78441482,-0.47019533,-0.59163147,-0.85955255,-0.37786573,-0.94572324,0
-0.78441482,-0.47019533,-0.59163147,-0.85955255,-0.37786573,-0.94572324,0
-0.05047854,-0.22689721,0.35508128,0.86830939,-0.37786573,1.0927906,0
-0.78441482,-0.47019533,-0.59163147,-0.85955255,-0.37786573,-0.94572324,0
-0.030152587,-0.28882764,1.1214678,1.8012283,-0.37786573,1.0592724,0
-0.78441482,-0.47019533,-0.59163147,-0.85955255,-0.37786573,-0.94572324,0
-0.12094184,-0.45250093,0.94114155,-0.85955255,-0.37786573,-0.94572324,0
0.66330117,0.24200463,-0.0055711987,-0.85955255,-0.37786573,-0.94572324,0
-0.78441482,-0.47019533,-0.59163147,-0.85955255,-0.37786573,-0.94572324,0
-0.78441482,-0.47019533,-0.59163147,-0.85955255,-0.37786573,-0.94572324,0
0.34384495,-0.014564304,-0.27606055,-0.85955255,-0.37786573,-0.94572324,0
-0.78441482,-0.47019533,-0.59163147,-0.85955255,-0.37786573,-0.94572324,0
-0.11535221,-0.35960528,0.2198366,-0.85955255,-0.37786573,-0.94572324,0
-0.78441482,-0.47019533,-0.59163147,-0.85955255,-0.37786573,-0.94572324,0
-0.78441482,-0.47019533,-0.59163147,-0.85955255,-0.37786573,-0.94572324,0
0.64551596,2.462653,0.85097843,0.4969984,-0.37786573,0.72409077,0
-0.078426725,-0.39057049,-0.27606055,0.4969984,-0.37786573,1.162874,0
0.21663836,-0.2003556,-0.230979,0.60332837,1.970928,1.0623195,0
-0.096381316,-0.37729969,-0.050652758,-0.85955255,-0.37786573,-0.94572324,0
0.070630263,-0.30209845,1.0313047,-0.85955255,-0.37786573,-0.94572324,0
-0.045227668,0.10487296,1.4821203,0.23328321,-0.37786573,0.14209355,0
0.034551696,-0.2092028,0.08459192,0.49362285,0.93108048,1.2725698,0
1.0535595,5.0416131,-0.45638679,0.72864582,-0.37786573,0.032397741,0
0.16294397,0.11814376,1.0763862,1.0712646,-0.00034397732,1.2664756,0
-0.3418172,-0.45250093,0.039510361,1.0624038,-0.37786573,0.40719176,0
0.30099106,0.46318474,0.039510361,1.3577648,1.3401118,0.76370315,0
-0.21122295,-0.35075807,0.62557063,0.32990845,1.0501714,1.0227071,0
-0.78441482,-0.47019533,-0.59163147,-0.85955255,-0.37786573,-0.94572324,0
-0.78441482,-0.47019533,-0.59163147,-0.85955255,-0.37786573,-0.94572324,0
-0.78441482,-0.47019533,-0.59163147,-0.85955255,-0.37786573,-0.94572324,0
0.38483562,0.087178548,0.26491816,-0.85955255,-0.37786573,-0.94572324,0
-0.78441482,-0.47019533,-0.59163147,-0.85955255,-0.37786573,-0.94572324,0
2.7855,-0.45250093,-0.45638679,-0.85955255,-0.37786573,-0.94572324,0
-0.085032659,-0.38614689,-0.36622367,-0.85955255,-0.37786573,-0.94572324,0
-0.078934874,-0.31979286,1.4821203,-0.85955255,-0.37786573,-0.94572324,0
-0.14380854,-0.35075807,2.7444039,-0.85955255,-0.37786573,-0.94572324,0
0.79965444,4.5461696,2.7444039,0.41387537,-0.37786573,-0.089486494,0
-0.78441482,-0.47019533,-0.59163147,-0.85955255,-0.37786573,-0.94572324,0
-0.54558487,-0.44807732,1.2116309,-0.041824479,0.59524219,1.0044245,0
0.15176469,-0.16496678,-0.18589744,0.80122024,4.8947625,1.220769,0
-0.78441482,-0.47019533,-0.59163147,-0.85955255,-0.37786573,-0.94572324,0
0.66380932,0.81264932,0.62557063,0.71050222,-0.37786573,1.0288014,0
-0.78441482,-0.47019533,-0.59163147,-0.85955255,-0.37786573,-0.94572324,0
-0.35028634,-0.43923012,0.44524439,0.28518236,-0.37786573,0.98309477,0
1.1560361,-0.42595931,-0.50146835,-0.85955255,-0.37786573,-0.94572324,0
-0.78441482,-0.47019533,-0.59163147,-0.85955255,-0.37786573,-0.94572324,0
-0.78441482,-0.47019533,-0.59163147,-0.85955255,-0.37786573,-0.94572324,0
2.4867085,-0.45250093,-0.54654991,-0.85955255,-0.37786573,-0.94572324,0
0.038447504,-0.39057049,-0.18589744,-0.85955255,-0.37786573,-0.94572324,0
-0.78441482,-0.47019533,-0.59163147,-0.85955255,-0.37786573,-0.94572324,0
0.67956193,1.3213636,0.2198366,0.75396248,-0.37786573,0.88863449,0
0.39533736,0.37471269,-0.27606055,0.44931869,3.3353863,0.8429279,0
0.40329836,-0.3994177,-0.50146835,1.7138858,-0.37786573,0.91910555,0
0.13245504,0.034095321,1.5272018,0.70797055,0.22453598,1.2238161,0
-0.78441482,-0.47019533,-0.59163147,-0.85955255,-0.37786573,-0.94572324,0
-0.78441482,-0.47019533,-0.59163147,-0.85955255,-0.37786573,-0.94572324,0
0.51881752,0.29951146,0.30999972,1.8404691,0.23915482,1.2024864,0
-0.2474709,-0.37729969,0.71573375,0.40501454,-0.37786573,0.9983303,0
5.9861601,-0.42595931,-0.50146835,-0.85955255,-0.37786573,-0.94572324,0
-0.78441482,-0.47019533,-0.59163147,-0.85955255,-0.37786573,-0.94572324,0
0.082656451,-0.018987906,0.2198366,0.37168094,0.8490635,1.2542872,0
2.1020399,4.975259,-0.050652758,-0.85955255,-0.37786573,-0.94572324,0
-0.78441482,-0.47019533,-0.59163147,-0.85955255,-0.37786573,-0.94572324,0
-0.071651407,0.29066425,1.8427727,0.002901617,-0.37786573,1.3091351,0
-0.78441482,-0.47019533,-0.59163147,-0.85955255,-0.37786573,-0.94572324,0
-0.032354565,-0.45250093,-0.36622367,1.174219,-0.37786573,1.1963922,0
-0.15973054,-0.24901522,1.0763862,0.10585603,0.039298111,1.3030409,0
-0.78441482,-0.47019533,-0.59163147,-0.85955255,-0.37786573,-0.94572324,0
-0.78441482,-0.47019533,-0.59163147,-0.85955255,-0.37786573,-0.94572324,0
-0.78441482,-0.47019533,-0.59163147,-0.85955255,-0.37786573,-0.94572324,0
0.59893565,0.55608039,0.26491816,0.93666437,0.53561443,1.047084,0
-0.15702041,-0.45250093,1.301794,-0.85955255,-0.37786573,-0.94572324,0
0.33402073,0.14468538,-0.230979,0.65353974,1.346631,1.2542872,0
0.1924166,-0.24901522,-0.41130523,0.71472166,-0.37786573,1.01966,0
-0.78441482,-0.47019533,-0.59163147,-0.85955255,-0.37786573,-0.94572324,0
-0.78441482,-0.47019533,-0.59163147,-0.85955255,-0.37786573,-0.94572324,0
0.051659373,-0.34633447,-0.095734317,1.6991177,-0.37786573,0.96176503,0
-0.78441482,-0.47019533,-0.59163147,-0.85955255,-0.37786573,-0.94572324,0
-0.78441482,-0.47019533,-0.59163147,-0.85955255,-0.37786573,-0.94572324,0
0.42108357,0.05178973,-0.41130523,1.083501,-0.37786573,0.90996423,0
0.44174828,-0.45250093,0.26491816,-0.85955255,-0.37786573,-0.94572324,0
-0.28151687,-0.41268851,0.58048907,0.44974064,0.51872374,0.96785924,0
-0.78441482,-0.47019533,-0.59163147,-0.85955255,-0.37786573,-0.94572324,0
-0.042348159,0.11372016,0.08459192,1.6117753,-0.37786573,1.220769,0
-0.78441482,-0.47019533,-0.59163147,-0.85955255,-0.37786573,-0.94572324,0
-0.073175854,-0.42595931,-0.14081588,-0.85955255,-0.37786573,-0.94572324,0
0.12601848,-0.195932,0.08459192,0.91303549,-0.37786573,1.4767259,0
1.5574737,4.9133286,-0.27606055,0.82020774,-0.37786573,0.13599934,0
-0.78441482,-0.47019533,-0.59163147,-0.85955255,-0.37786573,-0.94572324,0
1.3669179,1.9627859,-0.50146835,-0.85955255,-0.37786573,-0.94572324,0
-0.78441482,-0.47019533,-0.59163147,-0.85955255,-0.37786573,-0.94572324,0
1.1797498,0.44106673,0.35508128,-0.85955255,-0.37786573,-0.94572324,0
-0.78441482,-0.47019533,-0.59163147,-0.85955255,-0.37786573,-0.94572324,0
-0.10840751,-0.43480652,-0.36622367,0.34341067,-0.37786573,1.3335119,0
-0.78441482,-0.47019533,-0.59163147,-0.85955255,-0.37786573,-0.94572324,0
1.0769343,1.4186828,-0.14081588,0.94594714,-0.37786573,0.49860494,0
-0.78441482,-0.47019533,-0.59163147,-0.85955255,-0.37786573,-0.94572324,0
0.23696431,-0.45250093,-0.45638679,0.54299033,-0.37786573,0.86730475,0
0.79270974,0.25085183,-0.230979,0.58476282,1.9527532,1.1263087,0
-0.014569356,-0.4082649,-0.27606055,1.0316018,-0.37786573,0.79417421,0
7.9518491,-0.43038291,-0.54654991,-0.85955255,-0.37786573,-0.94572324,0
1.1009867,2.6484442,-0.45638679,-0.85955255,-0.37786573,-0.94572324,0
-0.78441482,-0.47019533,-0.59163147,-0.85955255,-0.37786573,-0.94572324,0
0.15193407,-0.37729969,-0.27606055,-0.85955255,-0.37786573,-0.94572324,0
1.2295483,1.5646617,-0.32114211,1.3906764,1.2139749,1.1445914,0
-0.061149665,-0.45250093,-0.36622367,-0.85955255,-0.37786573,-0.94572324,0
-0.18022587,-0.43923012,0.67065219,0.67379306,-0.37786573,1.0348956,0
-0.78441482,-0.47019533,-0.59163147,-0.85955255,-0.37786573,-0.94572324,0
-0.046921498,-0.31536926,-0.0055711987,-0.85955255,-0.37786573,-0.94572324,0
0.33232691,0.77283689,0.08459192,-0.85955255,-0.37786573,-0.94572324,0
-0.78441482,-0.47019533,-0.59163147,-0.85955255,-0.37786573,-0.94572324,0
-0.78441482,-0.47019533,-0.59163147,-0.85955255,-0.37786573,-0.94572324,0
-0.11823172,-0.38172329,0.30999972,1.4413098,-0.37786573,0.37062649,0
-0.78441482,-0.47019533,-0.59163147,-0.85955255,-0.37786573,-0.94572324,0
0.87638491,4.2409411,-0.050652758,-0.85955255,-0.37786573,-0.94572324,0
0.21342008,0.096025752,0.08459192,0.021045222,0.42505119,1.0745079,0
-0.78441482,-0.47019533,-0.59163147,-0.85955255,-0.37786573,-0.94572324,0
0.48815921,3.9268653,0.35508128,0.74889915,-0.37786573,0.72104367,0
-0.78441482,-0.47019533,-0.59163147,-0.85955255,-0.37786573,-0.94572324,0
0.18902894,0.21546301,0.76081531,0.72906777,0.27639336,1.220769,0
-0.098922061,-0.30209845,0.85097843,0.31429652,-0.37786573,0.92824687,0
-0.0047451458,-0.2136264,-0.050652758,0.66197862,-0.37786573,1.1872509,0
0.61926161,1.3346344,-0.18589744,0.87759216,-0.37786573,1.3152293,0
-0.78441482,-0.47019533,-0.59163147,-0.85955255,-0.37786573,-0.94572324,0
0.35248348,0.53396237,0.12967348,0.87801411,-0.37786573,1.2146748,0
0.93024868,-0.44807732,-0.45638679,-0.85955255,-0.37786573,-0.94572324,0
0.17717213,-0.41711211,-0.14081588,0.61936225,-0.37786573,0.78808,0
-0.27982304,-0.21805001,-0.18589744,0.88645299,-0.37786573,0.56868837,0
0.75561487,0.52069157,-0.27606055,0.39109038,-0.37786573,0.75760894,0
-0.78441482,-0.47019533,-0.59163147,-0.85955255,-0.37786573,-0.94572324,0
-0.2395099,-0.43480652,-0.0055711987,0.8932041,-0.37786573,1.5772804,0
-0.78441482,-0.47019533,-0.59163147,-0.85955255,-0.37786573,-0.94572324,0
-0.78441482,-0.47019533,-0.59163147,-0.85955255,-0.37786573,-0.94572324,0
-0.78441482,-0.47019533,-0.59163147,-0.85955255,-0.37786573,-0.94572324,0
-0.22324914,-0.33306367,-0.41130523,0.50923478,-0.37786573,0.8429279,0
-0.081645001,-0.41268851,0.35508128,0.21471766,-0.37786573,0.77893868,0
-0.0083021875,-0.28882764,-0.32114211,-0.85955255,-0.37786573,-0.94572324,0
-0.78441482,-0.47019533,-0.59163147,-0.85955255,-0.37786573,-0.94572324,0
-0.077918576,-0.31979286,0.85097843,1.5012258,-0.37786573,0.90691713,0
-0.78441482,-0.47019533,-0.59163147,-0.85955255,-0.37786573,-0.94572324,0
-0.78441482,-0.47019533,-0.59163147,-0.85955255,-0.37786573,-0.94572324,0
-0.21257801,-0.44807732,-0.27606055,0.96155908,2.1256112,1.2908525,0
-0.78441482,-0.47019533,-0.59163147,-0.85955255,-0.37786573,-0.94572324,0
0.55980819,1.0028642,-0.27606055,-0.85955255,-0.37786573,-0.94572324,0
-0.78441482,-0.47019533,-0.59163147,-0.85955255,-0.37786573,-0.94572324,0
-0.11535221,-0.44807732,-0.36622367,0.51514201,-0.37786573,0.76065604,0
-0.43463905,-0.44807732,0.08459192,-0.85955255,-0.37786573,-0.94572324,0
0.84843672,3.5818243,-0.0055711987,-0.85955255,-0.37786573,-0.94572324,0
-0.33029916,-0.42153571,0.98622311,1.8459543,-0.37786573,0.8398808,0
-0.18632366,-0.39057049,0.58048907,0.7826547,0.27270572,1.2634285,0
-0.78441482,-0.47019533,-0.59163147,-0.85955255,-0.37786573,-0.94572324,0
-0.78441482,-0.47019533,-0.59163147,-0.85955255,-0.37786573,-0.94572324,0
-0.36044932,-0.45250093,0.08459192,0.82147357,0.97473946,1.1598269,0
-0.28287193,-0.24016802,-0.32114211,-0.85955255,-0.37786573,-0.94572324,0
1.5745814,-0.45250093,-0.54654991,-0.85955255,-0.37786573,-0.94572324,0
0.34740199,-0.27998044,0.17475504,-0.85955255,-0.37786573,-0.94572324,0
-0.78441482,-0.47019533,-0.59163147,-0.85955255,-0.37786573,-0.94572324,0
-0.78441482,-0.47019533,-0.59163147,-0.85955255,-0.37786573,-0.94572324,0
-0.11907863,-0.43038291,0.26491816,1.2041771,-0.37786573,0.65096023,0
-0.78441482,-0.47019533,-0.59163147,-0.85955255,-0.37786573,-0.94572324,0
0.054030735,-0.067647531,-0.36622367,0.44003592,-0.37786573,1.0653666,0
-0.54406043,-0.45250093,1.0313047,0.19235461,0.12750505,0.95871792,0
0.36434028,0.34817108,0.35508128,0.89953327,-0.37786573,0.96481214,0
0.28693228,-0.2092028,-0.14081588,0.70290722,-0.37786573,1.1110732,0
-0.35299647,-0.076494735,2.3837514,-0.85955255,-0.37786573,-0.94572324,0
-0.78441482,-0.47019533,-0.59163147,-0.85955255,-0.37786573,-0.94572324,0
-0.78441482,-0.47019533,-0.59163147,-0.85955255,-0.37786573,-0.94572324,0
-0.78441482,-0.47019533,-0.59163147,-0.85955255,-0.37786573,-0.94572324,0
0.016258339,-0.42153571,0.94114155,2.2375187,-0.37786573,0.67228997,0
0.038955653,-0.35960528,-0.32114211,0.64130335,1.1084163,1.3457004,0
0.82269052,1.3744468,-0.230979,-0.85955255,-0.37786573,-0.94572324,0
0.29929723,-0.19150839,-0.27606055,-0.85955255,-0.37786573,-0.94572324,0
-0.78441482,-0.47019533,-0.59163147,-0.85955255,-0.37786573,-0.94572324,0
-0.78441482,-0.47019533,-0.59163147,-0.85955255,-0.37786573,-0.94572324,0
-0.14567175,-0.42153571,0.12967348,0.27210208,0.2012907,0.8398808,0
0.56234894,0.060636934,-0.27606055,0.75733804,1.8604306,0.93434108,0
-0.78441482,-0.47019533,-0.59163147,-0.85955255,-0.37786573,-0.94572324,0
-0.056576325,-0.24459162,1.1214678,0.87379467,-0.37786573,1.3121822,0
1.0193441,0.66667044,-0.0055711987,0.8750605,0.72855682,1.0562253,0
-0.78441482,-0.47019533,-0.59163147,-0.85955255,-0.37786573,-0.94572324,0
0.86910144,1.4363772,-0.050652758,-0.85955255,-0.37786573,-0.94572324,0
0.67956193,0.01197731,0.35508128,-0.85955255,-0.37786573,-0.94572324,0
1.3482858,1.8256542,-0.50146835,1.0801254,-0.37786573,0.63877181,0
-0.78441482,-0.47019533,-0.59163147,-0.85955255,-0.37786573,-0.94572324,0
-0.21342493,-0.17381398,2.2034252,-0.85955255,-0.37786573,-0.94572324,0
-0.063351643,-0.43038291,-0.0055711987,-0.85955255,-0.37786573,-0.94572324,0
0.41159812,4.5152044,-0.27606055,0.08644659,-0.37786573,0.14514066,0
-0.049123476,-0.16496678,1.6173649,0.61007947,0.071071048,1.0044245,0
0.10230487,-0.17823759,0.039510361,0.61303308,1.0782237,1.1202145,0
-0.36146562,-0.43923012,-0.32114211,-0.85955255,-0.37786573,-0.94572324,0
-0.049123476,-0.27555684,-0.27606055,-0.85955255,-0.37786573,-0.94572324,0
0.22629318,0.45433753,1.4370387,1.3573428,-0.37786573,1.7022118,0
-0.78441482,-0.47019533,-0.59163147,-0.85955255,-0.37786573,-0.94572324,0
0.18208424,-0.26228603,0.76081531,0.94890075,-0.37786573,0.97395345,0
-0.068094365,-0.27555684,-0.050652758,0.44974064,-0.37786573,1.0105187,0
-0.78441482,-0.47019533,-0.59163147,-0.85955255,-0.37786573,-0.94572324,0
-0.78441482,-0.47019533,-0.59163147,-0.85955255,-0.37786573,-0.94572324,0
-0.48020306,-0.45250093,0.58048907,1.1923626,-0.37786573,0.65096023,0
0.63315101,0.7861077,0.2198366,1.1948943,-0.37786573,1.3304648,0
0.067242604,-0.29325125,0.40016284,0.024842721,0.51961272,1.132403,0
0.088076706,-0.036682315,0.35508128,0.41767287,0.75499585,1.1842038,0
-0.78441482,-0.47019533,-0.59163147,-0.85955255,-0.37786573,-0.94572324,0
-0.78441482,-0.47019533,-0.59163147,-0.85955255,-0.37786573,-0.94572324,0
-0.065384238,-0.36402888,-0.45638679,-0.85955255,-0.37786573,-0.94572324,0
0.011176851,-0.21805001,0.26491816,-0.85955255,-0.37786573,-0.94572324,0
-0.035742224,-0.42153571,0.2198366,-0.85955255,-0.37786573,-0.94572324,0
-0.78441482,-0.47019533,-0.59163147,-0.85955255,-0.37786573,-0.94572324,0
0.36569534,0.1889214,-0.050652758,0.72569221,0.013649285,0.71190235,0
0.47020462,-0.41268851,-0.50146835,-0.85955255,-0.37786573,-0.94572324,0
0.090278684,-0.28440404,0.26491816,0.7007975,-0.37786573,1.3517946,0
-0.27440279,-0.45250093,0.44524439,-0.85955255,-0.37786573,-0.94572324,0
0.5269479,-0.11188355,-0.230979,0.40923398,-0.37786573,0.70580814,0
-0.017787632,-0.31536926,-0.27606055,0.72527027,2.4600995,1.3152293,0
0.8724891,-0.45250093,-0.095734317,-0.85955255,-0.37786573,-0.94572324,0
0.1109434,-0.42153571,-0.41130523,-0.85955255,-0.37786573,-0.94572324,0
0.026590698,-0.44807732,-0.41130523,-0.85955255,-0.37786573,-0.94572324,0
-0.11399714,-0.28882764,0.49032595,0.93919603,0.97473946,1.0379427,0
-0.78441482,-0.47019533,-0.59163147,-0.85955255,-0.37786573,-0.94572324,0
1.0706671,4.886787,-0.18589744,1.2835026,-0.37786573,0.87339896,0
-0.029136289,0.13141457,1.6173649,0.84974384,-0.37786573,0.90082291,0
-0.78441482,-0.47019533,-0.59163147,-0.85955255,-0.37786573,-0.94572324,0
-0.78441482,-0.47019533,-0.59163147,-0.85955255,-0.37786573,-0.94572324,0
0.62874705,0.82592012,0.44524439,2.030766,-0.37786573,1.01966,0
-0.27186204,-0.41711211,0.44524439,1.8223255,0.52102851,1.0501311,0
-0.30438357,-0.2136264,5.088645,-0.17473694,-0.37786573,1.0714608,0
0.72123014,2.3830281,-0.36622367,-0.85955255,-0.37786573,-0.94572324,0
-0.16633647,-0.44807732,0.35508128,-0.85955255,-0.37786573,-0.94572324,0
-0.37992836,-0.39057049,0.76081531,-0.85955255,-0.37786573,-0.94572324,0
-0.58793061,-0.45250093,0.12967348,-0.85955255,-0.37786573,-0.94572324,0
-0.2633929,-0.41268851,1.0763862,0.16914767,-0.37786573,1.4736788,0
-0.37501625,-0.31094565,1.4370387,0.20585683,0.59524219,1.4249251,0
-0.062674111,-0.43038291,0.12967348,-0.85955255,-0.37786573,-0.94572324,0
-0.78441482,-0.47019533,-0.59163147,-0.85955255,-0.37786573,-0.94572324,0
-0.33097669,-0.44365372,0.44524439,1.2489032,-0.37786573,0.87339896,0
-0.78441482,-0.47019533,-0.59163147,-0.85955255,-0.37786573,-0.94572324,0
-0.17954834,-0.38172329,0.85097843,0.98856352,-0.37786573,0.5839239,0
1.3413411,1.0426766,-0.50146835,1.2391984,3.1144903,0.91605844,0
0.76340649,-0.45250093,-0.45638679,-0.85955255,-0.37786573,-0.94572324,0
-0.20800467,-0.44365372,0.67065219,-0.85955255,-0.37786573,-0.94572324,0
-0.78441482,-0.47019533,-0.59163147,-0.85955255,-0.37786573,-0.94572324,0
-0.5503276,-0.45250093,1.301794,-0.85955255,-0.37786573,-0.94572324,0
0.69954912,2.0025983,-0.41130523,0.42147037,4.1632606,-0.27231285,0
0.86791576,1.6398629,-0.14081588,-0.85955255,-0.37786573,-0.94572324,0
-0.78441482,-0.47019533,-0.59163147,-0.85955255,-0.37786573,-0.94572324,0
-0.39314023,-0.30652205,-0.050652758,0.27547764,1.7706104,1.1598269,0
0.64551596,-0.36402888,-0.50146835,-0.85955255,-0.37786573,-0.94572324,0
-0.78441482,-0.47019533,-0.59163147,-0.85955255,-0.37786573,-0.94572324,0
-0.78441482,-0.47019533,-0.59163147,-0.85955255,-0.37786573,-0.94572324,0
1.3809767,3.829546,-0.050652758,-0.85955255,-0.37786573,-0.94572324,0
-0.78441482,-0.47019533,-0.59163147,-0.85955255,-0.37786573,-0.94572324,0
0.25458014,-0.2003556,0.30999972,0.86198022,0.37484008,1.6168928,0
-0.42396792,-0.41711211,2.2034252,-0.85955255,-0.37786573,-0.94572324,0
-0.78441482,-0.47019533,-0.59163147,-0.85955255,-0.37786573,-0.94572324,0
-0.78441482,-0.47019533,-0.59163147,-0.85955255,-0.37786573,-0.94572324,0
-0.78441482,-0.47019533,-0.59163147,-0.85955255,-0.37786573,-0.94572324,0
-0.78441482,-0.47019533,-0.59163147,-0.85955255,-0.37786573,-0.94572324,0
-0.78441482,-0.47019533,-0.59163147,-0.85955255,-0.37786573,-0.94572324,0
0.49036119,0.060636934,-0.32114211,1.0316018,-0.37786573,1.0958377,0
0.85419574,4.541746,-0.50146835,2.2603037,-0.37786573,1.1842038,0
-0.78441482,-0.47019533,-0.59163147,-0.85955255,-0.37786573,-0.94572324,0
-0.78441482,-0.47019533,-0.59163147,-0.85955255,-0.37786573,-0.94572324,0
0.13635084,-0.35518168,-0.27606055,-0.85955255,-0.37786573,-0.94572324,0
-0.15820609,-0.37287609,-0.36622367,-0.85955255,-0.37786573,-0.94572324,0
-0.19818046,-0.43923012,0.039510361,0.68349778,-0.37786573,1.4279722,0
-0.78441482,-0.47019533,-0.59163147,-0.85955255,-0.37786573,-0.94572324,0
-0.29455936,-0.16054318,0.58048907,0.92274021,0.97974411,0.80636263,0
1.3027218,2.2547436,-0.45638679,1.969584,2.2694619,1.2695227,0
0.20816921,-0.063223929,0.26491816,0.92695965,0.40279368,1.3030409,0
0.28947302,0.087178548,0.35508128,-0.28570829,1.909226,0.74846762,0
-0.050647923,-0.25343882,0.30999972,0.86999717,0.97931608,1.1506856,0
-0.78441482,-0.47019533,-0.59163147,-0.85955255,-0.37786573,-0.94572324,0
1.1729744,5.0548839,-0.27606055,1.7480633,-0.37786573,0.24264805,0
1.9645009,5.0504603,-0.32114211,2.3746506,-0.37786573,0.82464527,0
-0.78441482,-0.47019533,-0.59163147,-0.85955255,-0.37786573,-0.94572324,0
0.21155687,-0.28882764,0.26491816,-0.85955255,-0.37786573,-0.94572324,0
2.3215602,0.52511517,-0.41130523,1.0775938,1.0224483,0.66010155,0
-0.78441482,-0.47019533,-0.59163147,-0.85955255,-0.37786573,-0.94572324,0
0.38212549,0.89669776,0.49032595,1.0725304,0.043545478,1.5254796,0
0.092141896,0.082754945,0.2198366,1.6126191,0.84669288,1.3975012,0
1.2483498,3.9622541,-0.45638679,-0.85955255,-0.37786573,-0.94572324,0
-0.78441482,-0.47019533,-0.59163147,-0.85955255,-0.37786573,-0.94572324,0
-0.78441482,-0.47019533,-0.59163147,-0.85955255,-0.37786573,-0.94572324,0
-0.78441482,-0.47019533,-0.59163147,-0.85955255,-0.37786573,-0.94572324,0
-0.11890925,-0.42153571,0.08459192,-0.85955255,-0.37786573,-0.94572324,0
0.48748168,0.48972635,0.08459192,-0.85955255,-0.37786573,-0.94572324,0
-0.78441482,-0.47019533,-0.59163147,-0.85955255,-0.37786573,-0.94572324,0
-0.78441482,-0.47019533,-0.59163147,-0.85955255,-0.37786573,-0.94572324,0
0.39432106,-0.24901522,-0.27606055,1.3624062,-0.37786573,1.3792185,0
0.80490531,0.1889214,-0.230979,1.5788636,-0.37786573,1.2908525,0
0.040141333,0.83476733,0.89605999,1.3290726,-0.37786573,1.1811567,0
0.32301084,0.36144189,-0.050652758,0.074632149,-0.37786573,1.1476385,0
1.8137501,1.2240443,-0.50146835,1.5083989,2.8370945,0.57478259,0
0.17395386,-0.45250093,-0.36622367,1.2282279,2.3084455,0.72409077,0
-0.78441482,-0.47019533,-0.59163147,-0.85955255,-0.37786573,-0.94572324,0
-0.14770435,-0.34191087,-0.230979,0.68012223,1.5145172,1.1811567,0
-0.78441482,-0.47019533,-0.59163147,-0.85955255,-0.37786573,-0.94572324,0
0.38263364,1.2151971,-0.0055711987,0.49995201,-0.37786573,0.74237341,0
-0.78441482,-0.47019533,-0.59163147,-0.85955255,-0.37786573,-0.94572324,0
-0.78441482,-0.47019533,-0.59163147,-0.85955255,-0.37786573,-0.94572324,0
-0.78441482,-0.47019533,-0.59163147,-0.85955255,-0.37786573,-0.94572324,0
-0.78441482,-0.47019533,-0.59163147,-0.85955255,-0.37786573,-0.94572324,0
-0.78441482,-0.47019533,-0.59163147,-0.85955255,-0.37786573,-0.94572324,0
0.18123732,-0.13400156,-0.0055711987,0.76957442,1.8417291,1.0105187,0
1.9943123,3.8162752,-0.18589744,1.2510129,-0.37786573,0.39195623,0
1.1306287,3.8605113,-0.18589744,-0.85955255,-0.37786573,-0.94572324,0
0.30607255,-0.24016802,-0.41130523,0.36239817,-0.37786573,0.87644607,0
-0.78441482,-0.47019533,-0.59163147,-0.85955255,-0.37786573,-0.94572324,0
0.48544908,0.29951146,0.40016284,0.30037235,-0.37786573,0.92519976,0
0.85521204,2.5157362,-0.36622367,1.0050193,-0.37786573,0.7393263,0
-0.78441482,-0.47019533,-0.59163147,-0.85955255,-0.37786573,-0.94572324,0
-0.2325652,-0.45250093,-0.41130523,-0.85955255,-0.37786573,-0.94572324,0
0.32910863,1.6044741,-0.14081588,-0.85955255,-0.37786573,-0.94572324,0
-0.78441482,-0.47019533,-0.59163147,-0.85955255,-0.37786573,-0.94572324,0
0.182423,0.36586549,0.49032595,1.1729532,0.28581,0.87339896,0
0.16616224,-0.29767485,-0.14081588,-0.85955255,-0.37786573,-0.94572324,0
0.60571097,1.1134543,-0.27606055,-0.85955255,-0.37786573,-0.94572324,0
0.42023665,0.25969903,-0.36622367,0.71134611,-0.37786573,1.0044245,0
1.0312009,0.95862819,-0.230979,-0.85955255,-0.37786573,-0.94572324,0
-0.33622756,-0.45250093,-0.18589744,1.4649386,-0.37786573,0.56564127,0
0.91500422,0.21988661,0.039510361,0.53159783,-0.37786573,0.87949317,0
-0.27372525,-0.35075807,0.35508128,-0.85955255,-0.37786573,-0.94572324,0
-0.20986789,-0.23132081,3.1050564,0.018935501,0.34346224,1.0013774,0
-0.78441482,-0.47019533,-0.59163147,-0.85955255,-0.37786573,-0.94572324,0
-0.78441482,-0.47019533,-0.59163147,-0.85955255,-0.37786573,-0.94572324,0
-0.1034954,-0.34633447,-0.14081588,1.6615647,0.9991042,0.73323209,0
-0.78441482,-0.47019533,-0.59163147,-0.85955255,-0.37786573,-0.94572324,0
-0.78441482,-0.47019533,-0.59163147,-0.85955255,-0.37786573,-0.94572324,0
-0.33419496,-0.43038291,3.150138,0.16914767,-0.37786573,1.2908525,0
-0.78441482,-0.47019533,-0.59163147,-0.85955255,-0.37786573,-0.94572324,0
-0.23019384,-0.38614689,1.4370387,0.64678863,0.15993649,1.0501311,0
0.16683977,-0.12957796,0.26491816,0.40121704,-0.37786573,0.90387002,0
-0.097566997,-0.3949941,-0.32114211,-0.85955255,-0.37786573,-0.94572324,0
-0.036589139,-0.37287609,0.44524439,0.19277655,-0.37786573,1.0531782,0
-0.78441482,-0.47019533,-0.59163147,-0.85955255,-0.37786573,-0.94572324,0
0.043190226,-0.38172329,-0.14081588,0.57969948,0.9790856,1.4157838,0
-0.41787014,-0.44365372,3.150138,-0.85955255,-0.37786573,-0.94572324,0
0.78576504,1.0913363,0.71573375,0.52611256,-0.37786573,0.76979736,0
0.87604614,5.0416131,-0.050652758,-0.85955255,-0.37786573,-0.94572324,0
-0.14160656,-0.35075807,0.44524439,-0.85955255,-0.37786573,-0.94572324,0
-0.001357487,-0.34633447,0.08459192,-0.85955255,-0.37786573,-0.94572324,0
1.3084808,3.0377212,-0.14081588,-0.85955255,-0.37786573,-0.94572324,0
-0.78441482,-0.47019533,-0.59163147,-0.85955255,-0.37786573,-0.94572324,0
-0.78441482,-0.47019533,-0.59163147,-0.85955255,-0.37786573,-0.94572324,0
-0.78441482,-0.47019533,-0.59163147,-0.85955255,-0.37786573,-0.94572324,0
0.75307413,-0.44365372,-0.50146835,-0.85955255,-0.37786573,-0.94572324,0
-0.78441482,-0.47019533,-0.59163147,-0.85955255,-0.37786573,-0.94572324,0
0.30861329,-0.31536926,-0.0055711987,-0.85955255,-0.37786573,-0.94572324,0
0.8010095,1.1842319,-0.36622367,-0.85955255,-0.37786573,-0.94572324,0
1.0981072,3.2412069,0.2198366,1.4594534,-0.37786573,0.77589157,0
0.33571456,0.62243442,-0.14081588,0.58054337,-0.37786573,0.81245684,0
0.45479077,0.18007419,-0.0055711987,1.1117713,-0.37786573,1.1963922,0
0.34553877,1.060371,0.08459192,-0.85955255,-0.37786573,-0.94572324,0
0.29878908,-0.15611958,1.0763862,-0.85955255,-0.37786573,-0.94572324,0
-0.42871065,-0.42153571,1.2567125,0.42779953,-0.37786573,0.69361971,0
-0.78441482,-0.47019533,-0.59163147,-0.85955255,-0.37786573,-0.94572324,0
0.004401533,-0.14727237,0.58048907,1.1569193,0.5306427,1.1263087,0
-0.39991555,-0.32864006,0.62557063,-0.39836742,-0.37786573,0.76370315,0
0.20562847,-0.18708479,1.2567125,0.76155748,-0.14310818,1.2299103,0
-0.78441482,-0.47019533,-0.59163147,-0.85955255,-0.37786573,-0.94572324,0
1.2405582,1.7371822,-0.095734317,1.5273864,-0.37786573,1.0745079,0
-0.78441482,-0.47019533,-0.59163147,-0.85955255,-0.37786573,-0.94572324,0
0.0018607889,-0.17381398,-0.14081588,0.38982455,1.2859167,1.1842038,0
0.081640154,-0.44807732,-0.41130523,-0.85955255,-0.37786573,-0.94572324,0
-0.78441482,-0.47019533,-0.59163147,-0.85955255,-0.37786573,-0.94572324,0
-0.78441482,-0.47019533,-0.59163147,-0.85955255,-0.37786573,-0.94572324,0
-0.78441482,-0.47019533,-0.59163147,-0.85955255,-0.37786573,-0.94572324,0
-0.57421059,-0.44365372,0.98622311,0.61007947,0.51174357,0.70885524,0
0.48798983,0.48530275,-0.14081588,1.1860335,0.40845683,1.2512401,0
-0.78441482,-0.47019533,-0.59163147,-0.85955255,-0.37786573,-0.94572324,0
-0.011181697,0.20661581,1.8427727,0.20332516,-0.032577868,0.76370315,0
-0.20190689,-0.45250093,0.89605999,0.78982775,0.38616639,0.66619576,0
-0.54626241,-0.45250093,-0.59163147,-0.85955255,-0.37786573,-0.94572324,0
-0.31369963,-0.41711211,0.67065219,-0.85955255,-0.37786573,-0.94572324,0
-0.78441482,-0.47019533,-0.59163147,-0.85955255,-0.37786573,-0.94572324,0
-0.24933411,-0.39057049,-0.18589744,-0.85955255,-0.37786573,-0.94572324,0
-0.0015268699,-0.43480652,0.12967348,0.62780113,0.5962958,1.0775551,0
0.098747831,-0.35960528,-0.32114211,-0.85955255,-0.37786573,-0.94572324,0
0.023711188,-0.35518168,-0.18589744,0.53328561,1.384989,1.0836493,0
0.54456373,-0.37287609,-0.45638679,-0.85955255,-0.37786573,-0.94572324,0
-0.078087959,-0.37729969,-0.32114211,0.40923398,-0.37786573,1.2664756,0
-0.78441482,-0.47019533,-0.59163147,-0.85955255,-0.37786573,-0.94572324,0
0.23764184,0.20661581,-0.14081588,0.71387777,0.96097667,1.162874,0
-0.78441482,-0.47019533,-0.59163147,-0.85955255,-0.37786573,-0.94572324,0
-0.58894691,-0.43923012,-0.59163147,0.4818084,-0.37786573,0.09943407,0
0.60266208,4.3028715,-0.27606055,-0.85955255,-0.37786573,-0.94572324,0
0.36467905,-0.13842517,-0.230979,-0.85955255,-0.37786573,-0.94572324,0
-0.78441482,-0.47019533,-0.59163147,-0.85955255,-0.37786573,-0.94572324,0
-0.78441482,-0.47019533,-0.59163147,-0.85955255,-0.37786573,-0.94572324,0
2.7790635,-0.34191087,-0.36622367,-0.85955255,-0.37786573,-0.94572324,0
-0.78441482,-0.47019533,-0.59163147,-0.85955255,-0.37786573,-0.94572324,0
-0.78441482,-0.47019533,-0.59163147,-0.85955255,-0.37786573,-0.94572324,0
-0.54287475,-0.43480652,0.49032595,0.50121784,-0.37786573,0.4254744,0
-0.041162478,-0.3949941,-0.095734317,0.77337192,1.2160491,0.70885524,0
0.59063589,0.3835599,-0.095734317,0.7826547,0.52754772,1.0806022,0
-0.78441482,-0.47019533,-0.59163147,-0.85955255,-0.37786573,-0.94572324,0
-0.78441482,-0.47019533,-0.59163147,-0.85955255,-0.37786573,-0.94572324,0
-0.33029916,-0.45250093,0.12967348,-0.85955255,-0.37786573,-0.94572324,0
-0.78441482,-0.47019533,-0.59163147,-0.85955255,-0.37786573,-0.94572324,0
0.23865814,-0.37729969,-0.50146835,1.3143045,5.4315441,1.7418241,0
-0.055898794,-0.22689721,0.30999972,0.66282251,-0.37786573,1.2451459,0
0.15210346,-0.13842517,-0.230979,-0.85955255,-0.37786573,-0.94572324,0
-0.78441482,-0.47019533,-0.59163147,-0.85955255,-0.37786573,-0.94572324,0
-0.12602333,0.056213332,1.0763862,1.2278059,0.67679821,0.57782969,0
0.66482562,2.1883896,0.53540751,2.3729628,0.72365095,0.7362792,0
-0.78441482,-0.45250093,2.023099,-0.85955255,-0.37786573,-0.94572324,0
-0.78441482,-0.47019533,-0.59163147,-0.85955255,-0.37786573,-0.94572324,0
0.1109434,-0.12073076,0.12967348,0.81514441,0.41385658,1.0409898,0
-0.42379854,-0.45250093,-0.14081588,-0.85955255,-0.37786573,-0.94572324,0
2.4557114,-0.44365372,-0.41130523,-0.85955255,-0.37786573,-0.94572324,0
-0.080628703,-0.32864006,1.1665493,0.81303469,-0.37786573,1.0440369,0
-0.20614146,-0.42153571,0.17475504,2.1189523,-0.37786573,0.62963049,0
-0.78441482,-0.47019533,-0.59163147,-0.85955255,-0.37786573,-0.94572324,0
0.4912081,-0.27998044,-0.32114211,0.85522912,1.6737441,1.1720153,0
-0.78441482,-0.47019533,-0.59163147,-0.85955255,-0.37786573,-0.94572324,0
0.3333432,0.971899,0.49032595,0.69573417,-0.37786573,1.0257543,0
0.042682078,-0.34633447,1.2116309,-0.85955255,-0.37786573,-0.94572324,0
-0.12805593,-0.44365372,-0.14081588,0.71219,0.81491994,1.0257543,0
-0.48088059,-0.39057049,1.3468756,0.5969992,-0.37786573,0.90387002,0
-0.35401277,-0.36845248,0.039510361,0.58096532,0.75921029,1.1506856,0
-0.78441482,-0.47019533,-0.59163147,-0.85955255,-0.37786573,-0.94572324,0
0.3909334,-0.14727237,-0.41130523,0.83455385,6.3690597,0.87644607,0
0.17209064,-0.32421646,0.039510361,0.54763172,1.4032625,1.220769,0
-0.78441482,-0.47019533,-0.59163147,-0.85955255,-0.37786573,-0.94572324,0
0.041327014,-0.24016802,1.5722834,1.8687393,0.56307415,1.2999938,0
0.13008367,-0.16939038,-0.41130523,1.2742198,-0.37786573,0.71799656,0
-0.55828859,-0.43923012,5.8550315,-0.85955255,-0.37786573,-0.94572324,0
-0.087404021,-0.2092028,-0.14081588,0.17336712,2.126599,1.132403,0
-0.29964084,-0.45250093,0.2198366,-0.85955255,-0.37786573,-0.94572324,0
-0.13788014,-0.43480652,0.30999972,-0.85955255,-0.37786573,-0.94572324,0
-0.14634928,-0.054376724,1.9780174,1.136244,-0.0042620907,1.104979,0
2.3112278,0.17565059,-0.230979,0.84636829,0.55978161,0.87339896,0
0.12534095,-0.17823759,0.44524439,0.63202058,0.52850256,1.1263087,0
-0.15973054,-0.18708479,0.2198366,-0.85955255,-0.37786573,-0.94572324,0
0.12771231,-0.42595931,0.26491816,0.91092576,-0.37786573,1.6565052,0
-0.78441482,-0.47019533,-0.59163147,-0.85955255,-0.37786573,-0.94572324,0
-0.78441482,-0.47019533,-0.59163147,-0.85955255,-0.37786573,-0.94572324,0
0.40431466,0.70205926,-0.41130523,0.68813917,-0.37786573,1.1019319,0
-0.78441482,-0.47019533,-0.59163147,-0.85955255,-0.37786573,-0.94572324,0
-0.78441482,-0.47019533,-0.59163147,-0.85955255,-0.37786573,-0.94572324,0
0.10044166,-0.13400156,0.30999972,0.078007704,0.45109512,1.1842038,0
0.11026587,-0.023411508,0.67065219,0.049737435,0.0036399867,0.90996423,0
-0.78441482,-0.47019533,-0.59163147,-0.85955255,-0.37786573,-0.94572324,0
-0.78441482,-0.47019533,-0.59163147,-0.85955255,-0.37786573,-0.94572324,0
-0.78441482,-0.47019533,-0.59163147,-0.85955255,-0.37786573,-0.94572324,0
-0.78441482,-0.47019533,-0.59163147,-0.85955255,-0.37786573,-0.94572324,0
0.10941896,-0.25786243,-0.32114211,-0.85955255,-0.37786573,-0.94572324,0
-0.33842954,-0.24901522,2.6542408,0.03750105,-0.37786573,1.3517946,0
-0.78441482,-0.47019533,-0.59163147,-0.85955255,-0.37786573,-0.94572324,0
-0.35773919,-0.4038413,0.039510361,-0.26461107,3.1894284,0.65096023,0
-0.27169266,-0.36845248,0.40016284,0.017669668,1.0111219,1.4432078,0
0.25712088,-0.32864006,-0.41130523,-0.85955255,-0.37786573,-0.94572324,0
-0.059794601,-0.45250093,-0.0055711987,2.0096687,-0.37786573,0.86121054,0
-0.23493656,-0.43480652,-0.18589744,0.48223035,-0.37786573,1.1445914,0
1.2310728,0.76398969,-0.32114211,0.97295158,-0.37786573,0.88863449,0
-0.35621475,-0.3994177,1.1214678,1.0877204,1.2326106,0.46203967,0
-0.0093184852,-0.45250093,-0.0055711987,0.88349938,0.76875864,1.0501311,0
-0.78441482,-0.47019533,-0.59163147,-0.85955255,-0.37786573,-0.94572324,0
-0.78441482,-0.47019533,-0.59163147,-0.85955255,-0.37786573,-0.94572324,0
-0.0083021875,-0.37287609,-0.36622367,1.4662045,-0.37786573,1.0806022,0
-0.32013618,-0.44807732,-0.36622367,0.12146797,-0.37786573,1.2390517,0
1.6533445,-0.45250093,-0.45638679,-0.85955255,-0.37786573,-0.94572324,0
0.15193407,-0.17381398,-0.32114211,0.44003592,-0.37786573,1.1506856,0
0.35807311,0.060636934,0.62557063,0.68813917,-0.029384112,1.3548417,0
-0.059455835,0.01197731,1.0763862,2.2012315,0.39693297,1.1933451,0
-0.24476077,-0.38172329,-0.32114211,0.80712747,3.6836045,0.85816343,0
0.23103591,0.20661581,0.2198366,1.0320238,0.21370355,1.2817111,0
0.70479999,-0.10745995,-0.095734317,1.2316034,-0.37786573,1.0684137,0
-0.78441482,-0.47019533,-0.59163147,-0.85955255,-0.37786573,-0.94572324,0
0.17327632,0.020824514,2.3837514,0.30881124,-0.37786573,0.9983303,0
-0.78441482,-0.47019533,-0.59163147,-0.85955255,-0.37786573,-0.94572324,0
0.53626397,0.073907741,-0.27606055,-0.85955255,-0.37786573,-0.94572324,0
0.39669242,-0.43480652,-0.45638679,-0.85955255,-0.37786573,-0.94572324,0
-0.78441482,-0.47019533,-0.59163147,-0.85955255,-0.37786573,-0.94572324,0
-0.11806233,-0.45250093,-0.230979,-0.85955255,-0.37786573,-0.94572324,0
0.55252473,0.86573254,-0.095734317,0.6265353,-0.37786573,1.0866964,0
-0.78441482,-0.47019533,-0.59163147,-0.85955255,-0.37786573,-0.94572324,0
0.25847594,0.29508785,-0.0055711987,0.41851676,0.81491994,0.9434824,0
-0.78441482,-0.47019533,-0.59163147,-0.85955255,-0.37786573,-0.94572324,0
0.67329476,0.81707292,-0.27606055,0.77759136,1.8190764,1.1263087,0
-0.78441482,-0.47019533,-0.59163147,-0.85955255,-0.37786573,-0.94572324,0
0.19021462,-0.45250093,-0.230979,1.3189459,1.3572988,0.88863449,0
-0.78441482,-0.47019533,-0.59163147,-0.85955255,-0.37786573,-0.94572324,0
-0.32606458,-0.34191087,2.6542408,0.87252883,-0.37786573,1.2512401,0
-0.78441482,-0.47019533,-0.59163147,-0.85955255,-0.37786573,-0.94572324,0
-0.10908504,-0.3949941,0.44524439,1.5847708,-0.37786573,0.98309477,0
-0.78441482,-0.47019533,-0.59163147,-0.85955255,-0.37786573,-0.94572324,0
0.93075683,3.1571585,0.58048907,1.848486,0.069655259,0.64791313,0
2.1338839,2.6130554,-0.41130523,-0.85955255,-0.37786573,-0.94572324,0
-0.78441482,-0.47019533,-0.59163147,-0.85955255,-0.37786573,-0.94572324,0
-0.11772357,-0.42153571,-0.0055711987,-0.85955255,-0.37786573,-0.94572324,0
0.8894274,-0.44365372,0.12967348,-0.85955255,-0.37786573,-0.94572324,0
-0.78441482,-0.47019533,-0.59163147,-0.85955255,-0.37786573,-0.94572324,0
-0.44886722,-0.3949941,0.44524439,0.021889111,-0.37786573,1.1415443,0
0.066056923,-0.31094565,0.12967348,0.64383502,-0.37786573,0.62048917,0
-0.052341752,-0.44807732,0.12967348,0.87379467,0.88452407,0.76675026,0
0.0050790648,-0.35075807,-0.050652758,0.46661841,-0.37786573,1.4096896,0
0.57420574,0.89227416,-0.18589744,1.2927854,1.1825312,1.2390517,0
0.071307794,-0.18266119,0.35508128,0.4303312,0.28231992,1.3944541,0
0.018799083,-0.24016802,1.0313047,0.77252803,0.15384531,1.2908525,0
1.5305418,4.2542119,0.35508128,-0.85955255,-0.37786573,-0.94572324,0
0.074356687,-0.45250093,-0.27606055,-0.85955255,-0.37786573,-0.94572324,0
0.94481562,-0.076494735,0.12967348,0.80754941,0.31537694,1.0866964,0
-0.78441482,-0.47019533,-0.59163147,-0.85955255,-0.37786573,-0.94572324,0
-0.42142718,-0.44365372,1.3919571,0.42864342,-0.030108469,0.78808,0
-0.31911988,-0.42595931,-0.230979,0.98012463,-0.37786573,1.1384972,0
-0.15668164,-0.3994177,0.2198366,0.86029245,0.59033631,1.2177219,0
-0.78441482,-0.47019533,-0.59163147,-0.85955255,-0.37786573,-0.94572324,0
0.50865455,2.9757908,-0.14081588,1.0590282,1.0753922,0.30359016,0
0.13652023,-0.089765542,-0.095734317,-0.85955255,-0.37786573,-0.94572324,0
-0.21545752,-0.4038413,0.49032595,-0.85955255,-0.37786573,-0.94572324,0
-0.28371885,-0.44807732,0.40016284,0.98434407,-0.37786573,0.79417421,0
0.3939823,0.68436485,-0.0055711987,1.0261166,-0.37786573,1.4157838,0
-0.4271862,-0.39057049,1.6624465,-0.85955255,-0.37786573,-0.94572324,0
-0.17734636,0.0075537073,2.4739146,-0.85955255,-0.37786573,-0.94572324,0
1.0152789,5.0770019,-0.45638679,1.1463707,2.217407,0.62353628,0
0.41532455,-0.45250093,-0.32114211,-0.85955255,-0.37786573,-0.94572324,0
0.52813358,-0.12515436,-0.095734317,1.6754888,-0.37786573,1.0013774,0
-0.78441482,-0.47019533,-0.59163147,-0.85955255,-0.37786573,-0.94572324,0
0.026760081,-0.42153571,-0.41130523,-0.85955255,-0.37786573,-0.94572324,0
-0.15058386,-0.36402888,0.49032595,0.66282251,-0.37786573,1.2390517,0
0.14397308,-0.23132081,-0.050652758,0.76451109,-0.37786573,1.3243706,0
-0.78441482,-0.47019533,-0.59163147,-0.85955255,-0.37786573,-0.94572324,0
0.23560925,0.10044935,-0.27606055,0.73877249,1.2489745,1.0684137,0
0.82116607,3.263325,-0.41130523,1.6231678,1.4062258,0.48641652,0
0.83437794,1.2505859,-0.230979,-0.85955255,-0.37786573,-0.94572324,0
0.1844556,-0.45250093,-0.32114211,-0.85955255,-0.37786573,-0.94572324,0
-0.78441482,-0.47019533,-0.59163147,-0.85955255,-0.37786573,-0.94572324,0
-0.78441482,-0.47019533,-0.59163147,-0.85955255,-0.37786573,-0.94572324,0
1.5108934,1.5558145,-0.50146835,2.0552387,1.9430403,0.62353628,0
-0.78441482,-0.47019533,-0.59163147,-0.85955255,-0.37786573,-0.94572324,0
-0.260344,-0.44365372,0.35508128,0.69868778,0.97974411,0.71799656,0
0.99156531,2.161848,0.12967348,1.7020713,-0.37786573,1.2451459,0
-0.091638594,0.13141457,0.98622311,0.32568901,0.28041025,1.2360046,0
0.14753012,-0.27998044,-0.14081588,0.43961397,-0.37786573,1.1781095,0
-0.78441482,-0.47019533,-0.59163147,-0.85955255,-0.37786573,-0.94572324,0
-0.39991555,-0.43923012,0.12967348,-0.85955255,-0.37786573,-0.94572324,0
4.3353539,-0.45250093,-0.41130523,-0.85955255,-0.37786573,-0.94572324,0
-0.38111404,-0.45250093,0.58048907,-0.85955255,-0.37786573,-0.94572324,0
-0.40482765,-0.43480652,0.26491816,0.71472166,-0.37786573,1.2146748,0
-0.78441482,-0.47019533,-0.59163147,-0.85955255,-0.37786573,-0.94572324,0
-0.34266411,-0.42595931,0.76081531,0.13117269,0.61104634,1.1567798,0
0.25017618,-0.13400156,0.26491816,0.36703955,1.0099366,1.3609359,0
-0.78441482,-0.47019533,-0.59163147,-0.85955255,-0.37786573,-0.94572324,0
0.2718572,-0.23574442,-0.050652758,1.1510121,0.94546885,1.2268632,0
-0.78441482,-0.47019533,-0.59163147,-0.85955255,-0.37786573,-0.94572324,0
-0.78441482,-0.47019533,-0.59163147,-0.85955255,-0.37786573,-0.94572324,0
0.73782966,3.5597063,-0.36622367,0.69573417,-0.37786573,0.2213183,0
0.35349977,0.13141457,-0.41130523,-0.85955255,-0.37786573,-0.94572324,0
1.3450675,0.43664312,-0.36622367,1.5138842,1.0499738,1.1933451,0
-0.78441482,-0.47019533,-0.59163147,-0.85955255,-0.37786573,-0.94572324,0
-0.78441482,-0.47019533,-0.59163147,-0.85955255,-0.37786573,-0.94572324,0
-0.78441482,-0.47019533,-0.59163147,-0.85955255,-0.37786573,-0.94572324,0
-0.45632006,-0.43923012,1.0313047,0.55733644,-0.37786573,0.78503289,0
0.2857466,0.0075537073,0.26491816,1.8235913,-0.37786573,1.3548417,0
0.90365556,3.4756579,-0.050652758,1.234979,0.10346957,0.55345284,0
0.23577863,-0.31979286,0.17475504,-0.85955255,-0.37786573,-0.94572324,0
1.0386538,-0.21805001,-0.0055711987,0.97295158,-0.37786573,0.69361971,0
0.62603692,0.26412264,-0.18589744,0.83202218,-0.37786573,1.1872509,0
1.3755564,2.6661387,-0.18589744,1.2370887,-0.37786573,0.77284447,0
-0.28270255,-0.26228603,2.7444039,2.4430055,-0.37786573,0.60830075,0
-0.043364456,-0.3949941,-0.27606055,0.47843285,2.5143276,0.94957661,0
-0.78441482,-0.47019533,-0.59163147,-0.85955255,-0.37786573,-0.94572324,0
0.11450044,-0.16496678,0.08459192,0.80965913,0.41369196,1.4675846,0
1.6384388,-0.45250093,-0.54654991,-0.85955255,-0.37786573,-0.94572324,0
0.12313897,0.020824514,-0.230979,-0.85955255,-0.37786573,-0.94572324,0
0.13787529,-0.17823759,0.71573375,1.2780173,-0.37786573,1.2116277,0
-0.45886081,-0.41711211,0.12967348,0.53244172,2.3778521,0.92215265,0
-0.30014899,-0.4082649,2.3386699,1.0185216,-0.37786573,0.91605844,0
-0.033709629,-0.44365372,-0.36622367,-0.85955255,-0.37786573,-0.94572324,0
0.29811155,-0.15169597,0.30999972,-0.85955255,-0.37786573,-0.94572324,0
0.53050495,-0.26228603,0.17475504,1.1999576,-0.37786573,1.1110732,0
-0.54084215,-0.45250093,-0.59163147,0.029906053,-0.37786573,0.71799656,0
0.94481562,1.7017934,0.40016284,2.1463787,0.0763391,1.0288014,0
0.51932567,0.95862819,0.30999972,-0.85955255,-0.37786573,-0.94572324,0
0.0081279577,-0.41711211,0.26491816,0.91514521,0.63419284,1.0318485,0
0.38652945,-0.39057049,-0.32114211,-0.85955255,-0.37786573,-0.94572324,0
0.32521282,-0.29325125,0.67065219,1.0569185,-0.37786573,1.391407,0
-0.78441482,-0.47019533,-0.59163147,-0.85955255,-0.37786573,-0.94572324,0
-0.78441482,-0.47019533,-0.59163147,-0.85955255,-0.37786573,-0.94572324,0
-0.027273077,-0.37287609,0.76081531,0.44045786,0.31083325,1.4919615,0
-0.052511135,-0.13400156,-0.32114211,-0.85955255,-0.37786573,-0.94572324,0
-0.78441482,-0.47019533,-0.59163147,-0.85955255,-0.37786573,-0.94572324,0
0.65093622,1.3346344,0.80589687,1.3923642,-0.37786573,1.4584433,0
0.40397589,-0.32864006,-0.32114211,-0.85955255,-0.37786573,-0.94572324,0
-0.23527533,-0.37287609,0.89605999,0.85058773,0.20422105,1.2299103,0
-0.78441482,-0.43923012,5.8550315,-0.85955255,-0.37786573,-0.94572324,0
0.15582988,-0.13842517,-0.14081588,0.7493211,1.0299552,1.1659211,0
0.8794338,1.9008555,-0.32114211,0.80332997,-0.37786573,0.65705444,0
-0.78441482,-0.47019533,-0.59163147,-0.85955255,-0.37786573,-0.94572324,0
-0.19174391,-0.41268851,0.35508128,0.6303328,-0.37786573,1.4401607,0
1.2198935,0.44106673,-0.0055711987,1.3915203,-0.37786573,1.1537327,0
0.52186642,0.57377479,-0.41130523,-0.85955255,-0.37786573,-0.94572324,0
-0.069449429,-0.35075807,1.2116309,1.4919431,-0.37786573,0.96176503,0
0.11128217,-0.34191087,1.1665493,0.31471846,-0.37786573,1.01966,0
-0.02456295,0.042942525,1.2567125,0.90797215,0.024086612,1.2603814,0
-0.78441482,-0.47019533,-0.59163147,-0.85955255,-0.37786573,-0.94572324,0
-0.061657814,0.20219221,0.039510361,0.73159943,1.3515369,0.86730475,0
0.19021462,0.35259468,0.76081531,1.4379342,0.37856064,0.92215265,0
-0.27372525,-0.42153571,0.85097843,0.76324526,0.28768675,1.1842038,0
0.24289271,0.75071888,0.76081531,-0.85955255,-0.37786573,-0.94572324,0
-0.78441482,-0.47019533,-0.59163147,-0.85955255,-0.37786573,-0.94572324,0
1.2558027,1.7769946,-0.095734317,0.58729448,1.1162196,0.5321231,0
-0.041331861,-0.41711211,-0.0055711987,-0.85955255,-0.37786573,-0.94572324,0
-0.78441482,-0.47019533,-0.59163147,-0.85955255,-0.37786573,-0.94572324,0
0.19173906,-0.37729969,-0.27606055,0.63370836,1.4764226,1.2360046,0
0.39228847,-0.010140702,0.039510361,1.1535437,-0.37786573,0.87339896,0
-0.089944765,-0.38172329,-0.050652758,-0.85955255,-0.37786573,-0.94572324,0
0.26474311,-0.27998044,0.12967348,0.034125496,-0.37786573,1.2055335,0
-0.78441482,-0.47019533,-0.59163147,-0.85955255,-0.37786573,-0.94572324,0
0.34655507,-0.41711211,0.17475504,1.6079778,0.25416877,0.86425764,0
-0.78441482,-0.47019533,-0.59163147,-0.85955255,-0.37786573,-0.94572324,0
0.24340086,0.37028909,1.7526096,0.49910812,-0.058885201,0.57478259,0
-0.28863095,-0.43480652,-0.32114211,-0.85955255,-0.37786573,-0.94572324,0
-0.78441482,-0.47019533,-0.59163147,-0.85955255,-0.37786573,-0.94572324,0
0.14058542,-0.36402888,-0.27606055,-0.85955255,-0.37786573,-0.94572324,0
-0.017448866,-0.41711211,-0.230979,2.0463779,1.4839625,0.92215265,0
-0.31183642,-0.31979286,0.30999972,0.21809321,0.49103354,1.3274177,0
-0.001188104,-0.35960528,0.2198366,0.30121624,-0.37786573,1.1567798,0
-0.19208268,-0.45250093,-0.14081588,-0.85955255,-0.37786573,-0.94572324,0
0.020662295,-0.30209845,0.30999972,0.79657886,-0.37786573,1.0562253,0
-0.78441482,-0.47019533,-0.59163147,-0.85955255,-0.37786573,-0.94572324,0
-0.25187486,-0.3949941,1.4821203,0.61050142,0.38616639,1.0348956,0
0.39144155,-0.13400156,-0.41130523,1.674645,-0.37786573,1.1384972,0
-0.78441482,-0.47019533,-0.59163147,-0.85955255,-0.37786573,-0.94572324,0
0.19444919,0.18007419,0.26491816,0.87927994,2.1121447,0.98614188,0
-0.084355128,-0.45250093,0.62557063,-0.85955255,-0.37786573,-0.94572324,0
-0.78441482,-0.47019533,-0.59163147,-0.85955255,-0.37786573,-0.94572324,0
-0.15160016,-0.25343882,-0.14081588,1.0024877,2.1664057,0.57478259,0
-0.78441482,-0.47019533,-0.59163147,-0.85955255,-0.37786573,-0.94572324,0
-0.0059308263,-0.31979286,-0.230979,-0.85955255,-0.37786573,-0.94572324,0
-0.32437075,-0.4038413,-0.59163147,0.25775598,-0.37786573,0.56259416,0
0.11704119,-0.43038291,-0.41130523,-0.85955255,-0.37786573,-0.94572324,0
-0.78441482,-0.47019533,-0.59163147,-0.85955255,-0.37786573,-0.94572324,0
0.21748527,-0.32864006,0.08459192,0.31935985,0.6271139,1.104979,0
-0.78441482,-0.47019533,-0.59163147,-0.85955255,-0.37786573,-0.94572324,0
-0.78441482,-0.47019533,-0.59163147,-0.85955255,-0.37786573,-0.94572324,0
3.0167077,-0.44365372,-0.45638679,-0.85955255,-0.37786573,-0.94572324,0
0.033874165,-0.45250093,-0.14081588,-0.85955255,-0.37786573,-0.94572324,0
-0.78441482,-0.47019533,-0.59163147,-0.85955255,-0.37786573,-0.94572324,0
-0.78441482,-0.47019533,-0.59163147,-0.85955255,-0.37786573,-0.94572324,0
0.2201954,-0.34633447,0.2198366,0.88645299,-0.37786573,0.7911271,0
-0.19343774,-0.25343882,1.4370387,1.0851888,0.81613818,0.98918898,0
-0.78441482,-0.47019533,-0.59163147,-0.85955255,-0.37786573,-0.94572324,0
-0.4212578,-0.43480652,0.08459192,0.5560706,-0.37786573,0.50774626,0
0.025235635,0.065060536,0.35508128,1.1092396,0.6064368,1.3121822,0
0.093158194,-0.31094565,-0.095734317,-0.85955255,-0.37786573,-0.94572324,0
0.33740839,-0.25786243,1.0313047,0.88729688,-0.37786573,1.2390517,0
-0.78441482,-0.47019533,-0.59163147,-0.85955255,-0.37786573,-0.94572324,0
-0.78441482,-0.47019533,-0.59163147,-0.85955255,-0.37786573,-0.94572324,0
0.18987585,-0.45250093,-0.0055711987,-0.85955255,-0.37786573,-0.94572324,0
-0.78441482,-0.47019533,-0.59163147,-0.85955255,-0.37786573,-0.94572324,0
-0.78441482,-0.47019533,-0.59163147,-0.85955255,-0.37786573,-0.94572324,0
1.2241281,2.0158691,-0.095734317,0.85565106,0.33812834,0.71494946,0
-0.78441482,-0.47019533,-0.59163147,-0.85955255,-0.37786573,-0.94572324,0
0.33266567,-0.094189144,0.40016284,1.151856,-0.37786573,1.2664756,0
-0.21291678,-0.24016802,1.6624465,0.26070959,-0.37786573,0.95262371,0
-0.78441482,-0.47019533,-0.59163147,-0.85955255,-0.37786573,-0.94572324,0
-0.12094184,-0.34633447,0.62557063,0.64636668,0.27211307,1.2390517,0
2.265325,2.9492492,-0.36622367,-0.85955255,-0.37786573,-0.94572324,0
0.1685336,-0.30652205,0.26491816,0.77084025,-0.37786573,0.84597501,0
-0.78441482,-0.47019533,-0.59163147,-0.85955255,-0.37786573,-0.94572324,0
-0.15786732,-0.38614689,-0.14081588,0.23454904,1.5363138,1.0745079,0
-0.022022206,-0.2136264,0.76081531,0.90248688,-0.37786573,1.3731243,0
0.45868658,-0.023411508,-0.32114211,-0.85955255,-0.37786573,-0.94572324,0
0.081470771,-0.067647531,0.76081531,0.70712666,-0.37786573,1.0745079,0
-0.78441482,-0.47019533,-0.59163147,-0.85955255,-0.37786573,-0.94572324,0
2.137949,-0.45250093,-0.54654991,-0.85955255,-0.37786573,-0.94572324,0
-0.22172469,-0.3994177,0.85097843,0.94214964,-0.37786573,1.1963922,0
-0.78441482,-0.47019533,-0.59163147,-0.85955255,-0.37786573,-0.94572324,0
0.79829937,0.54280958,-0.41130523,0.93075715,-0.37786573,0.86730475,0
-0.78441482,-0.47019533,-0.59163147,-0.85955255,-0.37786573,-0.94572324,0
-0.17141796,-0.45250093,-0.0055711987,-0.85955255,-0.37786573,-0.94572324,0
0.45411324,-0.16939038,-0.0055711987,1.060294,-0.37786573,0.46813388,0
-0.78441482,-0.47019533,-0.59163147,-0.85955255,-0.37786573,-0.94572324,0
-0.17480562,-0.30652205,-0.14081588,-0.85955255,-0.37786573,-0.94572324,0
0.28794858,0.82592012,0.30999972,0.62400364,-0.37786573,0.87339896,0
1.8256069,1.0072878,-0.27606055,1.1683118,1.2208562,0.98614188,0
-0.58826938,-0.38172329,1.9329359,-0.85955255,-0.37786573,-0.94572324,0
0.40668602,1.2151971,0.039510361,-0.11017946,-0.37786573,1.0379427,0
-0.78441482,-0.47019533,-0.59163147,-0.85955255,-0.37786573,-0.94572324,0
-0.78441482,-0.47019533,-0.59163147,-0.85955255,-0.37786573,-0.94572324,0
0.19292475,-0.0012934972,0.62557063,1.0269604,0.45425595,1.2360046,0
-0.2335815,-0.38614689,0.30999972,1.5071331,0.55362458,0.87339896,0
0.095190789,-0.37729969,-0.32114211,0.75396248,1.8095939,1.1293559,0
-0.78441482,-0.47019533,-0.59163147,-0.85955255,-0.37786573,-0.94572324,0
1.2964546,4.4444268,-0.50146835,-0.85955255,-0.37786573,-0.94572324,0
1.4322997,4.0153373,-0.0055711987,-0.85955255,-0.37786573,-0.94572324,0
1.401472,-0.45250093,-0.50146835,-0.85955255,-0.37786573,-0.94572324,0
-0.23476718,-0.24016802,1.0313047,0.73877249,0.59856764,0.91605844,0
0.65093622,0.22873382,0.26491816,-0.85955255,-0.37786573,-0.94572324,0
-0.16396511,-0.43480652,-0.18589744,-0.85955255,-0.37786573,-0.94572324,0
-0.78441482,-0.47019533,-0.59163147,-0.85955255,-0.37786573,-0.94572324,0
2.3559449,-0.43923012,-0.54654991,-0.85955255,-0.37786573,-0.94572324,0
0.25966162,-0.26670963,0.26491816,1.0434163,0.30833092,1.1720153,0
-0.78441482,-0.47019533,-0.59163147,-0.85955255,-0.37786573,-0.94572324,0
-0.020497759,-0.29767485,0.35508128,1.8662077,-0.37786573,1.047084,0
-0.069110663,-0.31536926,-0.32114211,-0.85955255,-0.37786573,-0.94572324,0
-0.32521767,-0.44365372,0.40016284,-0.85955255,-0.37786573,-0.94572324,0
1.0432271,1.0117114,-0.230979,-0.85955255,-0.37786573,-0.94572324,0
0.41871221,0.32162947,-0.095734317,0.64045946,1.0816151,1.1811567,0
0.16311335,0.35701828,1.0763862,-0.85955255,-0.37786573,-0.94572324,0
0.98140233,5.0770019,-0.0055711987,-0.85955255,-0.37786573,-0.94572324,0
1.3697974,1.1798083,-0.095734317,1.7134638,0.089805557,0.86730475,0
-0.78441482,-0.47019533,-0.59163147,-0.85955255,-0.37786573,-0.94572324,0
-0.58708369,-0.45250093,0.80589687,-0.21904109,0.26852421,0.95871792,0
0.28896487,-0.14727237,-0.36622367,1.63667,-0.37786573,1.1750624,0
-0.78441482,-0.47019533,-0.59163147,-0.85955255,-0.37786573,-0.94572324,0
-0.78441482,-0.47019533,-0.59163147,-0.85955255,-0.37786573,-0.94572324,0
-0.011181697,-0.15611958,1.301794,0.8303344,0.13968742,1.2299103,0
-0.78441482,-0.47019533,-0.59163147,-0.85955255,-0.37786573,-0.94572324,0
-0.78441482,-0.47019533,-0.59163147,-0.85955255,-0.37786573,-0.94572324,0
0.68345774,1.1046071,0.80589687,-0.85955255,-0.37786573,-0.94572324,0
0.26914707,-0.29767485,-0.41130523,1.4552339,-0.37786573,1.6077515,1
2.5654716,0.11814376,-0.50146835,4.3341599,-0.37786573,0.88254028,1
1.2361543,-0.058800326,-0.54654991,1.5569225,7.5119306,1.1537327,1
0.23323789,-0.31094565,-0.230979,1.537935,3.703261,1.4614904,1
1.2596985,-0.15611958,-0.54654991,1.8628321,8.2156435,1.2847583,1
0.1605726,-0.27998044,-0.27606055,1.0970032,-0.37786573,1.8576142,1
2.33257,-0.041105917,-0.45638679,2.1143109,-0.37786573,0.64486602,1
0.36061386,-0.27555684,-0.41130523,1.2691565,2.7012117,1.5864217,1
-0.10569738,-0.44365372,-0.27606055,0.88603105,2.4836412,1.3883599,1
0.19749808,-0.33306367,-0.14081588,1.0813913,-0.37786573,1.8088605,1
0.36230769,-0.31536926,-0.41130523,1.439622,-0.37786573,1.1506856,1
-0.34994758,-0.44365372,0.71573375,1.2181012,1.0804627,1.3335119,1
4.6939376,1.1665375,-0.32114211,4.5615879,0.98178548,1.1567798,1
1.7089021,0.61801082,-0.32114211,-0.85955255,-0.37786573,-0.94572324,1
-0.055390645,-0.2003556,-0.45638679,1.5404667,8.3833322,1.4401607,1
0.17920473,-0.42595931,-0.41130523,0.75396248,2.4701088,1.2542872,1
0.1924166,-0.35518168,-0.36622367,1.8117769,4.3715462,1.5193854,1
0.69243504,-0.36845248,-0.32114211,1.4417317,2.1069096,1.3792185,1
1.1086089,-0.14284877,-0.14081588,3.7974468,0.46894065,1.2603814,1
1.3515041,-0.37729969,-0.50146835,1.6240116,4.6603013,1.306088,1
0.54202299,-0.30209845,-0.36622367,1.568315,-0.37786573,1.5011028,1
0.064363094,-0.42595931,-0.36622367,1.7767555,4.2067221,1.3548417,1
3.7918041,1.2019263,-0.50146835,4.0645375,2.3020251,0.55040574,1
0.73105435,-0.26670963,-0.230979,1.2666248,0.69586197,1.2969467,1
0.24492531,-0.35075807,-0.41130523,0.8750605,-0.37786573,1.4005483,1
3.7801167,0.7816841,-0.54654991,4.3434427,-0.37786573,0.93434108,1
1.0620286,0.71090646,-0.14081588,0.49109118,0.25341149,0.74846762,0
0.015072658,0.33932388,-0.14081588,0.18433767,-0.37786573,0.91301134,0
-0.78441482,-0.47019533,-0.59163147,-0.85955255,-0.37786573,-0.94572324,0
0.051828756,-0.12073076,-0.14081588,-0.85955255,-0.37786573,-0.94572324,0
-0.44480202,-0.4082649,-0.0055711987,-0.85955255,-0.37786573,-0.94572324,0
7.7264004,-0.44365372,-0.54654991,-0.85955255,-0.37786573,-0.94572324,0
-0.19021947,-0.32864006,0.35508128,2.4860439,-0.37786573,1.0745079,0
0.13550393,0.18007419,-0.32114211,0.89362605,-0.37786573,0.72713788,0
-0.096550699,-0.43923012,-0.41130523,0.91261354,3.5098905,0.95262371,0
-0.079951171,-0.43038291,0.039510361,0.86155828,-0.37786573,0.77589157,0
-0.012197995,-0.37287609,-0.36622367,-0.85955255,-0.37786573,-0.94572324,0
-0.78441482,-0.47019533,-0.59163147,-0.85955255,-0.37786573,-0.94572324,0
0.30725823,-0.45250093,-0.41130523,-0.85955255,-0.37786573,-0.94572324,0
0.38652945,0.3791363,-0.095734317,0.9341327,0.95508304,1.0714608,0
-0.78441482,-0.47019533,-0.59163147,-0.85955255,-0.37786573,-0.94572324,0
-0.20021306,-0.4082649,0.49032595,0.050581324,0.34346224,1.2146748,0
-0.14922879,-0.3949941,0.40016284,0.51556395,0.11874692,1.278664,0
-0.78441482,-0.47019533,-0.59163147,-0.85955255,-0.37786573,-0.94572324,0
-0.22833063,-0.34633447,-0.59163147,0.90586243,-0.37786573,0.49251073,0
-0.18276662,-0.4038413,0.62557063,-0.85955255,-0.37786573,-0.94572324,0
0.17818843,-0.23132081,-0.0055711987,1.2683126,-0.37786573,1.6047044,0
-0.78441482,-0.47019533,-0.59163147,-0.85955255,-0.37786573,-0.94572324,0
0.20850798,-0.45250093,-0.18589744,-0.85955255,-0.37786573,-0.94572324,0
-0.78441482,-0.47019533,-0.59163147,-0.85955255,-0.37786573,-0.94572324,0
0.39482921,-0.17381398,0.98622311,0.19235461,0.64347778,1.2664756,0
0.032349718,-0.45250093,-0.32114211,-0.85955255,-0.37786573,-0.94572324,0
-0.15397152,-0.37287609,0.08459192,1.5408886,-0.37786573,0.91605844,0
-0.40940099,-0.4082649,1.4370387,-0.85955255,-0.37786573,-0.94572324,0
0.37670524,3.2456305,-0.41130523,0.67801251,-0.37786573,0.65705444,0
-0.51966928,-0.35075807,2.1583436,0.55142922,0.34738036,1.1781095,0
0.31030712,-0.195932,0.26491816,0.79742275,-0.37786573,1.3365591,0
-0.78441482,-0.47019533,-0.59163147,-0.85955255,-0.37786573,-0.94572324,0
-0.05623756,-0.31094565,0.89605999,0.73539693,-0.37786573,1.1384972,0
-0.78441482,-0.47019533,-0.59163147,-0.85955255,-0.37786573,-0.94572324,0
-0.78441482,-0.47019533,-0.59163147,-0.85955255,-0.37786573,-0.94572324,0
-0.78441482,-0.47019533,-0.59163147,-0.85955255,-0.37786573,-0.94572324,0
0.56302647,2.9492492,0.49032595,0.20965433,-0.37786573,0.0049737879,0
-0.78441482,-0.47019533,-0.59163147,-0.85955255,-0.37786573,-0.94572324,0
-0.18276662,-0.36845248,0.49032595,0.44383342,0.33299199,1.4188309,0
-0.78441482,-0.47019533,-0.59163147,-0.85955255,-0.37786573,-0.94572324,0
-0.42633928,-0.44807732,1.1214678,-0.85955255,-0.37786573,-0.94572324,0
-0.78441482,-0.47019533,-0.59163147,-0.85955255,-0.37786573,-0.94572324,0
0.33266567,0.76841329,-0.45638679,0.71092416,-0.37786573,0.92519976,0
-0.12551518,-0.39057049,-0.14081588,0.75565026,0.8875532,1.2451459,0
0.03014774,-0.16054318,0.94114155,1.1754848,0.017896652,1.1263087,0
1.2734185,3.8162752,-0.36622367,0.84594634,1.0974851,0.38281492,0
10.706863,-0.45250093,-0.54654991,-0.85955255,-0.37786573,-0.94572324,0
-0.12602333,-0.28440404,0.17475504,0.87295078,1.2890775,1.1141203,0
-0.021852823,-0.3949941,-0.230979,0.48771563,-0.37786573,1.4401607,0
-0.78441482,-0.47019533,-0.59163147,-0.85955255,-0.37786573,-0.94572324,0
0.099933511,-0.31536926,-0.050652758,0.96240297,-0.37786573,1.4858672,0
0.040988248,-0.04552952,0.35508128,-0.85955255,-0.37786573,-0.94572324,0
-0.78441482,-0.47019533,-0.59163147,-0.85955255,-0.37786573,-0.94572324,0
-0.78441482,-0.47019533,-0.59163147,-0.85955255,-0.37786573,-0.94572324,0
0.24407839,1.9539387,-0.45638679,-0.85955255,-0.37786573,-0.94572324,0
-0.78441482,-0.47019533,-0.59163147,-0.85955255,-0.37786573,-0.94572324,0
-0.17514438,-0.24459162,1.3468756,-0.85955255,-0.37786573,-0.94572324,0
-0.36654711,-0.42595931,0.67065219,0.80965913,0.23118689,1.1689682,0
-0.78441482,-0.47019533,-0.59163147,-0.85955255,-0.37786573,-0.94572324,0
-0.32826656,-0.44365372,0.039510361,1.068311,1.7432165,0.81245684,0
0.90501063,2.6130554,-0.36622367,-0.85955255,-0.37786573,-0.94572324,0
-0.17209549,-0.35518168,0.26491816,0.96577852,0.7696147,1.3457004,0
-0.78441482,-0.47019533,-0.59163147,-0.85955255,-0.37786573,-0.94572324,0
0.85944662,0.64455243,-0.095734317,1.0944715,0.77623269,1.1506856,0
0.377044,-0.32421646,-0.36622367,-0.85955255,-0.37786573,-0.94572324,0
0.20884674,-0.45250093,-0.45638679,1.1948943,-0.37786573,0.98004767,0
0.49069995,0.32605307,-0.36622367,1.3083973,-0.37786573,1.3883599,0
-0.78441482,-0.47019533,-0.59163147,-0.85955255,-0.37786573,-0.94572324,0
-0.78441482,-0.47019533,-0.59163147,-0.85955255,-0.37786573,-0.94572324,0
-0.78441482,-0.47019533,-0.59163147,-0.85955255,-0.37786573,-0.94572324,0
-0.78441482,-0.47019533,-0.59163147,-0.85955255,-0.37786573,-0.94572324,0
0.44039322,0.32162947,0.71573375,1.1906748,-0.37786573,1.0501311,0
-0.78441482,-0.47019533,-0.59163147,-0.85955255,-0.37786573,-0.94572324,0
-0.78441482,-0.47019533,-0.59163147,-0.85955255,-0.37786573,-0.94572324,0
-0.78441482,-0.47019533,-0.59163147,-0.85955255,-0.37786573,-0.94572324,0
1.0696508,0.9851698,0.12967348,1.9906812,0.22733463,1.1506856,0
5.2112331,-0.45250093,-0.54654991,-0.85955255,-0.37786573,-0.94572324,0
0.36247707,-0.2047792,-0.36622367,0.99911212,1.8078818,1.5041499,0
0.14481999,-0.38614689,-0.27606055,0.96198103,-0.37786573,1.2542872,0
0.68921676,4.0330317,1.2567125,1.083501,-0.37786573,0.44985124,0
-0.78441482,-0.47019533,-0.59163147,-0.85955255,-0.37786573,-0.94572324,0
0.042173929,-0.39057049,0.2198366,1.2522787,-0.37786573,1.5498565,0
-0.26407043,-0.3949941,-0.18589744,0.73877249,1.127513,1.3152293,0
-0.24103435,-0.3949941,0.17475504,-0.85955255,-0.37786573,-0.94572324,0
0.96564972,1.4098356,0.12967348,-0.85955255,-0.37786573,-0.94572324,0
-0.049123476,-0.3994177,1.0313047,-0.85955255,-0.37786573,-0.94572324,0
0.69616146,-0.39057049,-0.32114211,1.0877204,1.0350257,1.1263087,0
-0.78441482,-0.47019533,-0.59163147,-0.85955255,-0.37786573,-0.94572324,0
1.4856553,-0.45250093,-0.14081588,-0.85955255,-0.37786573,-0.94572324,0
0.94989711,0.82592012,-0.27606055,-0.85955255,-0.37786573,-0.94572324,0
-0.28050057,-0.44365372,-0.14081588,0.54763172,2.6000651,1.2420988,0
0.069952731,-0.14727237,-0.45638679,1.1881432,3.2526121,1.4096896,0
-0.27982304,-0.41711211,-0.14081588,0.61809642,1.6319948,1.391407,0
-0.78441482,-0.47019533,-0.59163147,-0.85955255,-0.37786573,-0.94572324,0
-0.78441482,-0.47019533,-0.59163147,-0.85955255,-0.37786573,-0.94572324,0
-0.022530354,-0.35518168,-0.050652758,0.42315815,1.4927865,1.2024864,0
-0.78441482,-0.47019533,-0.59163147,-0.85955255,-0.37786573,-0.94572324,0
-0.78441482,-0.47019533,-0.59163147,-0.85955255,-0.37786573,-0.94572324,0
1.5010692,1.7548766,0.17475504,1.3830814,-0.37786573,0.55040574,0
-0.78441482,-0.47019533,-0.59163147,-0.85955255,-0.37786573,-0.94572324,0
4.2926694,-0.45250093,-0.54654991,-0.85955255,-0.37786573,-0.94572324,0
-0.78441482,-0.47019533,-0.59163147,-0.85955255,-0.37786573,-0.94572324,0
0.32131701,-0.0057170995,0.17475504,0.52442478,0.4228452,1.0927906,0
-0.78441482,-0.47019533,-0.59163147,-0.85955255,-0.37786573,-0.94572324,0
0.98258801,-0.44365372,-0.54654991,-0.85955255,-0.37786573,-0.94572324,0
-0.53220362,-0.43038291,2.2485068,1.1771726,-0.37786573,1.1019319,0
-0.78441482,-0.47019533,-0.59163147,-0.85955255,-0.37786573,-0.94572324,0
-0.27253957,-0.42595931,0.26491816,0.10585603,-0.37786573,0.71799656,0
-0.78441482,-0.47019533,-0.59163147,-0.85955255,-0.37786573,-0.94572324,0
-0.17074043,-0.4038413,0.76081531,0.40290482,0.32765809,1.278664,0
0.11043525,0.29508785,0.89605999,0.63286447,0.84389422,0.68143129,0
-0.31048135,-0.43480652,0.62557063,0.49742034,0.89937339,0.84597501,0
0.17141311,-0.36845248,-0.18589744,0.73117749,-0.37786573,0.99223609,0
0.56099387,1.5381201,0.58048907,0.69446834,-0.37786573,0.69666682,0
-0.47817046,-0.42153571,0.85097843,1.4071323,0.64074498,0.5808768,0
0.083672749,-0.37287609,0.08459192,1.3299165,-0.37786573,1.0227071,0
-0.78441482,-0.47019533,-0.59163147,-0.85955255,-0.37786573,-0.94572324,0
0.74189486,0.75071888,0.53540751,0.11809241,-0.37786573,0.74237341,0
0.2251075,0.81264932,-0.36622367,0.59151392,-0.37786573,0.5808768,0
0.16396026,-0.30209845,-0.41130523,1.3970056,-0.37786573,1.0409898,0
-0.081983767,-0.31979286,1.0763862,-0.85955255,-0.37786573,-0.94572324,0
-0.78441482,-0.47019533,-0.59163147,-0.85955255,-0.37786573,-0.94572324,0
0.19190845,0.034095321,2.1583436,0.13243852,-0.37786573,0.86121054,0
-0.78441482,-0.47019533,-0.59163147,-0.85955255,-0.37786573,-0.94572324,0
0.42650382,-0.036682315,-0.095734317,0.4712598,0.42452439,0.90996423,0
0.40888799,0.34374748,-0.41130523,-0.85955255,-0.37786573,-0.94572324,0
-0.78441482,-0.47019533,-0.59163147,-0.85955255,-0.37786573,-0.94572324,0
0.3184375,1.4983077,0.49032595,-0.85955255,-0.37786573,-0.94572324,0
0.25339446,-0.25786243,0.94114155,-0.85955255,-0.37786573,-0.94572324,0
-0.78441482,-0.47019533,-0.59163147,-0.85955255,-0.37786573,-0.94572324,0
4.7908247,-0.42595931,-0.54654991,-0.85955255,-0.37786573,-0.94572324,0
0.63094903,-0.018987906,0.44524439,0.65100807,-0.37786573,1.1994393,0
1.5879626,-0.45250093,-0.32114211,-0.85955255,-0.37786573,-0.94572324,0
0.0088054895,-0.26228603,-0.32114211,-0.85955255,-0.37786573,-0.94572324,0
0.15481358,-0.23132081,0.30999972,1.4328709,0.28248455,1.190298,0
0.38364994,-0.18708479,-0.41130523,-0.85955255,-0.37786573,-0.94572324,0
-0.78441482,-0.47019533,-0.59163147,-0.85955255,-0.37786573,-0.94572324,0
-0.78441482,-0.47019533,-0.59163147,-0.85955255,-0.37786573,-0.94572324,0
0.51102591,3.4225746,0.40016284,-0.85955255,-0.37786573,-0.94572324,0
-0.011520463,-0.3994177,-0.050652758,2.1219059,-0.37786573,0.91301134,0
-0.78441482,-0.47019533,-0.59163147,-0.85955255,-0.37786573,-0.94572324,0
0.78728948,-0.43038291,-0.18589744,-0.85955255,-0.37786573,-0.94572324,0
0.049965544,-0.43038291,2.0681805,0.76577692,-0.37786573,1.6686936,0
0.15413605,-0.24459162,0.76081531,1.8324521,-0.0038669869,1.2999938,0
-0.19106638,-0.42595931,-0.18589744,-0.85955255,-0.37786573,-0.94572324,0
-0.23646101,-0.43923012,0.58048907,-0.85955255,-0.37786573,-0.94572324,0
0.061483584,-0.4038413,-0.18589744,1.1649362,-0.37786573,1.4005483,0
0.62806952,0.20661581,0.76081531,0.94763492,0.21284749,1.01966,0
0.0093136383,-0.29767485,-0.0055711987,1.6759108,-0.37786573,0.9434824,0
-0.12365197,-0.43923012,-0.230979,0.69404639,1.5178097,1.2085806,0
-0.17768513,-0.37287609,0.76081531,-0.85955255,-0.37786573,-0.94572324,0
0.52813358,0.37471269,-0.45638679,2.5417405,-0.37786573,0.85511633,0
-0.13635569,-0.36845248,0.30999972,-0.85955255,-0.37786573,-0.94572324,0
-0.78441482,-0.47019533,-0.59163147,-0.85955255,-0.37786573,-0.94572324,0
0.27253473,2.7280691,0.49032595,1.4151492,-0.37786573,1.4005483,0
-0.16227128,-0.17381398,0.85097843,1.1636704,0.3213035,1.1171674,0
1.1263941,2.6794095,-0.0055711987,1.2202109,0.0014339901,0.41023887,0
0.87960319,2.3830281,0.17475504,-0.85955255,-0.37786573,-0.94572324,0
-0.78441482,-0.47019533,-0.59163147,-0.85955255,-0.37786573,-0.94572324,0
0.30691946,0.55608039,-0.27606055,-0.85955255,-0.37786573,-0.94572324,0
-0.78441482,-0.47019533,-0.59163147,-0.85955255,-0.37786573,-0.94572324,0
0.098409065,-0.45250093,-0.36622367,-0.85955255,-0.37786573,-0.94572324,0
0.16683977,-0.04552952,-0.050652758,1.0826571,-0.37786573,1.0440369,0
-0.029475055,-0.26670963,2.5640777,0.21092016,-0.37786573,0.97090635,0
0.032010952,-0.24016802,-0.050652758,0.21809321,0.58724133,1.3030409,0
-0.78441482,-0.47019533,-0.59163147,-0.85955255,-0.37786573,-0.94572324,0
-0.027781226,-0.34191087,0.17475504,0.71345583,0.57275419,1.3091351,0
0.10044166,0.15795618,1.2116309,-0.21904109,0.26852421,0.8947287,0
0.22578504,-0.15611958,0.12967348,-0.089504186,0.41201277,0.65400734,0
-0.78441482,-0.47019533,-0.59163147,-0.85955255,-0.37786573,-0.94572324,0
-0.78441482,-0.47019533,-0.59163147,-0.85955255,-0.37786573,-0.94572324,0
-0.78441482,-0.47019533,-0.59163147,-0.85955255,-0.37786573,-0.94572324,0
0.3402879,-0.23574442,0.2198366,-0.85955255,-0.37786573,-0.94572324,0
-0.78441482,-0.47019533,-0.59163147,-0.85955255,-0.37786573,-0.94572324,0
0.2281564,-0.45250093,-0.41130523,-0.85955255,-0.37786573,-0.94572324,0
0.64399152,-0.41711211,-0.14081588,-0.85955255,-0.37786573,-0.94572324,0
0.0011832571,-0.42153571,-0.230979,1.3096631,-0.37786573,0.95871792,0
-0.78441482,-0.47019533,-0.59163147,-0.85955255,-0.37786573,-0.94572324,0
0.5786097,0.82592012,0.40016284,1.4493267,-0.37786573,1.1171674,0
-0.78441482,-0.47019533,-0.59163147,-0.85955255,-0.37786573,-0.94572324,0
0.22663195,-0.2047792,0.35508128,-0.85955255,-0.37786573,-0.94572324,0
0.89484765,1.7327586,-0.41130523,0.77632553,-0.37786573,0.91605844,0
-0.30980382,-0.41268851,0.35508128,0.67759056,0.029782693,1.2420988,0
-0.78441482,-0.47019533,-0.59163147,-0.85955255,-0.37786573,-0.94572324,0
-0.78441482,-0.47019533,-0.59163147,-0.85955255,-0.37786573,-0.94572324,0
-0.78441482,-0.47019533,-0.59163147,-0.85955255,-0.37786573,-0.94572324,0
-0.024224184,-0.16054318,1.8427727,-0.85955255,-0.37786573,-0.94572324,0
5.4392226,-0.45250093,-0.54654991,-0.85955255,-0.37786573,-0.94572324,0
-0.099938358,-0.28882764,0.44524439,0.2780093,1.1705793,1.3243706,0
-0.45818328,-0.44807732,0.71573375,-0.15701528,-0.37786573,0.82159816,0
0.037261823,-0.12515436,1.3468756,0.56408754,0.080948645,1.1019319,0
-0.78441482,-0.47019533,-0.59163147,-0.85955255,-0.37786573,-0.94572324,0
-0.78441482,-0.47019533,-0.59163147,-0.85955255,-0.37786573,-0.94572324,0
-0.22392667,-0.42595931,0.17475504,-0.85955255,-0.37786573,-0.94572324,0
-0.78441482,-0.47019533,-0.59163147,-0.85955255,-0.37786573,-0.94572324,0
0.2857466,-0.45250093,-0.230979,0.60375031,-0.37786573,0.6844784,0
-0.78441482,-0.47019533,-0.59163147,-0.85955255,-0.37786573,-0.94572324,0
-0.78441482,-0.47019533,-0.59163147,-0.85955255,-0.37786573,-0.94572324,0
0.037769972,-0.30209845,0.30999972,0.79151553,0.40865438,1.1598269,0
-0.14905941,-0.27113323,-0.27606055,-0.85955255,-0.37786573,-0.94572324,0
0.2479742,0.31720586,-0.41130523,-0.85955255,-0.37786573,-0.94572324,0
0.11958193,-0.30209845,-0.230979,0.25775598,-0.37786573,0.96176503,0
0.043190226,-0.37287609,-0.14081588,0.89657966,-0.37786573,1.0074716,0
0.83844313,0.48972635,0.2198366,-0.85955255,-0.37786573,-0.94572324,0
-0.78441482,-0.47019533,-0.59163147,-0.85955255,-0.37786573,-0.94572324,0
-0.24611584,-0.43480652,-0.14081588,0.689405,-0.37786573,1.2085806,0
-0.78441482,-0.47019533,-0.59163147,-0.85955255,-0.37786573,-0.94572324,0
0.38534377,0.75071888,0.12967348,0.6455228,0.27968589,1.0440369,0
0.72817484,1.5027313,-0.41130523,-0.85955255,-0.37786573,-0.94572324,0
-0.054713113,-0.4082649,-0.050652758,1.9210604,-0.37786573,0.85816343,0
0.40228206,-0.17823759,0.53540751,-0.85955255,-0.37786573,-0.94572324,0
0.20444279,-0.014564304,-0.41130523,0.47716702,3.8514908,0.46203967,0
-0.1253458,-0.39057049,-0.050652758,0.36071039,-0.37786573,1.5589978,0
-0.78441482,-0.47019533,-0.59163147,-0.85955255,-0.37786573,-0.94572324,0
-0.78441482,-0.47019533,-0.59163147,-0.85955255,-0.37786573,-0.94572324,0
-0.78441482,-0.47019533,-0.59163147,-0.85955255,-0.37786573,-0.94572324,0
0.13939974,-0.24459162,0.35508128,-0.85955255,-0.37786573,-0.94572324,0
0.24018259,-0.049953122,0.85097843,1.0176777,-0.37786573,1.2451459,0
-0.035403458,-0.094189144,1.0313047,0.80797135,0.42808032,1.1537327,0
-0.78441482,-0.47019533,-0.59163147,-0.85955255,-0.37786573,-0.94572324,0
2.2485561,-0.45250093,-0.45638679,-0.85955255,-0.37786573,-0.94572324,0
-0.78441482,-0.47019533,-0.59163147,-0.85955255,-0.37786573,-0.94572324,0
0.031672186,-0.4082649,-0.27606055,-0.85955255,-0.37786573,-0.94572324,0
-0.78441482,-0.47019533,-0.59163147,-0.85955255,-0.37786573,-0.94572324,0
-0.78441482,-0.47019533,-0.59163147,-0.85955255,-0.37786573,-0.94572324,0
0.36840547,0.22873382,0.49032595,0.57168254,0.35910177,0.88558738,0
-0.78441482,-0.47019533,-0.59163147,-0.85955255,-0.37786573,-0.94572324,0
-0.78441482,-0.47019533,-0.59163147,-0.85955255,-0.37786573,-0.94572324,0
0.36789732,0.01197731,-0.36622367,-0.85955255,-0.37786573,-0.94572324,0
1.153326,1.2771276,-0.45638679,1.4105078,-0.37786573,0.38890913,0
-0.076563512,-0.36845248,0.039510361,1.0666232,0.71541962,0.74237341,0
-0.78441482,-0.47019533,-0.59163147,-0.85955255,-0.37786573,-0.94572324,0
0.7652697,3.7985808,-0.095734317,0.537927,-0.37786573,0.45289835,0
-0.78441482,-0.47019533,-0.59163147,-0.85955255,-0.37786573,-0.94572324,0
-0.25898894,-0.43923012,-0.32114211,-0.85955255,-0.37786573,-0.94572324,0
0.3433368,0.11814376,-0.27606055,-0.85955255,-0.37786573,-0.94572324,0
-0.2166432,-0.38614689,4.1419323,1.5278083,0.27138871,0.2213183,0
-0.78441482,-0.47019533,-0.59163147,-0.85955255,-0.37786573,-0.94572324,0
0.38331117,0.16680339,-0.050652758,0.75269665,1.0121426,1.2542872,0
0.4058391,0.48087915,1.301794,-0.85955255,-0.37786573,-0.94572324,0
2.8739179,-0.45250093,-0.41130523,-0.85955255,-0.37786573,-0.94572324,0
-0.78441482,-0.47019533,-0.59163147,-0.85955255,-0.37786573,-0.94572324,0
-0.1253458,-0.3949941,0.12967348,-0.85955255,-0.37786573,-0.94572324,0
0.15024024,0.13141457,3.3755458,0.87252883,0.37665097,0.7393263,0
-0.14177594,-0.28440404,-0.18589744,0.33539373,-0.37786573,1.4858672,0
-0.046582732,-0.43480652,1.2116309,1.8881488,-0.37786573,0.9434824,0
-0.78441482,-0.47019533,-0.59163147,-0.85955255,-0.37786573,-0.94572324,0
-0.78441482,-0.47019533,-0.59163147,-0.85955255,-0.37786573,-0.94572324,0
3.0116263,-0.45250093,-0.54654991,-0.85955255,-0.37786573,-0.94572324,0
0.21189563,-0.31979286,-0.18589744,-0.85955255,-0.37786573,-0.94572324,0
-0.78441482,-0.47019533,-0.59163147,-0.85955255,-0.37786573,-0.94572324,0
-0.065553621,-0.195932,1.1214678,0.33159623,0.42096845,0.30968437,0
-0.78441482,-0.47019533,-0.59163147,-0.85955255,-0.37786573,-0.94572324,0
-0.17345055,-0.16939038,0.62557063,1.54553,0.22476645,0.85816343,0
-0.35926364,-0.43923012,-0.0055711987,0.42990926,-0.37786573,1.0623195,0
0.9151736,1.794689,0.30999972,1.4957406,-0.37786573,0.82464527,0
0.27067152,-0.14284877,-0.36622367,-0.85955255,-0.37786573,-0.94572324,0
-0.78441482,-0.47019533,-0.59163147,-0.85955255,-0.37786573,-0.94572324,0
1.5235971,2.6749859,-0.36622367,0.83286607,1.3917057,0.67533708,0
-0.50476359,-0.4082649,1.4370387,0.16281851,-0.37786573,0.85206922,0
-0.78441482,-0.47019533,-0.59163147,-0.85955255,-0.37786573,-0.94572324,0
-0.3467293,-0.43923012,2.1583436,1.6986958,-0.37786573,0.27616621,0
-0.78441482,-0.47019533,-0.59163147,-0.85955255,-0.37786573,-0.94572324,0
-0.78441482,-0.47019533,-0.59163147,-0.85955255,-0.37786573,-0.94572324,0
-0.2405262,-0.39057049,-0.27606055,-0.28570829,-0.37786573,1.0653666,0
0.17818843,0.16237979,0.039510361,0.92358409,-0.37786573,0.39500334,0
0.10653945,-0.44807732,0.35508128,0.54256838,0.48533746,0.9952832,0
0.026590698,-0.4038413,0.76081531,0.61007947,0.071071048,0.7911271,0
0.92042447,2.2193548,0.039510361,1.2269621,0.4257097,0.96176503,0
0.65025868,2.1485772,0.039510361,0.37632233,-0.37786573,0.63877181,0
-0.78441482,-0.47019533,-0.59163147,-0.85955255,-0.37786573,-0.94572324,0
-0.25187486,-0.4038413,-0.41130523,0.59953087,-0.37786573,1.5894688,0
-0.078426725,-0.26228603,-0.27606055,-0.85955255,-0.37786573,-0.94572324,0
-0.18564613,-0.2003556,-0.18589744,0.99911212,1.8078818,1.4279722,0
0.15498297,-0.24901522,0.53540751,0.39446593,-0.37786573,0.90387002,0
-0.45869143,-0.44807732,-0.050652758,1.1349782,-0.37786573,0.64486602,0
0.26948583,-0.19150839,0.08459192,1.9261238,-0.37786573,1.5925159,0
-0.18818687,-0.42595931,0.44524439,-0.85955255,-0.37786573,-0.94572324,0
-0.78441482,-0.47019533,-0.59163147,-0.85955255,-0.37786573,-0.94572324,0
0.17361509,-0.16496678,0.2198366,1.3531234,0.48484358,1.2268632,0
-0.40702963,-0.41711211,-0.32114211,-0.1696736,4.8789913,1.3304648,0
-0.15143077,-0.27555684,0.26491816,1.0687329,-0.37786573,1.0440369,0
0.41549393,-0.25786243,-0.095734317,0.39488788,0.60120167,1.1933451,0
-0.23713854,-0.39057049,0.98622311,-0.0046933805,0.35024486,1.3213235,0
-0.78441482,-0.47019533,-0.59163147,-0.85955255,-0.37786573,-0.94572324,0
1.3940192,4.9265994,-0.50146835,-0.85955255,-0.37786573,-0.94572324,0
0.075711751,-0.37287609,0.12967348,0.51598589,0.52326743,1.3304648,0
-0.78441482,-0.47019533,-0.59163147,-0.85955255,-0.37786573,-0.94572324,0
-0.52898535,-0.42153571,2.023099,0.92527187,0.089081199,0.59915943,0
0.59317663,1.9450915,-0.230979,-0.85955255,-0.37786573,-0.94572324,0
-0.14702682,-0.31979286,0.44524439,0.77716942,0.60218943,1.1781095,0
-0.15888362,-0.42153571,-0.050652758,0.70375111,-0.37786573,1.2512401,0
0.10162734,-0.35960528,-0.14081588,0.50881284,1.2301083,1.3548417,0
-0.092824275,-0.44365372,-0.18589744,-0.85955255,-0.37786573,-0.94572324,0
2.0610492,4.9177522,-0.18589744,1.2737979,0.26411222,0.49251073,0
-0.78441482,-0.47019533,-0.59163147,-0.85955255,-0.37786573,-0.94572324,0
-0.49121295,-0.45250093,0.08459192,0.35438122,1.7419324,1.0318485,0
-0.78441482,-0.47019533,-0.59163147,-0.85955255,-0.37786573,-0.94572324,0
0.27117966,-0.21805001,1.5722834,0.51345423,0.23026498,0.83683369,0
-0.78441482,-0.47019533,-0.59163147,-0.85955255,-0.37786573,-0.94572324,0
0.27727745,-0.16496678,-0.18589744,1.1054421,0.71008571,1.1567798,0
0.13025306,-0.38614689,0.2198366,0.72147277,-0.37786573,1.1811567,0
-0.78441482,-0.47019533,-0.59163147,-0.85955255,-0.37786573,-0.94572324,0
0.088754237,-0.080918338,-0.36622367,0.54256838,2.326752,1.2390517,0
0.92686103,-0.014564304,-0.41130523,0.96155908,2.1256112,0.75456183,0
0.089601152,-0.25786243,1.3919571,0.80501774,-0.37786573,1.2938996,0
-0.78441482,-0.47019533,-0.59163147,-0.85955255,-0.37786573,-0.94572324,0
-0.27948427,-0.37729969,0.40016284,0.25775598,-0.37786573,0.91301134,0
-0.78441482,-0.47019533,-0.59163147,-0.85955255,-0.37786573,-0.94572324,0
0.25237816,-0.27998044,0.40016284,1.0058632,0.27807255,1.2603814,0
-0.24425262,-0.41268851,-0.095734317,0.42020454,2.1114533,1.4858672,0
0.67380291,5.0018006,-0.32114211,0.61092336,-0.37786573,0.93129397,0
0.20241019,-0.26228603,1.1665493,1.1662021,-0.37786573,1.6351754,0
0.01287068,-0.14727237,1.1214678,-0.85955255,-0.37786573,-0.94572324,0
-0.29388182,-0.38614689,0.35508128,0.9083941,0.74923392,0.7393263,0
-0.78441482,-0.47019533,-0.59163147,-0.85955255,-0.37786573,-0.94572324,0
0.40465342,-0.17823759,-0.32114211,-0.85955255,-0.37786573,-0.94572324,0
0.42311616,1.0515238,0.80589687,2.5370991,-0.37786573,0.88254028,0
0.20749168,0.77283689,0.35508128,1.2092404,0.42133063,0.86730475,0
-0.78441482,-0.47019533,-0.59163147,-0.85955255,-0.37786573,-0.94572324,0
0.29421574,0.21988661,-0.230979,-0.85955255,-0.37786573,-0.94572324,0
-0.058439538,-0.15611958,0.62557063,0.29277736,-0.37786573,1.1598269,0
0.17276818,-0.0012934972,-0.27606055,0.41429732,1.2063691,0.6357247,0
-0.78441482,-0.47019533,-0.59163147,-0.85955255,-0.37786573,-0.94572324,0
0.47223721,0.49857356,0.62557063,-0.85955255,-0.37786573,-0.94572324,0
-0.06199658,-0.27998044,-0.050652758,-0.85955255,-0.37786573,-0.94572324,0
0.46088856,0.63570523,-0.32114211,0.54931949,-0.37786573,0.87339896,0
0.20783044,-0.28440404,0.12967348,0.99025129,0.31373068,1.1659211,0
-0.78441482,-0.47019533,-0.59163147,-0.85955255,-0.37786573,-0.94572324,0
-0.78441482,-0.47019533,-0.59163147,-0.85955255,-0.37786573,-0.94572324,0
-0.51645101,-0.44807732,0.2198366,-0.85955255,-0.37786573,-0.94572324,0
-0.34097028,-0.42595931,0.62557063,0.52526867,0.54743462,1.1872509,0
-0.78441482,-0.47019533,-0.59163147,-0.85955255,-0.37786573,-0.94572324,0
0.42904456,-0.094189144,-0.050652758,-0.85955255,-0.37786573,-0.94572324,0
-0.15718979,-0.14727237,0.2198366,0.31935985,0.6271139,1.0318485,0
0.48798983,0.48530275,0.53540751,-0.85955255,-0.37786573,-0.94572324,0
-0.30133467,-0.3949941,1.0313047,1.1311807,-0.37786573,0.3767207,0
0.50950146,0.01197731,0.44524439,0.69404639,0.20748066,0.96785924,0
-0.78441482,-0.47019533,-0.59163147,-0.85955255,-0.37786573,-0.94572324,0
-0.78441482,-0.47019533,-0.59163147,-0.85955255,-0.37786573,-0.94572324,0
-0.17649945,-0.42595931,1.6624465,0.41049982,0.44576122,0.40109755,0
0.23459295,-0.14284877,0.17475504,0.40796815,0.97319197,1.1354501,0
-0.2821944,-0.45250093,-0.14081588,1.3387773,-0.37786573,0.96785924,0
-0.24967288,-0.39057049,-0.230979,-0.85955255,-0.37786573,-0.94572324,0
0.23374603,0.01197731,-0.18589744,0.48138646,2.0415858,1.2938996,0
-0.78441482,-0.47019533,-0.59163147,-0.85955255,-0.37786573,-0.94572324,0
-0.19005008,-0.4038413,1.5272018,0.53201978,-0.37786573,1.0806022,0
0.043190226,-0.2003556,0.80589687,1.5311839,0.33964291,1.0714608,0
-0.010334783,-0.4038413,0.17475504,0.59488948,-0.37786573,0.98918898,0
0.15532173,-0.10745995,-0.18589744,0.80122024,0.57127255,0.90387002,0
0.29082809,-0.16496678,0.17475504,-0.85955255,-0.37786573,-0.94572324,0
-0.78441482,-0.47019533,-0.59163147,-0.85955255,-0.37786573,-0.94572324,0
-0.78441482,-0.47019533,-0.59163147,-0.85955255,-0.37786573,-0.94572324,0
1.3572631,1.0471002,-0.18589744,0.75016498,0.68641241,0.69361971,0
0.058434691,-0.36845248,-0.095734317,-0.85955255,-0.37786573,-0.94572324,0
-0.78441482,-0.47019533,-0.59163147,-0.85955255,-0.37786573,-0.94572324,0
-0.78441482,-0.47019533,-0.59163147,-0.85955255,-0.37786573,-0.94572324,0
-0.78441482,-0.47019533,-0.59163147,-0.85955255,-0.37786573,-0.94572324,0
0.098747831,0.193345,0.62557063,1.1273832,0.22147392,1.5315738,0
0.1566768,0.41452511,-0.050652758,1.0113485,0.71755976,1.1872509,0
2.075108,-0.42595931,-0.36622367,-0.85955255,-0.37786573,-0.94572324,0
-0.21799827,-0.43923012,0.12967348,1.1792823,-0.37786573,1.1110732,0
0.30014415,0.1889214,-0.095734317,0.181806,-0.37786573,1.0318485,0
0.38669883,0.16237979,-0.095734317,-0.85955255,-0.37786573,-0.94572324,0
-0.063351643,-0.45250093,0.62557063,1.6278091,-0.37786573,1.162874,0
-0.18733996,-0.36845248,-0.14081588,0.82442718,4.1786697,1.3670301,0
-0.02862814,-0.43480652,-0.27606055,-0.85955255,-0.37786573,-0.94572324,0
0.25745965,0.11814376,-0.18589744,1.0725304,0.85031466,0.87339896,0
-0.78441482,-0.47019533,-0.59163147,-0.85955255,-0.37786573,-0.94572324,0
-0.78441482,-0.47019533,-0.59163147,-0.85955255,-0.37786573,-0.94572324,0
0.31420293,-0.15169597,-0.36622367,0.9531202,-0.37786573,0.48946362,0
-0.78441482,-0.47019533,-0.59163147,-0.85955255,-0.37786573,-0.94572324,0
-0.78441482,-0.47019533,-0.59163147,-0.85955255,-0.37786573,-0.94572324,0
0.15498297,-0.27998044,-0.41130523,0.36619566,-0.37786573,0.34015543,0
0.11636366,-0.23574442,0.17475504,-0.85955255,-0.37786573,-0.94572324,0
0.30912144,0.36144189,0.76081531,0.85776078,0.086842277,0.96176503,0
0.78695072,5.0283423,-0.0055711987,1.0240068,-0.37786573,0.51384047,0
-0.78441482,-0.47019533,-0.59163147,-0.85955255,-0.37786573,-0.94572324,0
-0.035064692,-0.24901522,0.08459192,1.1476365,-0.37786573,0.9465295,0
-0.78441482,-0.47019533,-0.59163147,-0.85955255,-0.37786573,-0.94572324,0
-0.78441482,-0.47019533,-0.59163147,-0.85955255,-0.37786573,-0.94572324,0
-0.13533939,-0.38172329,0.30999972,0.66830779,1.4310186,1.2634285,0
0.45580707,-0.12515436,-0.36622367,1.7771774,1.4062258,0.76979736,0
0.38805389,-0.04552952,0.30999972,0.14594074,-0.37786573,1.1781095,0
0.17005805,-0.24016802,1.7526096,0.19235461,-0.37786573,1.162874,0
-0.23341212,-0.43038291,0.76081531,-0.85955255,-0.37786573,-0.94572324,0
0.12822046,-0.054376724,0.26491816,1.113881,0.55885971,1.0684137,0
-0.032015799,-0.28440404,-0.050652758,0.24931709,1.1705793,1.3152293,0
-0.17887081,-0.43923012,0.12967348,0.88518716,1.1757486,1.2847583,0
-0.19530095,-0.45250093,0.40016284,0.9970024,-0.37786573,0.95262371,0
3.236228,-0.4038413,-0.54654991,-0.85955255,-0.37786573,-0.94572324,0
1.6953514,0.7816841,-0.32114211,1.394052,1.2653713,1.0623195,0
-0.11331961,-0.25343882,1.0763862,-0.85955255,-0.37786573,-0.94572324,0
0.031333421,-0.25343882,1.8427727,0.60164059,-0.37786573,1.1842038,0
-0.25695634,-0.42153571,1.0313047,0.4560698,0.10060506,0.99223609,0
-0.78441482,-0.47019533,-0.59163147,-0.85955255,-0.37786573,-0.94572324,0
-0.78441482,-0.47019533,-0.59163147,-0.85955255,-0.37786573,-0.94572324,0
-0.31082012,-0.36402888,0.26491816,-0.85955255,-0.37786573,-0.94572324,0
-0.78441482,-0.47019533,-0.59163147,-0.85955255,-0.37786573,-0.94572324,0
0.20884674,-0.072071133,-0.41130523,0.8493219,2.210328,1.4035954,0
-0.29964084,-0.30209845,-0.27606055,-0.1696736,4.8789913,1.1537327,0
-0.41312741,-0.42595931,1.2567125,1.5261206,-0.37786573,0.72409077,0
0.65042807,2.1308828,-0.32114211,1.0324457,-0.37786573,0.49251073,0
1.4250163,4.7009957,-0.0055711987,0.60206253,-0.37786573,0.64791313,0
-0.41007852,-0.45250093,0.12967348,-0.85955255,-0.37786573,-0.94572324,0
0.26050854,-0.16054318,0.49032595,0.36028844,-0.37786573,1.0562253,0
0.937024,1.5779325,0.44524439,1.8050257,-0.37786573,0.96176503,0
-0.78441482,-0.47019533,-0.59163147,-0.85955255,-0.37786573,-0.94572324,0
-0.23137952,-0.28882764,-0.18589744,-0.85955255,-0.37786573,-0.94572324,0
0.28134264,-0.2092028,0.12967348,0.48012063,-0.37786573,1.0227071,0
-0.78441482,-0.47019533,-0.59163147,-0.85955255,-0.37786573,-0.94572324,0
1.0037609,5.0283423,0.30999972,1.0341335,-0.37786573,0.37062649,0
-0.78441482,-0.47019533,-0.59163147,-0.85955255,-0.37786573,-0.94572324,0
-0.33148484,-0.24016802,0.58048907,0.95860547,-0.37786573,1.1659211,0
0.84216956,-0.42153571,-0.36622367,-0.85955255,-0.37786573,-0.94572324,0
-0.78441482,-0.47019533,-0.59163147,-0.85955255,-0.37786573,-0.94572324,0
-0.78441482,-0.47019533,-0.59163147,-0.85955255,-0.37786573,-0.94572324,0
-0.43040447,-0.45250093,-0.41130523,0.94088381,3.950168,0.59001811,0
0.64619349,0.15353258,-0.0055711987,1.0645135,-0.37786573,1.3335119,0
-0.78441482,-0.47019533,-0.59163147,-0.85955255,-0.37786573,-0.94572324,0
-0.25509313,-0.44807732,0.17475504,-0.85955255,-0.37786573,-0.94572324,0
-0.78441482,-0.47019533,-0.59163147,-0.85955255,-0.37786573,-0.94572324,0
0.82048854,-0.45250093,-0.18589744,-0.85955255,-0.37786573,-0.94572324,0
-0.22883878,-0.32864006,-0.32114211,0.40037315,1.7676142,1.5011028,0
-0.016771335,-0.35075807,-0.0055711987,-0.85955255,-0.37786573,-0.94572324,0
-0.20004368,-0.44365372,-0.27606055,-0.85955255,-0.37786573,-0.94572324,0
0.040141333,-0.34191087,-0.36622367,-0.85955255,-0.37786573,-0.94572324,0
0.18310054,-0.41711211,-0.27606055,-0.85955255,-0.37786573,-0.94572324,0
-0.78441482,-0.47019533,-0.59163147,-0.85955255,-0.37786573,-0.94572324,0
0.93922598,1.5735089,0.26491816,-0.85955255,-0.37786573,-0.94572324,0
0.37975413,1.728335,-0.32114211,0.18391572,-0.37786573,0.50774626,0
0.4415789,0.193345,0.49032595,0.90712827,-0.0050852238,1.0927906,0
-0.0016962528,-0.37729969,0.35508128,-0.85955255,-0.37786573,-0.94572324,0
-0.78441482,-0.47019533,-0.59163147,-0.85955255,-0.37786573,-0.94572324,0
-0.78441482,-0.47019533,-0.59163147,-0.85955255,-0.37786573,-0.94572324,0
0.16243582,0.05178973,-0.18589744,1.1543876,-0.37786573,0.92519976,0
0.052675671,-0.37729969,-0.27606055,0.4189387,2.6291711,0.87644607,0
-0.33707447,-0.45250093,-0.050652758,0.82738079,2.2466776,1.1293559,0
0.73715213,5.0327659,0.26491816,1.4721117,-0.37786573,0.31577859,0
0.17869658,-0.41268851,-0.41130523,-0.85955255,-0.37786573,-0.94572324,0
-0.25509313,-0.43038291,-0.050652758,-0.85955255,-0.37786573,-0.94572324,0
-0.78441482,-0.47019533,-0.59163147,-0.85955255,-0.37786573,-0.94572324,0
0.52559284,0.32162947,-0.0055711987,0.39868538,0.5409154,1.2024864,0
-0.78441482,-0.47019533,-0.59163147,-0.85955255,-0.37786573,-0.94572324,0
-0.17937896,-0.30652205,0.17475504,0.43623842,0.4461234,1.3822656,0
-0.78441482,-0.47019533,-0.59163147,-0.85955255,-0.37786573,-0.94572324,0
0.4981528,0.77283689,-0.095734317,0.069146873,-0.37786573,0.63877181,0
-0.78441482,-0.47019533,-0.59163147,-0.85955255,-0.37786573,-0.94572324,0
0.15498297,-0.2047792,1.9329359,-0.85955255,-0.37786573,-0.94572324,0
-0.78441482,-0.47019533,-0.59163147,-0.85955255,-0.37786573,-0.94572324,0
0.062161116,-0.2003556,-0.36622367,1.3868789,1.8890098,1.2329575,0
1.3631915,4.9398702,0.039510361,2.2181092,0.25742837,0.7393263,0
0.92110201,-0.45250093,-0.50146835,-0.85955255,-0.37786573,-0.94572324,0
2.9455669,-0.45250093,-0.54654991,-0.85955255,-0.37786573,-0.94572324,0
0.41651023,-0.45250093,-0.095734317,-0.85955255,-0.37786573,-0.94572324,0
1.1011561,3.8560877,-0.230979,-0.85955255,-0.37786573,-0.94572324,0
0.5498146,1.6310157,-0.230979,1.0033316,-0.37786573,0.66010155,0
0.10653945,-0.067647531,0.12967348,0.18391572,0.8945663,1.0653666,0
0.37789092,0.33490027,1.1214678,1.1231638,-0.37786573,1.2817111,0
-0.12805593,-0.32421646,1.301794,1.1265393,-0.37786573,0.92215265,0
-0.15007571,-0.31094565,0.039510361,0.65649335,0.75018876,1.6595523,0
0.57335883,0.51184436,-0.095734317,1.4181028,-0.37786573,1.6747878,0
-0.78441482,-0.47019533,-0.59163147,-0.85955255,-0.37786573,-0.94572324,0
0.16514594,-0.37729969,-0.14081588,1.3548112,-0.37786573,1.4401607,0
-0.05166422,1.7017934,-0.18589744,0.14720657,-0.37786573,-0.49779868,0
-0.2027538,-0.44807732,-0.32114211,-0.85955255,-0.37786573,-0.94572324,0
0.4724066,0.87457975,0.039510361,-0.85955255,-0.37786573,-0.94572324,0
1.1541729,1.038253,-0.230979,1.0117705,-0.37786573,0.76370315,0
-0.07063511,-0.13842517,-0.32114211,0.58096532,2.3094333,0.97090635,0
1.5381641,0.72417727,0.08459192,1.401225,0.051381705,0.70580814,0
-0.17107919,-0.45250093,-0.27606055,-0.85955255,-0.37786573,-0.94572324,0
-0.78441482,-0.47019533,-0.59163147,-0.85955255,-0.37786573,-0.94572324,0
-0.78441482,-0.47019533,-0.59163147,-0.85955255,-0.37786573,-0.94572324,0
0.369083,-0.44365372,0.2198366,-0.85955255,-0.37786573,-0.94572324,0
-0.78441482,-0.47019533,-0.59163147,-0.85955255,-0.37786573,-0.94572324,0
-0.78441482,-0.47019533,-0.59163147,-0.85955255,-0.37786573,-0.94572324,0
-0.78441482,-0.47019533,-0.59163147,-0.85955255,-0.37786573,-0.94572324,0
1.4197654,1.2859748,-0.27606055,0.1522699,1.9505143,0.89777581,0
-0.11162578,-0.43480652,0.30999972,0.94847881,-0.37786573,1.6138457,0
0.57234253,0.71975367,0.26491816,-0.85955255,-0.37786573,-0.94572324,0
-0.78441482,-0.47019533,-0.59163147,-0.85955255,-0.37786573,-0.94572324,0
0.004570916,-0.3949941,0.2198366,0.42231426,0.40532893,1.1110732,0
4.3024936,-0.45250093,-0.45638679,-0.85955255,-0.37786573,-0.94572324,0
-0.31319148,-0.3994177,1.7526096,0.93919603,0.12710995,0.90691713,0
0.12280021,-0.32421646,-0.050652758,1.242574,1.4009578,1.0684137,0
-0.036758521,-0.44365372,-0.050652758,-0.85955255,-0.37786573,-0.94572324,0
-0.12670086,-0.4038413,0.039510361,-0.85955255,-0.37786573,-0.94572324,0
-0.78441482,-0.47019533,-0.59163147,-0.85955255,-0.37786573,-0.94572324,0
-0.17531377,-0.45250093,-0.050652758,1.0577624,-0.37786573,0.77589157,0
-0.10078527,-0.4038413,-0.230979,0.48771563,-0.37786573,1.4706317,0
0.87858689,0.94978098,0.08459192,1.659033,0.26888639,0.91301134,0
-0.78441482,-0.47019533,-0.59163147,-0.85955255,-0.37786573,-0.94572324,0
-0.33588879,-0.44807732,0.67065219,0.46788424,-0.37786573,1.6473639,0
0.71496297,1.0780654,-0.050652758,-0.85955255,-0.37786573,-0.94572324,0
0.32233331,-0.12073076,-0.32114211,-0.85955255,-0.37786573,-0.94572324,0
2.2641393,3.7012616,-0.41130523,0.51725173,-0.37786573,0.34015543,0
-0.78441482,-0.47019533,-0.59163147,-0.85955255,-0.37786573,-0.94572324,0
-0.78441482,-0.47019533,-0.59163147,-0.85955255,-0.37786573,-0.94572324,0
-0.023885418,-0.30209845,0.44524439,0.19235461,0.32858,1.2573343,0
0.12161453,0.025248116,-0.095734317,0.9379302,-0.37786573,0.91605844,0
0.2191791,0.16237979,0.039510361,-0.10469418,-0.37786573,0.56868837,0
-0.78441482,-0.47019533,-0.59163147,-0.85955255,-0.37786573,-0.94572324,0
-0.78441482,-0.47019533,-0.59163147,-0.85955255,-0.37786573,-0.94572324,0
1.2007532,4.8779398,0.26491816,1.1484804,-0.37786573,0.32796701,0
-0.41583754,-0.44365372,0.26491816,-0.85955255,-0.37786573,-0.94572324,0
-0.20309257,-0.44365372,-0.230979,0.41176565,-0.37786573,1.6443167,0
-0.27779045,-0.44365372,-0.27606055,-0.85955255,-0.37786573,-0.94572324,0
-0.78441482,-0.47019533,-0.59163147,-0.85955255,-0.37786573,-0.94572324,0
0.5518472,4.3648019,-0.050652758,0.50501534,-0.37786573,0.25483647,0
-0.15109201,-0.44365372,0.039510361,0.81430052,-0.37786573,1.3365591,0
-0.27711291,-0.42153571,0.40016284,0.4189387,-0.37786573,0.82769237,0
-0.78441482,-0.47019533,-0.59163147,-0.85955255,-0.37786573,-0.94572324,0
-0.78441482,-0.47019533,-0.59163147,-0.85955255,-0.37786573,-0.94572324,0
-0.27253957,-0.27998044,0.17475504,1.1033324,-0.37786573,0.80026842,0
1.5417211,-0.45250093,-0.45638679,-0.85955255,-0.37786573,-0.94572324,0
-0.78441482,-0.47019533,-0.59163147,-0.85955255,-0.37786573,-0.94572324,0
0.037431206,-0.21805001,0.89605999,0.89911132,0.55388798,1.0044245,0
-0.78441482,-0.47019533,-0.59163147,-0.85955255,-0.37786573,-0.94572324,0
-0.0101654,-0.35518168,-0.36622367,0.97379547,-0.37786573,1.5559507,0
0.011007468,-0.33306367,-0.095734317,1.1906748,0.8545291,1.0409898,0
-0.13601692,-0.41268851,-0.36622367,0.14720657,-0.37786573,0.64181891,0
-0.78441482,-0.47019533,-0.59163147,-0.85955255,-0.37786573,-0.94572324,0
-0.78441482,-0.47019533,-0.59163147,-0.85955255,-0.37786573,-0.94572324,0
-0.78441482,-0.47019533,-0.59163147,-0.85955255,-0.37786573,-0.94572324,0
-0.78441482,-0.47019533,-0.59163147,-0.85955255,-0.37786573,-0.94572324,0
0.25847594,-0.30209845,-0.36622367,0.93835214,2.0977893,1.2146748,0
-0.21020665,-0.22247361,1.3919571,0.46535258,-0.37786573,0.8947287,0
-0.78441482,-0.47019533,-0.59163147,-0.85955255,-0.37786573,-0.94572324,0
0.57488328,0.28181705,0.17475504,-0.85955255,-0.37786573,-0.94572324,0
-0.13262927,-0.43923012,-0.050652758,-0.85955255,-0.37786573,-0.94572324,0
-0.78441482,-0.47019533,-0.59163147,-0.85955255,-0.37786573,-0.94572324,0
-0.16582832,-0.43038291,0.53540751,0.26281931,0.67294595,1.0288014,0
-0.38788936,-0.3994177,-0.14081588,0.89109438,2.016332,1.1963922,0
0.054538883,-0.072071133,0.039510361,-0.028744206,-0.37786573,1.1567798,0
0.67532736,3.6791436,0.53540751,-0.85955255,-0.37786573,-0.94572324,0
-0.78441482,-0.47019533,-0.59163147,-0.85955255,-0.37786573,-0.94572324,0
0.23340727,-0.45250093,-0.32114211,-0.85955255,-0.37786573,-0.94572324,0
1.6001582,2.6484442,-0.095734317,-0.85955255,-0.37786573,-0.94572324,0
-0.78441482,-0.47019533,-0.59163147,-0.85955255,-0.37786573,-0.94572324,0
-0.78441482,-0.47019533,-0.59163147,-0.85955255,-0.37786573,-0.94572324,0
1.3570937,1.1532667,-0.41130523,0.92105243,-0.37786573,1.0105187,0
-0.042009393,-0.16054318,0.71573375,1.143839,0.55978161,0.9465295,0
-0.78441482,-0.47019533,-0.59163147,-0.85955255,-0.37786573,-0.94572324,0
2.4458872,-0.45250093,-0.50146835,-0.85955255,-0.37786573,-0.94572324,0
-0.45123858,-0.42595931,1.3468756,0.30332596,0.50864859,0.3736736,0
-0.78441482,-0.47019533,-0.59163147,-0.85955255,-0.37786573,-0.94572324,0
-0.78441482,-0.47019533,-0.59163147,-0.85955255,-0.37786573,-0.94572324,0
-0.78441482,-0.47019533,-0.59163147,-0.85955255,-0.37786573,-0.94572324,0
1.1562055,-0.45250093,-0.095734317,-0.85955255,-0.37786573,-0.94572324,0
0.25017618,0.43221952,0.26491816,0.66071279,-0.37786573,1.1872509,0
0.1397385,-0.33748727,-0.41130523,-0.85955255,-0.37786573,-0.94572324,0
-0.78441482,-0.47019533,-0.59163147,-0.85955255,-0.37786573,-0.94572324,0
-0.13449248,-0.35518168,0.26491816,1.757768,1.2547035,0.60830075,0
-0.21223925,-0.42595931,0.12967348,-0.12410362,0.72016086,0.91605844,0
-0.78441482,-0.47019533,-0.59163147,-0.85955255,-0.37786573,-0.94572324,0
1.7824143,4.5505932,-0.18589744,1.3586087,0.47114665,0.54126442,0
0.9797085,2.6971039,-0.18589744,1.2759076,-0.37786573,0.45899256,0
-0.78441482,-0.47019533,-0.59163147,-0.85955255,-0.37786573,-0.94572324,0
0.011007468,-0.067647531,0.71573375,0.38855871,0.15397701,1.2634285,0
-0.78441482,-0.47019533,-0.59163147,-0.85955255,-0.37786573,-0.94572324,0
0.077574963,-0.37729969,-0.230979,-0.85955255,-0.37786573,-0.94572324,0
-0.35147202,-0.44807732,0.40016284,0.55818032,-0.37786573,0.65400734,0
-0.78441482,-0.47019533,-0.59163147,-0.85955255,-0.37786573,-0.94572324,0
0.29235253,-0.45250093,0.039510361,-0.85955255,-0.37786573,-0.94572324,0
-0.78441482,-0.47019533,-0.59163147,-0.85955255,-0.37786573,-0.94572324,0
-0.78441482,-0.47019533,-0.59163147,-0.85955255,-0.37786573,-0.94572324,0
0.49544268,1.1046071,0.62557063,1.6092436,-0.37786573,1.2024864,0
0.4763024,0.17565059,-0.27606055,-0.85955255,-0.37786573,-0.94572324,0
-0.78441482,-0.47019533,-0.59163147,-0.85955255,-0.37786573,-0.94572324,0
1.5493433,5.0637311,-0.41130523,1.6024925,-0.37786573,0.74542051,0
-0.78441482,-0.47019533,-0.59163147,-0.85955255,-0.37786573,-0.94572324,0
-0.19631725,-0.35518168,1.301794,-0.85955255,-0.37786573,-0.94572324,0
0.12838985,-0.41268851,0.17475504,1.1974259,0.43904446,1.2817111,0
0.32080887,-0.2092028,-0.41130523,0.93919603,3.5509813,1.104979,0
-0.78441482,-0.47019533,-0.59163147,-0.85955255,-0.37786573,-0.94572324,0
0.75527611,3.8870529,-0.230979,1.7873041,-0.37786573,0.71799656,0
0.20088574,-0.195932,-0.095734317,1.2100843,-0.37786573,1.0501311,0
0.089262386,-0.37729969,-0.32114211,1.1121932,1.6121408,1.650411,0
0.22697072,0.32162947,-0.41130523,-0.85955255,-0.37786573,-0.94572324,0
0.60079887,2.7811523,-0.41130523,1.1986918,-0.37786573,0.52602889,0
-0.026256779,-0.41711211,-0.0055711987,1.2256962,-0.37786573,0.9465295,0
1.044074,0.99844061,-0.14081588,-0.85955255,-0.37786573,-0.94572324,0
-0.040315563,-0.3949941,-0.18589744,-0.85955255,-0.37786573,-0.94572324,0
0.39618427,0.065060536,-0.41130523,0.85691689,-0.37786573,1.0288014,0
-0.16870783,-0.37287609,0.2198366,1.1413074,-0.37786573,0.93738818,0
0.010838085,0.30393506,1.0763862,0.49826423,0.34323177,0.90082291,0
3.3729201,2.6528678,-0.45638679,0.87084106,2.3305384,0.42242729,0
-0.78441482,-0.47019533,-0.59163147,-0.85955255,-0.37786573,-0.94572324,0
0.017274636,-0.35960528,-0.32114211,-0.85955255,-0.37786573,-0.94572324,0
1.2862916,1.8654666,0.039510361,-0.85955255,-0.37786573,-0.94572324,0
-0.78441482,-0.47019533,-0.59163147,-0.85955255,-0.37786573,-0.94572324,0
-0.78441482,-0.47019533,-0.59163147,-0.85955255,-0.37786573,-0.94572324,0
3.5116447,2.7369163,0.039510361,-0.85955255,-0.37786573,-0.94572324,0
-0.78441482,-0.47019533,-0.59163147,-0.85955255,-0.37786573,-0.94572324,0
-0.17514438,-0.36845248,-0.14081588,-0.052795031,1.0909329,0.96481214,0
-0.32047495,-0.43038291,0.80589687,0.9007991,0.11048266,0.99223609,0
-0.39093825,-0.35960528,2.2485068,-0.18528554,0.36288818,1.2329575,0
-0.2911717,-0.42595931,-0.18589744,-0.85955255,-0.37786573,-0.94572324,0
-0.78441482,-0.47019533,-0.59163147,-0.85955255,-0.37786573,-0.94572324,0
1.8488124,4.8956342,0.039510361,2.0501754,-0.37786573,0.61439496,0
-0.78441482,-0.47019533,-0.59163147,-0.85955255,-0.37786573,-0.94572324,0
-0.78441482,-0.47019533,-0.59163147,-0.85955255,-0.37786573,-0.94572324,0
0.1397385,-0.28440404,-0.050652758,0.95776158,0.91020582,1.1750624,0
0.68328836,-0.45250093,-0.45638679,-0.85955255,-0.37786573,-0.94572324,0
-0.78441482,-0.47019533,-0.59163147,-0.85955255,-0.37786573,-0.94572324,0
0.095868321,-0.27555684,-0.095734317,0.95607381,-0.37786573,1.1263087,0
-0.16413449,-0.4082649,0.80589687,0.99573657,0.62826629,0.97395345,0
-0.52085496,-0.36845248,6.0804393,1.0805474,0.12645144,0.62353628,0
-0.30946506,-0.41268851,-0.14081588,0.54763172,2.5874547,1.1842038,0
5.1387372,-0.45250093,-0.54654991,-0.85955255,-0.37786573,-0.94572324,0
0.12364712,0.66667044,0.80589687,0.4560698,0.089015349,0.62658339,0
-0.17192611,-0.4082649,0.2198366,-0.85955255,-0.37786573,-0.94572324,0
0.065718157,0.047366127,-0.230979,0.64678863,3.0162741,0.84902211,0
-0.39889925,-0.41711211,1.7075281,-0.85955255,-0.37786573,-0.94572324,0
-0.78441482,-0.47019533,-0.59163147,-0.85955255,-0.37786573,-0.94572324,0
-0.78441482,-0.47019533,-0.59163147,-0.85955255,-0.37786573,-0.94572324,0
-0.40872346,-0.35518168,2.428833,-0.010600601,-0.37786573,0.99223609,0
0.24882112,-0.31094565,0.039510361,0.66957362,-0.37786573,1.0927906,0
0.011684999,-0.04552952,0.12967348,0.73961638,1.2817352,1.0684137,0
-0.78441482,-0.47019533,-0.59163147,-0.85955255,-0.37786573,-0.94572324,0
0.14431184,-0.17823759,-0.0055711987,-0.85955255,-0.37786573,-0.94572324,0
-0.32437075,-0.44365372,0.85097843,1.2590298,-0.37786573,0.80026842,0
0.12178391,0.29066425,0.12967348,0.62991086,0.85018296,1.047084,0
6.4141908,-0.42153571,-0.54654991,-0.85955255,-0.37786573,-0.94572324,0
-0.39212393,-0.43038291,0.35508128,0.70543889,1.8055771,0.86121054,0
0.26660632,0.11372016,0.44524439,0.83624162,-0.37786573,1.2756169,0
-0.016093803,-0.24901522,-0.050652758,0.67337112,-0.37786573,1.2024864,0
0.43971569,-0.45250093,-0.45638679,-0.85955255,-0.37786573,-0.94572324,0
0.090786833,-0.35960528,0.85097843,1.3134606,-0.37786573,0.90387002,0
-0.29997961,-0.4082649,0.67065219,1.2446837,-0.37786573,1.132403,0
0.25441075,-0.018987906,0.26491816,1.151434,-0.37786573,1.0592724,0
-0.78441482,-0.47019533,-0.59163147,-0.85955255,-0.37786573,-0.94572324,0
0.55489609,0.042942525,-0.18589744,1.1476365,-0.37786573,0.95262371,0
0.30183798,-0.44365372,-0.32114211,0.54763172,2.6000651,1.0714608,0
-0.78441482,-0.47019533,-0.59163147,-0.85955255,-0.37786573,-0.94572324,0
0.69057182,1.6398629,0.67065219,1.2231646,0.11048266,0.80636263,0
-0.26186845,-0.45250093,-0.230979,0.50037395,-0.37786573,1.2756169,0
-0.092485509,-0.30209845,1.7075281,0.27632153,0.12075536,1.4432078,0
6.9242028,-0.45250093,-0.54654991,-0.85955255,-0.37786573,-0.94572324,0
0.17344571,-0.27555684,-0.095734317,1.0877204,1.3441287,1.4980557,0
-0.78441482,-0.47019533,-0.59163147,-0.85955255,-0.37786573,-0.94572324,0
0.21714651,-0.14727237,1.6624465,1.121476,0.13530835,1.1598269,0
5.2014089,-0.44807732,-0.50146835,-0.85955255,-0.37786573,-0.94572324,0
0.71394667,-0.44807732,0.12967348,-0.85955255,-0.37786573,-0.94572324,0
-0.045397051,-0.34191087,-0.27606055,0.050581324,-0.37786573,0.72713788,0
0.75425981,1.0249822,-0.27606055,0.045939936,2.0705271,0.82159816,0
-0.42058026,-0.45250093,0.08459192,-0.85955255,-0.37786573,-0.94572324,0
0.766286,1.9097027,-0.230979,0.0071210601,3.3353863,0.64181891,0
-0.019312079,-0.29767485,0.58048907,-0.85955255,-0.37786573,-0.94572324,0
0.80626037,2.3520629,0.35508128,-0.85955255,-0.37786573,-0.94572324,0
-0.78441482,-0.47019533,-0.59163147,-0.85955255,-0.37786573,-0.94572324,0
-0.076224747,-0.42153571,-0.27606055,0.62569141,2.1947214,1.2999938,0
0.21579144,-0.19150839,-0.18589744,-0.85955255,-0.37786573,-0.94572324,0
0.80067074,1.2284679,-0.27606055,1.8784441,0.9991042,1.1019319,0
-0.0066083581,-0.10745995,0.2198366,1.4206345,0.4540584,1.2146748,0
-0.78441482,-0.47019533,-0.59163147,-0.85955255,-0.37786573,-0.94572324,0
-0.78441482,-0.47019533,-0.59163147,-0.85955255,-0.37786573,-0.94572324,0
-0.78441482,-0.47019533,-0.59163147,-0.85955255,-0.37786573,-0.94572324,0
-0.78441482,-0.47019533,-0.59163147,-0.85955255,-0.37786573,-0.94572324,0
-0.78441482,-0.47019533,-0.59163147,-0.85955255,-0.37786573,-0.94572324,0
1.0688039,-0.45250093,-0.50146835,-0.85955255,-0.37786573,-0.94572324,0
-0.54151968,-0.37729969,-0.095734317,0.029906053,1.6510914,1.1811567,0
-0.78441482,-0.47019533,-0.59163147,-0.85955255,-0.37786573,-0.94572324,0
-0.032862714,-0.30209845,1.0763862,0.41978259,0.37273286,0.76675026,0
0.22290553,-0.24016802,-0.14081588,-0.85955255,-0.37786573,-0.94572324,0
-0.78441482,-0.47019533,-0.59163147,-0.85955255,-0.37786573,-0.94572324,0
-0.037944202,-0.4038413,0.17475504,0.56915088,-0.37786573,1.5864217,0
-0.24238941,-0.42595931,0.26491816,1.2282279,0.44628803,0.78198578,0
0.64822609,0.1844978,-0.36622367,0.3598665,2.1339413,0.67228997,0
0.055385798,-0.27113323,0.85097843,-0.85955255,-0.37786573,-0.94572324,0
-0.21020665,-0.34633447,1.4370387,0.50290562,0.52860133,1.1994393,0
-0.78441482,-0.47019533,-0.59163147,-0.85955255,-0.37786573,-0.94572324,0
0.90738199,1.6531337,-0.32114211,-0.85955255,-0.37786573,-0.94572324,0
-0.78441482,-0.47019533,-0.59163147,-0.85955255,-0.37786573,-0.94572324,0
-0.78441482,-0.47019533,-0.59163147,-0.85955255,-0.37786573,-0.94572324,0
-0.78441482,-0.47019533,-0.59163147,-0.85955255,-0.37786573,-0.94572324,0
-0.78441482,-0.47019533,-0.59163147,-0.85955255,-0.37786573,-0.94572324,0
-0.43108201,-0.42153571,0.76081531,-0.85955255,-0.37786573,-0.94572324,0
0.30776638,-0.041105917,-0.27606055,-0.85955255,-0.37786573,-0.94572324,0
-0.78441482,-0.47019533,-0.59163147,-0.85955255,-0.37786573,-0.94572324,0
0.38974772,1.1753847,-0.50146835,0.67379306,-0.37786573,0.65096023,0
-0.28964725,-0.34633447,1.3468756,1.3531234,0.47717198,0.8916816,0
0.051828756,-0.16496678,0.58048907,-0.054904753,-0.37786573,1.2938996,0
-0.78441482,-0.47019533,-0.59163147,-0.85955255,-0.37786573,-0.94572324,0
0.17276818,-0.10303635,0.89605999,0.94805686,-0.37786573,0.85511633,0
0.046408502,-0.31094565,0.40016284,1.4932089,-0.37786573,1.0318485,0
1.2664738,3.4535399,-0.41130523,1.356077,-0.37786573,0.54126442,0
-0.15431028,-0.4038413,0.17475504,0.61429892,0.1855524,0.43461572,0
0.25424137,-0.27555684,1.2567125,0.83497579,-0.37786573,1.6168928,0
-0.34334164,-0.42153571,0.26491816,0.90586243,0.92459419,1.0409898,0
-0.055051879,-0.3949941,-0.32114211,-0.85955255,-0.37786573,-0.94572324,0
-0.39720542,-0.38614689,2.0681805,1.7548144,0.61140852,0.7393263,0
0.61146999,-0.058800326,0.08459192,0.97759296,-0.37786573,1.3761714,0
-0.78441482,-0.47019533,-0.59163147,-0.85955255,-0.37786573,-0.94572324,0
-0.26220722,-0.41711211,0.35508128,0.36830539,-0.37786573,1.3335119,0
-0.78441482,-0.47019533,-0.59163147,-0.85955255,-0.37786573,-0.94572324,0
-0.36807155,-0.4082649,-0.0055711987,0.75269665,-0.37786573,0.74542051,0
0.5299968,-0.42595931,-0.27606055,-0.85955255,-0.37786573,-0.94572324,0
0.75222721,0.7861077,0.12967348,1.0543868,0.6832845,1.2390517,0
-0.016771335,-0.24901522,0.2198366,0.69362445,0.4185649,0.98004767,0
-0.78441482,-0.47019533,-0.59163147,-0.85955255,-0.37786573,-0.94572324,0
-0.036250373,-0.24016802,1.2567125,1.3691573,-0.37786573,1.3487475,0
-0.011181697,-0.35518168,-0.32114211,0.9045966,4.7534471,0.97700056,0
5.9832806,-0.45250093,-0.54654991,-0.85955255,-0.37786573,-0.94572324,0
0.97649023,1.5027313,-0.32114211,1.3569209,-0.37786573,0.35843807,0
0.087568557,-0.4038413,-0.050652758,0.90206493,-0.37786573,1.3152293,0
2.51923,-0.44365372,-0.54654991,-0.85955255,-0.37786573,-0.94572324,0
-0.78441482,-0.47019533,-0.59163147,-0.85955255,-0.37786573,-0.94572324,0
-0.78441482,-0.47019533,-0.59163147,-0.85955255,-0.37786573,-0.94572324,0
-0.40940099,0.20661581,5.1337266,-0.85955255,-0.37786573,-0.94572324,0
-0.30878752,-0.44365372,0.49032595,0.39573177,0.33085184,0.98004767,0
-0.31776482,-0.42595931,0.2198366,0.62822308,0.37312796,0.79417421,0
-0.30218159,-0.3949941,-0.095734317,0.41640704,1.5996292,0.88254028,0
-0.78441482,-0.47019533,-0.59163147,-0.85955255,-0.37786573,-0.94572324,0
0.50899331,1.0736418,0.2198366,1.9029168,-0.37786573,0.92519976,0
-0.48003368,-0.45250093,1.301794,-0.85955255,-0.37786573,-0.94572324,0
-0.78441482,-0.47019533,-0.59163147,-0.85955255,-0.37786573,-0.94572324,0
-0.78441482,-0.47019533,-0.59163147,-0.85955255,-0.37786573,-0.94572324,0
1.3977456,1.4319536,-0.50146835,0.92105243,3.6993758,0.89777581,0
-0.35147202,-0.45250093,0.76081531,-0.85955255,-0.37786573,-0.94572324,0
-0.14330039,-0.43480652,-0.18589744,0.8045958,-0.37786573,1.5224325,0
0.050473693,-0.33306367,0.44524439,0.62737919,-0.37786573,1.3152293,0
-0.35181079,-0.44807732,-0.230979,1.0210532,-0.37786573,0.88863449,0
-0.34266411,-0.33306367,0.67065219,0.13117269,1.3770869,0.95871792,0
-0.78441482,-0.47019533,-0.59163147,-0.85955255,-0.37786573,-0.94572324,0
-0.20800467,-0.29325125,0.30999972,1.3683134,0.50446707,1.0988848,0
-0.023377269,-0.28440404,-0.27606055,1.2898318,-0.37786573,0.86730475,0
0.038278121,-0.24901522,0.35508128,1.4155712,0.65862343,1.2451459,0
0.32250269,0.9763226,0.80589687,0.63919363,2.0538669,0.65096023,0
2.2102756,2.2547436,-0.41130523,1.8349838,-0.37786573,0.71494946,0
2.1096621,0.193345,-0.18589744,-0.85955255,-0.37786573,-0.94572324,0
-0.20105997,-0.25343882,1.4370387,1.0214752,-0.37786573,1.2390517,0
-0.78441482,-0.47019533,-0.59163147,-0.85955255,-0.37786573,-0.94572324,0
-0.31183642,-0.42153571,0.17475504,0.67548084,-0.37786573,1.306088,0
-0.78441482,-0.47019533,-0.59163147,-0.85955255,-0.37786573,-0.94572324,0
-0.78441482,-0.47019533,-0.59163147,-0.85955255,-0.37786573,-0.94572324,0
0.62705322,0.16680339,-0.18589744,0.67590279,-0.37786573,1.1202145,0
-0.78441482,-0.47019533,-0.59163147,-0.85955255,-0.37786573,-0.94572324,0
-0.25610943,-0.43480652,0.94114155,0.41640704,0.50114161,0.92215265,0
-0.5472787,-0.42153571,23.977818,-0.11988418,-0.12091651,0.90691713,0
-0.78441482,-0.47019533,-0.59163147,-0.85955255,-0.37786573,-0.94572324,0
0.83691868,5.0770019,-0.14081588,-0.85955255,-0.37786573,-0.94572324,0
-0.056745708,-0.36402888,-0.18589744,0.40163899,-0.37786573,0.95262371,0
-0.78441482,-0.47019533,-0.59163147,-0.85955255,-0.37786573,-0.94572324,0
1.1773784,0.76841329,-0.14081588,0.96282491,0.76516978,1.1080261,0
-0.21647382,-0.054376724,-0.27606055,0.91050382,-0.37786573,0.76370315,0
-0.78441482,-0.47019533,-0.59163147,-0.85955255,-0.37786573,-0.94572324,0
-0.78441482,-0.47019533,-0.59163147,-0.85955255,-0.37786573,-0.94572324,0
0.1775109,-0.3949941,0.40016284,0.9341327,-0.37786573,1.0440369,0
0.10738636,-0.098612747,-0.0055711987,1.0877204,-0.37786573,1.3792185,0
0.14160171,-0.31536926,0.40016284,1.0877204,-0.37786573,0.86730475,0
-0.78441482,-0.47019533,-0.59163147,-0.85955255,-0.37786573,-0.94572324,0
-0.78441482,-0.47019533,-0.59163147,-0.85955255,-0.37786573,-0.94572324,0
-0.78441482,-0.47019533,-0.59163147,-0.85955255,-0.37786573,-0.94572324,0
-0.55794983,-0.44807732,-0.59163147,-0.85955255,-0.37786573,-0.94572324,0
0.26728386,0.21103941,-0.27606055,-0.85955255,-0.37786573,-0.94572324,0
-0.27609662,-0.43038291,0.08459192,-0.85955255,-0.37786573,-0.94572324,0
0.27947943,-0.21805001,-0.230979,-0.85955255,-0.37786573,-0.94572324,0
0.037769972,-0.23132081,-0.095734317,0.71640944,2.0364494,0.92215265,0
-0.012875527,-0.2003556,-0.14081588,0.79362525,-0.37786573,1.1598269,0
-0.067924982,-0.24901522,0.98622311,1.083501,1.1989609,1.1354501,0
-0.78441482,-0.47019533,-0.59163147,-0.85955255,-0.37786573,-0.94572324,0
-0.78441482,-0.47019533,-0.59163147,-0.85955255,-0.37786573,-0.94572324,0
1.3487939,2.0424107,0.26491816,-0.85955255,-0.37786573,-0.94572324,0
-0.60046495,-0.4082649,-0.0055711987,-0.021571153,1.6510914,1.1933451,0
-0.14363916,-0.2003556,0.2198366,-0.15659333,-0.37786573,1.0866964,0
0.5626877,0.10044935,-0.095734317,1.1716873,0.78871138,1.1598269,0
0.23256035,-0.22247361,-0.18589744,-0.10469418,-0.37786573,0.43461572,0
0.44039322,0.46318474,0.67065219,0.70121944,-0.37786573,0.89777581,0
-0.78441482,-0.47019533,-0.59163147,-0.85955255,-0.37786573,-0.94572324,0
0.042173929,-0.38172329,-0.18589744,-0.85955255,-0.37786573,-0.94572324,0
-0.78441482,-0.47019533,-0.59163147,-0.85955255,-0.37786573,-0.94572324,0
3.7313344,-0.44365372,-0.45638679,-0.85955255,-0.37786573,-0.94572324,0
0.39957193,0.193345,-0.14081588,1.1615607,-0.37786573,1.2268632,0
-0.78441482,-0.47019533,-0.59163147,-0.85955255,-0.37786573,-0.94572324,0
-0.78441482,-0.47019533,-0.59163147,-0.85955255,-0.37786573,-0.94572324,0
-0.78441482,-0.47019533,-0.59163147,-0.85955255,-0.37786573,-0.94572324,0
-0.24272818,-0.45250093,-0.0055711987,-0.85955255,-0.37786573,-0.94572324,0
-0.02456295,-0.4038413,-0.18589744,0.61303308,1.3555537,1.4066425,0
0.85639772,2.9271312,0.039510361,-0.057858363,0.54028982,0.56259416,0
-0.78441482,-0.47019533,-0.59163147,-0.85955255,-0.37786573,-0.94572324,0
1.640302,-0.44807732,-0.50146835,-0.85955255,-0.37786573,-0.94572324,0
0.97327195,0.87457975,-0.095734317,0.98307824,-0.37786573,0.71799656,0
-0.39483406,-0.45250093,0.26491816,-0.85955255,-0.37786573,-0.94572324,0
-0.78441482,-0.47019533,-0.59163147,-0.85955255,-0.37786573,-0.94572324,0
-0.053019284,-0.16054318,0.67065219,1.7075566,0.031099706,0.9434824,0
1.2600373,-0.29767485,-0.41130523,-0.85955255,-0.37786573,-0.94572324,0
-0.78441482,-0.47019533,-0.59163147,-0.85955255,-0.37786573,-0.94572324,0
-0.78441482,-0.47019533,-0.59163147,-0.85955255,-0.37786573,-0.94572324,0
2.5668267,1.2859748,-0.18589744,2.2181092,0.18762669,0.83073948,0
0.41769591,-0.32421646,-0.095734317,-0.85955255,-0.37786573,-0.94572324,0
0.011007468,-0.42595931,-0.14081588,-0.85955255,-0.37786573,-0.94572324,0
-0.55117451,-0.45250093,-0.59163147,-0.14140334,-0.37786573,0.31577859,0
0.35688743,-0.25343882,-0.41130523,2.0809773,2.7864883,1.1872509,0
-0.78441482,-0.47019533,-0.59163147,-0.85955255,-0.37786573,-0.94572324,0
-0.19563972,-0.39057049,0.94114155,0.65522751,0.28041025,1.2268632,0
-0.78441482,-0.47019533,-0.59163147,-0.85955255,-0.37786573,-0.94572324,0
0.11246785,-0.29767485,-0.14081588,0.67970028,0.57031772,1.2999938,0
-0.12128061,-0.37729969,0.44524439,0.88096772,0.3820178,1.1689682,0
5.6045403,-0.43038291,-0.50146835,-0.85955255,-0.37786573,-0.94572324,0
-0.78441482,-0.47019533,-0.59163147,-0.85955255,-0.37786573,-0.94572324,0
1.5456169,-0.45250093,-0.54654991,-0.85955255,-0.37786573,-0.94572324,0
0.90975335,0.93651018,0.2198366,0.53877089,-0.37786573,0.87949317,0
-0.78441482,-0.47019533,-0.59163147,-0.85955255,-0.37786573,-0.94572324,0
0.72749731,1.9981747,1.3919571,0.30163819,0.029749768,0.5839239,0
0.38466623,-0.023411508,0.08459192,-0.85955255,-0.37786573,-0.94572324,0
0.4227774,1.449648,0.039510361,0.71008027,-0.37786573,1.0745079,0
0.22188923,-0.098612747,-0.095734317,1.1050201,1.1846384,1.1811567,0
-0.0059308263,-0.34633447,-0.095734317,-0.85955255,-0.37786573,-0.94572324,0
-0.78441482,-0.47019533,-0.59163147,-0.85955255,-0.37786573,-0.94572324,0
4.3448394,-0.44807732,-0.45638679,-0.85955255,-0.37786573,-0.94572324,0
0.14092418,-0.195932,0.2198366,0.28265069,-0.37786573,1.104979,0
0.3006523,-0.21805001,-0.27606055,0.3674615,-0.37786573,0.8947287,0
-0.78441482,-0.47019533,-0.59163147,-0.85955255,-0.37786573,-0.94572324,0
-0.78441482,-0.47019533,-0.59163147,-0.85955255,-0.37786573,-0.94572324,0
-0.10806874,-0.42153571,-0.18589744,0.63624002,-0.37786573,1.2177219,0
-0.39076887,-0.33748727,-0.050652758,-0.85955255,-0.37786573,-0.94572324,0
1.4455116,4.6921485,-0.0055711987,0.86408995,-0.37786573,0.64486602,0
-0.36299006,-0.36845248,13.113163,-0.85955255,-0.37786573,-0.94572324,0
-0.78441482,-0.47019533,-0.59163147,-0.85955255,-0.37786573,-0.94572324,0
-0.19631725,-0.43480652,0.2198366,1.7071347,0.48306561,0.99223609,0
-0.78441482,-0.47019533,-0.59163147,-0.85955255,-0.37786573,-0.94572324,0
-0.78441482,-0.47019533,-0.59163147,-0.85955255,-0.37786573,-0.94572324,0
-0.45208549,-0.43923012,2.6091592,0.11345103,-0.12144331,1.2420988,0
0.30183798,-0.032258713,0.2198366,0.80670552,0.55678541,1.2512401,0
-0.12399074,-0.45250093,-0.36622367,0.88096772,2.4609885,0.9434824,0
-0.78441482,-0.47019533,-0.59163147,-0.85955255,-0.37786573,-0.94572324,0
-0.14702682,-0.19150839,0.12967348,0.061129931,-0.37786573,0.48641652,0
-0.1947928,-0.3994177,-0.0055711987,0.50037395,-0.37786573,1.0623195,0
-0.39059948,-0.44807732,0.53540751,0.31978179,-0.37786573,1.162874,0
0.43514235,1.1134543,0.40016284,-0.85955255,-0.37786573,-0.94572324,0
0.56285709,0.90996856,-0.095734317,1.1328685,1.0883977,0.9434824,0
0.52406839,-0.45250093,-0.230979,-0.85955255,-0.37786573,-0.94572324,0
0.49730589,0.68436485,-0.41130523,-0.85955255,-0.37786573,-0.94572324,0
-0.49307616,-0.35518168,1.9780174,0.69995361,-0.37786573,1.2664756,0
0.058095925,-0.37729969,0.12967348,0.50374951,-0.37786573,0.80331553,0
-0.20614146,-0.37729969,0.35508128,0.63075475,0.63524645,1.1476385,0
0.35231409,1.3921412,0.2198366,0.4712598,2.14642,0.49555783,0
-0.78441482,-0.47019533,-0.59163147,-0.85955255,-0.37786573,-0.94572324,0
0.10416808,-0.24901522,0.40016284,0.89826744,1.2847314,1.2725698,0
-0.78441482,-0.47019533,-0.59163147,-0.85955255,-0.37786573,-0.94572324,0
0.36078324,0.51626796,-0.18589744,1.265359,-0.37786573,0.93434108,0
-0.78441482,-0.47019533,-0.59163147,-0.85955255,-0.37786573,-0.94572324,0
0.1268654,-0.4082649,-0.230979,1.3683134,1.2048545,0.81245684,0
-0.15075324,-0.4082649,-0.14081588,-0.85955255,-0.37786573,-0.94572324,0
-0.18513798,-0.41711211,0.40016284,0.92147437,-0.37786573,0.82159816,0
0.34875705,-0.44365372,-0.32114211,-0.85955255,-0.37786573,-0.94572324,0
-0.78441482,-0.47019533,-0.59163147,-0.85955255,-0.37786573,-0.94572324,0
0.91500422,1.8566194,0.40016284,2.3750725,-0.37786573,1.2756169,0
-0.78441482,-0.47019533,-0.59163147,-0.85955255,-0.37786573,-0.94572324,0
-0.78441482,-0.47019533,-0.59163147,-0.85955255,-0.37786573,-0.94572324,0
0.078591261,-0.089765542,-0.230979,1.0847668,-0.37786573,0.8947287,0
-0.78441482,-0.47019533,-0.59163147,-0.85955255,-0.37786573,-0.94572324,0
-0.51289397,-0.43923012,-0.59163147,0.96409075,-0.37786573,0.4285215,0
1.6570709,3.5464355,-0.41130523,-0.85955255,-0.37786573,-0.94572324,0
-0.78441482,-0.47019533,-0.59163147,-0.85955255,-0.37786573,-0.94572324,0
-0.78441482,-0.47019533,-0.59163147,-0.85955255,-0.37786573,-0.94572324,0
-0.78441482,-0.47019533,-0.59163147,-0.85955255,-0.37786573,-0.94572324,0
2.2565171,2.6263262,-0.0055711987,2.6408974,-0.37786573,1.1384972,0
-0.78441482,-0.47019533,-0.59163147,-0.85955255,-0.37786573,-0.94572324,0
-0.78441482,-0.47019533,-0.59163147,-0.85955255,-0.37786573,-0.94572324,0
2.1347308,1.6708281,-0.36622367,0.98181241,-0.37786573,0.67228997,0
0.41244504,-0.058800326,-0.41130523,1.1978479,-0.37786573,1.2542872,0
-0.78441482,-0.47019533,-0.59163147,-0.85955255,-0.37786573,-0.94572324,0
0.11636366,0.01197731,0.76081531,0.87421661,0.48069499,1.3975012,0
-0.78441482,-0.47019533,-0.59163147,-0.85955255,-0.37786573,-0.94572324,0
-0.78441482,-0.47019533,-0.59163147,-0.85955255,-0.37786573,-0.94572324,0
0.2191791,-0.18708479,3.1952195,0.39488788,0.87247341,0.90387002,0
0.11026587,-0.30652205,-0.14081588,1.1797043,-0.37786573,1.0318485,0
-0.78441482,-0.47019533,-0.59163147,-0.85955255,-0.37786573,-0.94572324,0
-0.39720542,-0.36402888,0.58048907,0.79826663,0.71008571,1.0897435,0
-0.78441482,-0.47019533,-0.59163147,-0.85955255,-0.37786573,-0.94572324,0
-0.24459139,-0.35075807,-0.18589744,-0.12621334,-0.37786573,0.44985124,0
1.2290402,2.2901325,0.35508128,-0.85955255,-0.37786573,-0.94572324,0
-0.78441482,-0.47019533,-0.59163147,-0.85955255,-0.37786573,-0.94572324,0
-0.028289374,0.13141457,1.9329359,-0.85955255,-0.37786573,-0.94572324,0
-0.15922239,-0.36845248,-0.27606055,-0.85955255,-0.37786573,-0.94572324,0
-0.23425903,-0.4038413,-0.0055711987,0.4379262,1.2687955,1.0653666,0
1.1252084,4.0020665,-0.41130523,-0.85955255,-0.37786573,-0.94572324,0
0.10128857,-0.27998044,-0.050652758,-0.19752193,-0.37786573,0.59611233,0
-0.78441482,-0.47019533,-0.59163147,-0.85955255,-0.37786573,-0.94572324,0
-0.78441482,-0.47019533,-0.59163147,-0.85955255,-0.37786573,-0.94572324,0
0.31471108,-0.33306367,-0.095734317,1.9754912,-0.37786573,0.75456183,0
-0.78441482,-0.47019533,-0.59163147,-0.85955255,-0.37786573,-0.94572324,0
0.4981528,-0.080918338,-0.230979,1.2704223,0.84807574,1.0592724,0
-0.24103435,-0.34191087,0.76081531,0.87210689,0.35633604,1.2756169,0
0.14414246,-0.24016802,-0.050652758,0.74088221,-0.37786573,1.2085806,0
-0.084016362,-0.16054318,0.26491816,0.71092416,1.3495613,1.01966,0
0.26457373,-0.26670963,-0.45638679,-0.85955255,-0.37786573,-0.94572324,0
-0.34960881,-0.27113323,0.039510361,0.37168094,2.126599,0.90387002,0
0.086213493,0.016400912,0.40016284,1.6738011,-0.37786573,0.6875255,0
-0.31454654,-0.43480652,0.08459192,-0.85955255,-0.37786573,-0.94572324,0
-0.34164781,-0.43923012,0.62557063,-0.85955255,-0.37786573,-0.94572324,0
0.48104513,2.2857089,0.49032595,2.2733839,-0.37786573,1.1781095,0
-0.78441482,-0.47019533,-0.59163147,-0.85955255,-0.37786573,-0.94572324,0
-0.12703963,-0.43480652,-0.230979,0.76957442,1.9624333,0.81855105,0
-0.10214034,-0.44365372,0.53540751,0.52358089,0.43848473,0.92215265,0
0.061483584,-0.38614689,-0.27606055,0.60628198,1.2022205,1.1141203,0
-0.78441482,-0.47019533,-0.59163147,-0.85955255,-0.37786573,-0.94572324,0
0.69226565,1.2063499,-0.27606055,-0.85955255,-0.37786573,-0.94572324,0
-0.78441482,-0.47019533,-0.59163147,-0.85955255,-0.37786573,-0.94572324,0
0.60079887,0.90996856,-0.36622367,0.99911212,1.8078818,1.0318485,0
0.6063885,1.5823561,0.12967348,0.44003592,0.50907662,0.33101412,0
-0.11077887,-0.41711211,-0.41130523,0.76788664,-0.37786573,1.2360046,0
-0.084355128,-0.43480652,0.49032595,-0.85955255,-0.37786573,-0.94572324,0
0.38415809,-0.067647531,1.1665493,0.28349458,0.055793698,1.1354501,0
1.6601198,5.0681547,0.039510361,1.5674711,-0.37786573,1.0013774,0
0.065718157,-0.3994177,0.039510361,0.82105163,-0.37786573,0.92215265,0
-0.17074043,-0.45250093,-0.14081588,-0.85955255,-0.37786573,-0.94572324,0
0.92990992,2.4980418,0.2198366,2.4033428,-0.37786573,1.5742333,0
-0.22307976,-0.4082649,0.12967348,0.71050222,1.0800017,1.2116277,0
1.201092,-0.44807732,-0.14081588,-0.85955255,-0.37786573,-0.94572324,0
3.369363,-0.44807732,-0.54654991,-0.85955255,-0.37786573,-0.94572324,0
-0.44327758,-0.45250093,0.30999972,0.87084106,2.4767598,0.90082291,0
1.6521588,3.4845051,0.08459192,1.4957406,-0.37786573,0.98004767,0
0.65737277,4.9929534,0.80589687,1.8982754,-0.37786573,0.92824687,0
0.23933567,-0.2136264,-0.27606055,-0.85955255,-0.37786573,-0.94572324,0
-0.41499063,-0.30209845,0.71573375,-0.85955255,-0.37786573,-0.94572324,0
-0.78441482,-0.47019533,-0.59163147,-0.85955255,-0.37786573,-0.94572324,0
-0.78441482,-0.47019533,-0.59163147,-0.85955255,-0.37786573,-0.94572324,0
-0.081306235,0.13583817,0.85097843,0.25944376,-0.37786573,0.72104367,0
-0.78441482,-0.47019533,-0.59163147,-0.85955255,-0.37786573,-0.94572324,0
-0.20326195,-0.41268851,-0.230979,-0.85955255,-0.37786573,-0.94572324,0
1.3447287,0.93208658,-0.41130523,1.2695784,1.6033497,0.78808,0
-0.78441482,-0.47019533,-0.59163147,-0.85955255,-0.37786573,-0.94572324,0
-0.78441482,-0.47019533,-0.59163147,-0.85955255,-0.37786573,-0.94572324,0
-0.78441482,-0.47019533,-0.59163147,-0.85955255,-0.37786573,-0.94572324,0
-0.78441482,-0.47019533,-0.59163147,-0.85955255,-0.37786573,-0.94572324,0
0.52169703,0.74629528,-0.14081588,0.40121704,1.1448646,1.0288014,0
1.8701546,-0.45250093,-0.27606055,-0.85955255,-0.37786573,-0.94572324,0
0.9737801,0.5870456,-0.0055711987,0.87463855,-0.37786573,0.75456183,0
0.71513235,0.99401701,0.44524439,0.46071119,-0.37786573,0.46813388,0
-0.78441482,-0.47019533,-0.59163147,-0.85955255,-0.37786573,-0.94572324,0
-0.082830681,0.060636934,1.4821203,0.45902341,-0.37786573,0.65400734,0
0.12381651,-0.41711211,0.89605999,1.4459511,0.028498605,0.6844784,0
-0.21901457,-0.4082649,0.17475504,1.1008007,-0.37786573,1.1080261,0
-0.78441482,-0.47019533,-0.59163147,-0.85955255,-0.37786573,-0.94572324,0
-0.33927645,-0.24901522,-0.32114211,0.72611416,3.5478205,0.76675026,0
0.1268654,0.16237979,-0.095734317,-0.85955255,-0.37786573,-0.94572324,0
-0.41465186,-0.23574442,0.17475504,-0.0143981,2.0527145,0.81855105,0
-0.78441482,-0.47019533,-0.59163147,-0.85955255,-0.37786573,-0.94572324,0
-0.031677033,-0.35960528,1.9780174,0.51472006,0.4461234,0.94957661,0
0.52677852,0.21546301,-0.230979,1.075906,1.1846384,1.047084,0
0.36823609,1.0117114,-0.27606055,0.48265229,-0.37786573,0.67838418,0
-0.24984226,-0.31094565,1.3919571,1.2370887,0.079038976,1.0623195,0
0.020154146,-0.34191087,-0.27606055,-0.85955255,-0.37786573,-0.94572324,0
1.1384203,5.0593075,-0.36622367,-0.85955255,-0.37786573,-0.94572324,0
0.49256317,0.65782324,0.08459192,0.51345423,-0.37786573,1.3365591,0
-0.11670727,-0.37287609,0.76081531,1.242574,0.78176414,0.74542051,0
-0.78441482,-0.47019533,-0.59163147,-0.85955255,-0.37786573,-0.94572324,0
0.1199207,-0.23132081,1.6173649,0.40881204,0.21284749,0.93434108,0
-0.78441482,-0.47019533,-0.59163147,-0.85955255,-0.37786573,-0.94572324,0
-0.78441482,-0.47019533,-0.59163147,-0.85955255,-0.37786573,-0.94572324,0
0.26626756,1.7194878,0.71573375,1.962411,0.21113537,1.3578888,0
1.4350098,2.0601051,0.12967348,1.2797051,-0.37786573,0.51688757,0
-0.36722464,-0.43923012,-0.0055711987,1.0168338,2.3502936,1.0988848,0
-0.01423059,-0.17381398,0.49032595,-0.85955255,-0.37786573,-0.94572324,0
0.0057565965,-0.41711211,-0.32114211,-0.85955255,-0.37786573,-0.94572324,0
0.21240378,-0.094189144,-0.050652758,0.44594314,-0.37786573,1.4432078,0
-0.30438357,-0.34633447,1.2567125,0.14889435,0.038837157,1.248193,0
-0.78441482,-0.47019533,-0.59163147,-0.85955255,-0.37786573,-0.94572324,0
-0.045058286,-0.032258713,0.58048907,0.44594314,1.1137502,0.85206922,0
-0.78441482,-0.47019533,-0.59163147,-0.85955255,-0.37786573,-0.94572324,0
-0.30844876,-0.4082649,0.58048907,-0.85955255,-0.37786573,-0.94572324,0
1.016634,1.5867797,-0.32114211,0.6341303,1.3401776,0.81855105,0
-0.38077527,-0.44807732,-0.095734317,-0.85955255,-0.37786573,-0.94572324,0
-0.36536143,-0.41268851,2.8796486,1.0813913,-0.37786573,0.43156861,0
-0.78441482,-0.47019533,-0.59163147,-0.85955255,-0.37786573,-0.94572324,0
-0.78441482,-0.47019533,-0.59163147,-0.85955255,-0.37786573,-0.94572324,0
-0.78441482,-0.47019533,-0.59163147,-0.85955255,-0.37786573,-0.94572324,0
-0.071482024,-0.195932,1.2116309,1.5725344,0.83470806,1.1354501,0
-0.78441482,-0.47019533,-0.59163147,-0.85955255,-0.37786573,-0.94572324,0
0.23239097,-0.089765542,0.71573375,1.4354025,-0.37786573,1.4066425,0
0.26948583,-0.45250093,0.30999972,1.9738035,0.38932722,0.65096023,0
-0.28304132,-0.45250093,0.039510361,-0.85955255,-0.37786573,-0.94572324,0
-0.78441482,-0.47019533,-0.59163147,-0.85955255,-0.37786573,-0.94572324,0
-0.78441482,-0.47019533,-0.59163147,-0.85955255,-0.37786573,-0.94572324,0
0.18276177,0.003130105,0.26491816,1.8197938,1.2547035,1.0531782,0
0.37568894,0.17122699,-0.14081588,-0.85955255,-0.37786573,-0.94572324,0
0.056232713,-0.39057049,-0.32114211,0.98392213,-0.37786573,1.2390517,0
1.4814208,5.0814255,-0.41130523,0.71725333,-0.37786573,0.85206922,0
-0.78441482,-0.47019533,-0.59163147,-0.85955255,-0.37786573,-0.94572324,0
-0.0035594652,-0.4038413,-0.18589744,0.91008188,-0.37786573,1.2024864,0
-0.27253957,-0.32864006,0.40016284,1.0497454,1.4823821,0.63877181,0
1.0721916,0.53838598,0.2198366,-0.85955255,-0.37786573,-0.94572324,0
0.070291497,-0.41268851,0.12967348,0.91514521,-0.37786573,1.1202145,0
-0.78441482,-0.47019533,-0.59163147,-0.85955255,-0.37786573,-0.94572324,0
-0.78441482,-0.47019533,-0.59163147,-0.85955255,-0.37786573,-0.94572324,0
0.36010571,-0.041105917,-0.36622367,0.25775598,1.7553001,1.132403,0
0.28489968,-0.076494735,-0.18589744,1.0278043,-0.37786573,1.2420988,0
-0.11687665,-0.27998044,0.2198366,0.42906537,-0.37786573,1.0958377,0
-0.78441482,-0.47019533,-0.59163147,-0.85955255,-0.37786573,-0.94572324,0
-0.78441482,-0.47019533,-0.59163147,-0.85955255,-0.37786573,-0.94572324,0
0.43073839,-0.43923012,-0.45638679,-0.85955255,-0.37786573,-0.94572324,0
0.19173906,-0.45250093,-0.230979,-0.85955255,-0.37786573,-0.94572324,0
0.56776919,0.71533007,-0.230979,0.87801411,-0.37786573,1.0379427,0
-0.010504166,-0.2136264,0.67065219,1.5780197,-0.37786573,1.1689682,0
0.22375244,-0.21805001,-0.36622367,0.71472166,-0.37786573,1.2999938,0
0.40668602,0.25969903,0.71573375,1.4712678,-0.37786573,0.91605844,0
0.74206424,3.1837001,-0.41130523,-0.85955255,-0.37786573,-0.94572324,0
0.073848539,-0.195932,-0.18589744,0.81641024,-0.37786573,1.5193854,0
0.51644616,-0.42595931,-0.41130523,-0.85955255,-0.37786573,-0.94572324,0
-0.78441482,-0.47019533,-0.59163147,-0.85955255,-0.37786573,-0.94572324,0
-0.78441482,-0.47019533,-0.59163147,-0.85955255,-0.37786573,-0.94572324,0
-0.12822531,-0.27998044,-0.32114211,0.88771883,2.6839588,0.97395345,0
-0.78441482,-0.47019533,-0.59163147,-0.85955255,-0.37786573,-0.94572324,0
-0.78441482,-0.47019533,-0.59163147,-0.85955255,-0.37786573,-0.94572324,0
-0.78441482,-0.47019533,-0.59163147,-0.85955255,-0.37786573,-0.94572324,0
0.78542627,3.0554157,-0.0055711987,0.7560722,0.11048266,0.44070993,0
0.32419652,-0.45250093,-0.095734317,1.3742206,-0.37786573,0.9983303,0
0.53660273,4.9133286,0.94114155,1.401225,-0.37786573,0.79417421,0
-0.43955115,-0.44365372,0.2198366,0.18264989,1.1170756,0.90082291,0
1.1690786,-0.45250093,-0.36622367,-0.85955255,-0.37786573,-0.94572324,0
0.55252473,0.43664312,0.17475504,1.075906,0.34711695,1.0927906,0
0.11975132,-0.36402888,0.40016284,1.3286506,-0.37786573,0.98918898,0
0.75002524,0.46318474,0.2198366,-0.85955255,-0.37786573,-0.94572324,0
-0.78441482,-0.47019533,-0.59163147,-0.85955255,-0.37786573,-0.94572324,0
0.39415168,0.91881577,-0.45638679,0.82949051,-0.37786573,0.87035185,0
-0.22341852,-0.44365372,-0.095734317,-0.85955255,-0.37786573,-0.94572324,0
-0.78441482,-0.47019533,-0.59163147,-0.85955255,-0.37786573,-0.94572324,0
-0.198858,-0.44365372,-0.0055711987,0.053956878,1.1235948,1.01966,0
0.66973772,0.32162947,-0.32114211,0.93919603,0.92699774,0.98918898,0
0.37992351,-0.27555684,-0.095734317,0.71261194,0.34477926,1.0044245,0
-0.78441482,-0.47019533,-0.59163147,-0.85955255,-0.37786573,-0.94572324,0
0.5577756,0.3968307,0.26491816,1.2856123,0.2754056,1.3457004,0
-0.053019284,-0.43923012,-0.18589744,-0.85955255,-0.37786573,-0.94572324,0
0.068258902,0.042942525,-0.27606055,0.33750345,-0.37786573,0.89777581,0
0.073171007,-0.41711211,0.08459192,-0.85955255,-0.37786573,-0.94572324,0
-0.29964084,-0.44807732,-0.36622367,-0.85955255,-0.37786573,-0.94572324,0
-0.78441482,-0.47019533,-0.59163147,-0.85955255,-0.37786573,-0.94572324,0
-0.78441482,-0.47019533,-0.59163147,-0.85955255,-0.37786573,-0.94572324,0
-0.78441482,-0.47019533,-0.59163147,-0.85955255,-0.37786573,-0.94572324,0
0.92432028,-0.44807732,-0.18589744,-0.85955255,-0.37786573,-0.94572324,0
0.20105513,0.74629528,1.2116309,0.1674599,0.038837157,1.1781095,0
1.4367037,1.0780654,-0.050652758,0.77548164,0.38237998,0.94957661,0
0.90687384,2.0379871,-0.32114211,0.74046026,2.1513588,0.8916816,0
-0.13906582,-0.26670963,1.4821203,1.1480585,-0.37786573,0.81245684,0
-0.20105997,-0.43038291,1.2116309,0.33665956,-0.37786573,1.1811567,0
0.19783685,-0.26670963,0.67065219,-0.85955255,-0.37786573,-0.94572324,0
0.16904175,-0.25343882,-0.18589744,-0.85955255,-0.37786573,-0.94572324,0
0.27219596,0.0075537073,0.53540751,-0.85955255,-0.37786573,-0.94572324,0
-0.78441482,-0.47019533,-0.59163147,-0.85955255,-0.37786573,-0.94572324,0
0.4197285,0.37028909,0.44524439,1.1484804,-0.37786573,0.95262371,0
-0.041501244,-0.31979286,-0.27606055,0.60290642,1.9459706,0.85511633,0
-0.33809077,-0.2136264,4.7730741,0.3227354,0.10356834,0.79722131,0
0.29624834,-0.12957796,0.2198366,1.1337124,0.3157062,1.3761714,0
-0.1978417,-0.43923012,-0.14081588,0.51176645,1.1971829,1.0501311,0
0.092141896,-0.22247361,0.26491816,1.2556543,-0.37786573,1.248193,0
1.4736292,5.0548839,-0.36622367,1.4898334,-0.37786573,0.23655383,0
-0.78441482,-0.47019533,-0.59163147,-0.85955255,-0.37786573,-0.94572324,0
0.077066814,0.193345,0.44524439,0.51851756,-0.37786573,0.30054306,0
0.71377729,0.193345,-0.0055711987,1.5168378,-0.37786573,1.0440369,0
-0.11806233,-0.36845248,0.40016284,1.0282263,-0.37786573,0.85816343,0
-0.78441482,-0.47019533,-0.59163147,-0.85955255,-0.37786573,-0.94572324,0
0.0071116601,-0.34633447,0.89605999,1.8860391,-0.37786573,0.9434824,0
0.077236197,-0.30209845,-0.18589744,0.62484752,-0.37786573,0.98918898,0
1.5805098,-0.35075807,-0.36622367,-0.85955255,-0.37786573,-0.94572324,0
-0.78441482,-0.47019533,-0.59163147,-0.85955255,-0.37786573,-0.94572324,0
0.51085652,-0.3994177,-0.41130523,1.0919399,-0.37786573,0.95871792,0
-0.56540268,-0.43480652,3.4206273,0.80122024,0.57127255,0.30054306,0
-0.78441482,-0.47019533,-0.59163147,-0.85955255,-0.37786573,-0.94572324,0
0.00016695951,-0.30652205,0.44524439,0.46704035,0.34204645,1.2938996,0
-0.16362634,-0.2047792,0.08459192,0.010918559,-0.37786573,0.76065604,0
-0.78441482,-0.47019533,-0.59163147,-0.85955255,-0.37786573,-0.94572324,0
-0.32894409,-0.35960528,-0.230979,0.27547764,1.7706104,1.2329575,0
2.6555833,-0.45250093,-0.41130523,-0.85955255,-0.37786573,-0.94572324,0
-0.78441482,-0.47019533,-0.59163147,-0.85955255,-0.37786573,-0.94572324,0
0.24509469,-0.45250093,-0.14081588,-0.85955255,-0.37786573,-0.94572324,0
0.025066252,0.025248116,-0.18589744,-0.85955255,-0.37786573,-0.94572324,0
1.3382922,-0.45250093,-0.54654991,-0.85955255,-0.37786573,-0.94572324,0
-0.78441482,-0.47019533,-0.59163147,-0.85955255,-0.37786573,-0.94572324,0
0.91466545,0.85688534,0.62557063,0.4598673,-0.37786573,0.9434824,0
0.13397948,-0.080918338,0.12967348,-0.85955255,-0.37786573,-0.94572324,0
0.45767028,0.83034372,0.039510361,0.77421581,0.60811599,1.3152293,0
-0.006777741,0.065060536,0.40016284,0.5969992,0.4310436,1.2360046,0
-0.25356869,-0.2136264,-0.27606055,0.072522428,-0.37786573,1.1476385,0
0.55540424,-0.10745995,-0.36622367,1.5944755,1.0455948,1.4462549,0
-0.78441482,-0.47019533,-0.59163147,-0.85955255,-0.37786573,-0.94572324,0
-0.13771075,-0.45250093,-0.32114211,-0.85955255,-0.37786573,-0.94572324,0
-0.054374347,-0.31536926,0.85097843,0.77716942,0.60218943,1.1537327,0
-0.78441482,-0.47019533,-0.59163147,-0.85955255,-0.37786573,-0.94572324,0
-0.78441482,-0.47019533,-0.59163147,-0.85955255,-0.37786573,-0.94572324,0
0.48544908,2.1574244,-0.41130523,0.7636672,-0.37786573,0.74846762,0
0.67210908,0.078331343,-0.14081588,1.515572,1.0499738,1.3030409,0
-0.78441482,-0.47019533,-0.59163147,-0.85955255,-0.37786573,-0.94572324,0
-0.17243426,-0.049953122,11.760716,0.76155748,-0.080978093,0.74542051,0
1.8078217,-0.37287609,-0.230979,-0.85955255,-0.37786573,-0.94572324,0
0.0098217871,-0.3994177,0.039510361,0.97084186,0.87359287,1.190298,0
0.38127858,0.17565059,0.08459192,1.2016454,-0.37786573,1.1202145,0
-0.34266411,-0.25343882,1.3468756,0.74510165,-0.37786573,1.2908525,0
-0.78441482,-0.47019533,-0.59163147,-0.85955255,-0.37786573,-0.94572324,0
0.33774716,0.99844061,0.98622311,0.36450789,-0.37786573,0.45899256,0
1.2656269,0.28624065,0.2198366,-0.85955255,-0.37786573,-0.94572324,1
0.017613402,-0.4038413,-0.32114211,1.6788644,2.7463194,1.565092,1
0.62942458,2.0822232,0.98622311,-0.85955255,-0.37786573,-0.94572324,1
0.43581988,-0.22247361,-0.36622367,1.1632485,2.3656697,1.2878054,1
-0.043872605,-0.41711211,-0.32114211,1.7767555,4.2067221,1.3548417,1
2.0076936,-0.24459162,-0.32114211,2.5438502,0.86078492,0.76370315,1
0.032857867,-0.3994177,-0.27606055,1.6754888,3.0426473,1.5193854,1
1.3242334,-0.23132081,-0.45638679,1.7704263,2.1617303,1.047084,1
0.092650045,-0.29767485,-0.230979,1.3725328,1.5837262,1.6047044,1
1.2334441,0.41894872,-0.50146835,1.4564998,3.4485836,0.95567082,1
0.23764184,-0.24459162,0.71573375,3.7134798,0.64193029,1.0409898,1
0.74985585,-0.2136264,-0.41130523,1.8155744,3.7314121,1.2360046,1
1.4865023,0.29508785,-0.54654991,1.7400463,8.2156435,0.91301134,1
0.40837985,-0.25343882,-0.50146835,1.6927886,6.6123779,1.4432078,1
-0.78441482,-0.47019533,-0.59163147,-0.85955255,-0.37786573,-0.94572324,1
4.3587288,0.46318474,-0.41130523,1.8138866,-0.37786573,0.30663727,1
0.42616505,0.003130105,-0.50146835,2.0999648,5.5914624,1.5986102,1
4.354833,0.582622,-0.54654991,9.3987574,-0.37786573,0.4285215,1
0.26118607,-0.10303635,-0.50146835,1.8729588,4.3969646,1.4858672,1
2.2592272,0.21546301,-0.54654991,3.0016598,13.750423,0.96176503,1
0.53457014,-0.3994177,-0.18589744,1.9332968,1.5485291,1.4584433,1
0.27507547,-0.3994177,-0.32114211,4.8291006,5.0477994,1.1110732,1
0.88214393,-0.072071133,-0.45638679,1.3851912,3.068362,1.1598269,1
0.4197285,-0.072071133,-0.0055711987,1.1577632,0.7575311,1.2725698,1
0.61350259,-0.3949941,-0.36622367,1.8206377,2.6334184,1.4279722,1
-0.78441482,-0.47019533,-0.59163147,-0.85955255,-0.37786573,-0.94572324,1
-0.78441482,-0.47019533,-0.59163147,-0.85955255,-0.37786573,-0.94572324,0
-0.11704604,-0.094189144,-0.27606055,0.61092336,-0.37786573,0.95567082,0
-0.78441482,-0.47019533,-0.59163147,-0.85955255,-0.37786573,-0.94572324,0
0.38720698,0.16237979,-0.45638679,-0.85955255,-0.37786573,-0.94572324,0
0.81083371,1.4231064,-0.45638679,0.98096852,2.1664057,0.7362792,0
0.36535658,0.44991393,-0.0055711987,-0.85955255,-0.37786573,-0.94572324,0
-0.1253458,-0.27113323,0.039510361,0.50796895,1.5388819,1.3213235,0
0.056232713,-0.44807732,-0.32114211,1.1674679,-0.37786573,1.01966,0
-0.13144359,-0.39057049,-0.41130523,-0.85955255,-0.37786573,-0.94572324,0
-0.78441482,-0.47019533,-0.59163147,-0.85955255,-0.37786573,-0.94572324,0
1.6064254,3.1084989,-0.41130523,2.9944867,-0.37786573,1.0745079,0
0.23188282,0.016400912,1.0313047,1.659033,0.26888639,0.36757939,0
0.52643976,0.54723318,0.12967348,1.3218995,-0.37786573,1.5315738,0
1.8584672,-0.45250093,-0.50146835,-0.85955255,-0.37786573,-0.94572324,0
-0.78441482,-0.47019533,-0.59163147,-0.85955255,-0.37786573,-0.94572324,0
-0.78441482,-0.47019533,-0.59163147,-0.85955255,-0.37786573,-0.94572324,0
-0.38314663,-0.44365372,0.89605999,-0.85955255,-0.37786573,-0.94572324,0
0.92838547,-0.30652205,-0.230979,-0.85955255,-0.37786573,-0.94572324,0
-0.78441482,-0.47019533,-0.59163147,-0.85955255,-0.37786573,-0.94572324,0
0.4207448,0.003130105,-0.32114211,0.69404639,1.5178097,0.90996423,0
0.307597,0.047366127,0.40016284,-0.85955255,-0.37786573,-0.94572324,0
1.131645,2.7811523,-0.36622367,-0.85955255,-0.37786573,-0.94572324,0
0.86537502,0.91881577,-0.14081588,0.59573337,0.69599367,0.4285215,0
-0.030660736,-0.067647531,0.30999972,0.72147277,-0.37786573,1.2573343,0
0.64602411,0.64455243,0.35508128,1.3590306,-0.37786573,1.0257543,0
-0.028797523,-0.4082649,-0.230979,0.99067324,2.9451554,1.3487475,0
-0.1194174,-0.38172329,0.35508128,-0.85955255,-0.37786573,-0.94572324,0
-0.78441482,-0.47019533,-0.59163147,-0.85955255,-0.37786573,-0.94572324,0
-0.78441482,-0.47019533,-0.59163147,-0.85955255,-0.37786573,-0.94572324,0
-0.0083021875,-0.22247361,1.0313047,-0.048153644,0.44457591,0.51688757,0
-0.53796264,-0.35518168,1.1214678,0.23708071,0.58638528,0.8916816,0
-0.78441482,-0.47019533,-0.59163147,-0.85955255,-0.37786573,-0.94572324,0
0.069952731,-0.45250093,0.17475504,-0.85955255,-0.37786573,-0.94572324,0
0.095529555,0.20661581,1.2116309,0.40417065,-0.37786573,0.88254028,0
-0.17734636,-0.4082649,0.35508128,-0.85955255,-0.37786573,-0.94572324,0
-0.1839523,-0.2047792,2.023099,0.53919283,0.81491994,0.36757939,0
1.0061322,-0.45250093,-0.18589744,-0.85955255,-0.37786573,-0.94572324,0
-0.78441482,-0.47019533,-0.59163147,-0.85955255,-0.37786573,-0.94572324,0
-0.78441482,-0.47019533,-0.59163147,-0.85955255,-0.37786573,-0.94572324,0
0.41075121,0.60916361,0.12967348,-0.85955255,-0.37786573,-0.94572324,0
-0.78441482,-0.47019533,-0.59163147,-0.85955255,-0.37786573,-0.94572324,0
0.32792295,-0.2003556,-0.14081588,0.74467971,-0.37786573,1.6016573,0
-0.1968254,-0.31094565,-0.18589744,0.37927594,2.5143276,1.190298,0
-0.78441482,-0.47019533,-0.59163147,-0.85955255,-0.37786573,-0.94572324,0
-0.78441482,-0.47019533,-0.59163147,-0.85955255,-0.37786573,-0.94572324,0
-0.25932771,-0.3994177,0.2198366,0.94003992,-0.37786573,1.0348956,0
-0.78441482,-0.47019533,-0.59163147,-0.85955255,-0.37786573,-0.94572324,0
0.094513257,-0.4082649,0.44524439,-0.85955255,-0.37786573,-0.94572324,0
-0.78441482,-0.47019533,-0.59163147,-0.85955255,-0.37786573,-0.94572324,0
-0.78441482,-0.47019533,-0.59163147,-0.85955255,-0.37786573,-0.94572324,0
-0.25051979,-0.4082649,-0.14081588,1.0514332,-0.37786573,1.2116277,0
-0.78441482,-0.47019533,-0.59163147,-0.85955255,-0.37786573,-0.94572324,0
0.012362531,-0.35960528,1.3919571,-0.85955255,-0.37786573,-0.94572324,0
-0.13618631,-0.32421646,0.08459192,-0.85955255,-0.37786573,-0.94572324,0
0.2271401,-0.16054318,-0.32114211,1.66705,1.3947349,1.2512401,0
-0.077749193,-0.38614689,-0.18589744,0.27716542,-0.37786573,1.0897435,0
0.32910863,-0.28440404,-0.18589744,-0.85955255,-0.37786573,-0.94572324,0
-0.78441482,-0.47019533,-0.59163147,-0.85955255,-0.37786573,-0.94572324,0
0.39567613,0.47645554,0.40016284,-0.85955255,-0.37786573,-0.94572324,0
-0.78441482,-0.43038291,-0.59163147,-0.85955255,-0.37786573,-0.94572324,0
0.55150843,1.2328915,-0.095734317,-0.85955255,-0.37786573,-0.94572324,0
-0.78441482,-0.47019533,-0.59163147,-0.85955255,-0.37786573,-0.94572324,0
-0.22257161,-0.29325125,0.98622311,1.0944715,0.34059774,1.0074716,0
-0.24865658,-0.43038291,-0.27606055,-0.85955255,-0.37786573,-0.94572324,0
-0.78441482,-0.47019533,-0.59163147,-0.85955255,-0.37786573,-0.94572324,0
-0.78441482,-0.47019533,-0.59163147,-0.85955255,-0.37786573,-0.94572324,0
-0.21698197,-0.43038291,-0.14081588,0.1303288,-0.37786573,1.1689682,0
-0.15176954,-0.18708479,1.1214678,-0.85955255,-0.37786573,-0.94572324,0
-0.48206627,-0.43480652,2.7894855,0.93919603,0.12710995,0.66010155,0
0.56065511,2.4316877,0.08459192,1.689835,-0.37786573,1.0288014,0
0.25525767,0.55165678,0.76081531,1.7548144,0.48378997,0.87644607,0
0.44310335,0.25527543,0.17475504,0.90122105,0.64189737,1.2085806,0
0.64856486,0.069484139,0.26491816,-0.85955255,-0.37786573,-0.94572324,0
-0.78441482,-0.47019533,-0.59163147,-0.85955255,-0.37786573,-0.94572324,0
-0.43328398,-0.42153571,1.7526096,-0.30300801,-0.37786573,0.95871792,0
-0.13466186,-0.16939038,1.0763862,0.84974384,0.17290907,0.98309477,0
-0.36790217,-0.42595931,0.62557063,1.0712646,-0.37786573,1.1171674,0
-0.22341852,-0.38172329,0.67065219,0.56450949,0.2881477,1.0348956,0
-0.0066083581,-0.2047792,-0.14081588,0.52991006,-0.37786573,1.0044245,0
-0.035742224,-0.32421646,0.039510361,-0.85955255,-0.37786573,-0.94572324,0
-0.78441482,-0.47019533,-0.59163147,-0.85955255,-0.37786573,-0.94572324,0
0.47054338,0.77283689,0.17475504,0.41303148,-0.37786573,1.2024864,0
1.3199988,5.0504603,-0.0055711987,1.6379358,-0.37786573,0.73323209,0
0.049796161,-0.41711211,-0.45638679,1.1240076,4.9025988,1.3792185,0
-0.78441482,-0.47019533,-0.59163147,-0.85955255,-0.37786573,-0.94572324,0
-0.78441482,-0.47019533,-0.59163147,-0.85955255,-0.37786573,-0.94572324,0
0.75781685,0.73302447,-0.45638679,0.68349778,-0.37786573,0.74542051,0
-0.78441482,-0.47019533,-0.59163147,-0.85955255,-0.37786573,-0.94572324,0
-0.60622397,-0.45250093,6.1706024,1.4830822,-0.37786573,0.16342329,0
-0.37112045,-0.44365372,-0.14081588,-0.85955255,-0.37786573,-0.94572324,0
0.71038963,0.7905313,-0.41130523,-0.85955255,-0.37786573,-0.94572324,0
-0.14177594,-0.32421646,5.5394606,0.86915328,-0.37786573,0.62658339,0
-0.3387683,-0.41711211,0.26491816,0.59024809,-0.37786573,0.91605844,0
0.069613965,-0.42595931,-0.50146835,-0.85955255,-0.37786573,-0.94572324,0
1.0190053,3.4535399,-0.50146835,-0.85955255,-0.37786573,-0.94572324,0
0.017782785,-0.32421646,-0.32114211,0.96324686,-0.37786573,1.1445914,0
-0.13584754,-0.25786243,1.1214678,1.8278107,-0.37786573,0.91910555,0
-0.023038503,-0.2047792,0.17475504,-0.85955255,-0.37786573,-0.94572324,0
-0.13347618,-0.37287609,0.26491816,0.6045942,-0.37786573,1.4675846,0
1.5119097,4.9708354,-0.45638679,1.4898334,-0.37786573,0.34320254,0
-0.78441482,-0.47019533,-0.59163147,-0.85955255,-0.37786573,-0.94572324,0
-0.12619271,-0.39057049,-0.41130523,0.59953087,4.2655925,1.5803275,0
-0.78441482,-0.47019533,-0.59163147,-0.85955255,-0.37786573,-0.94572324,0
0.73376447,4.9708354,-0.36622367,0.87674828,-0.37786573,0.19694146,0
0.59910504,0.29951146,0.35508128,-0.85955255,-0.37786573,-0.94572324,0
0.60130701,-0.45250093,-0.14081588,-0.85955255,-0.37786573,-0.94572324,0
-0.78441482,-0.47019533,-0.59163147,-0.85955255,-0.37786573,-0.94572324,0
-0.094518104,-0.43038291,0.26491816,-0.85955255,-0.37786573,-0.94572324,0
-0.010504166,-0.35518168,-0.230979,-0.85955255,-0.37786573,-0.94572324,0
1.7251628,1.6221685,-0.32114211,0.032437718,1.1051237,0.4772752,0
-0.78441482,-0.47019533,-0.59163147,-0.85955255,-0.37786573,-0.94572324,0
-0.78441482,-0.47019533,-0.59163147,-0.85955255,-0.37786573,-0.94572324,0
1.1119966,5.0239186,-0.41130523,-0.85955255,-0.37786573,-0.94572324,0
-0.2176595,-0.44365372,-0.36622367,0.65902501,-0.37786573,0.76065604,0
-0.071312641,-0.027835111,0.2198366,0.51092256,-0.37786573,1.1994393,0
0.4356505,3.7499212,-0.36622367,-0.85955255,-0.37786573,-0.94572324,0
0.31488046,0.3968307,-0.32114211,1.666628,-0.37786573,1.0745079,0
0.47054338,1.2682803,-0.18589744,1.0261166,-0.37786573,1.5955631,0
-0.32708088,-0.44365372,-0.18589744,-0.85955255,-0.37786573,-0.94572324,0
0.34147358,-0.36845248,-0.14081588,-0.85955255,-0.37786573,-0.94572324,0
0.060467286,-0.36845248,0.039510361,1.2366668,0.62145074,1.1506856,0
0.20122451,0.056213332,-0.095734317,0.87590439,-0.37786573,1.1659211,0
0.22324429,-0.38172329,-0.230979,1.1923626,0.8257853,0.99223609,0
-0.78441482,-0.47019533,-0.59163147,-0.85955255,-0.37786573,-0.94572324,0
-0.10874627,-0.45250093,-0.14081588,0.98054658,1.3273367,1.0379427,0
-0.47122576,-0.45250093,0.67065219,0.35522511,2.1114533,0.91301134,0
-0.05911707,-0.44807732,0.2198366,-0.85955255,-0.37786573,-0.94572324,0
0.18377807,0.44106673,0.76081531,-0.85955255,-0.37786573,-0.94572324,0
-0.78441482,-0.47019533,-0.59163147,-0.85955255,-0.37786573,-0.94572324,0
-0.78441482,-0.47019533,-0.59163147,-0.85955255,-0.37786573,-0.94572324,0
0.52271333,0.72860087,0.08459192,0.55396088,-0.37786573,0.83073948,0
1.0644,3.2279361,-0.050652758,0.78645219,-0.37786573,0.49555783,0
1.0862504,1.31694,0.12967348,2.6569313,0.21903745,1.3731243,0
-0.78441482,-0.47019533,-0.59163147,-0.85955255,-0.37786573,-0.94572324,0
-0.21816765,-0.43480652,-0.230979,0.79868858,-0.37786573,1.4188309,0
0.24187642,-0.24016802,-0.095734317,-0.85955255,-0.37786573,-0.94572324,0
-0.78441482,-0.47019533,-0.59163147,-0.85955255,-0.37786573,-0.94572324,0
-0.1947928,-0.29767485,-0.050652758,1.9421576,0.72335462,1.3152293,0
-0.08333883,-0.33748727,-0.230979,-0.85955255,-0.37786573,-0.94572324,0
-0.78441482,-0.47019533,-0.59163147,-0.85955255,-0.37786573,-0.94572324,0
-0.40448888,-0.36845248,0.85097843,1.0248507,1.2697833,1.0745079,0
-0.25356869,-0.34191087,0.039510361,1.075906,1.6883958,0.91301134,0
1.2268382,4.9000578,-0.41130523,1.1733751,-0.37786573,0.23655383,0
-0.78441482,-0.47019533,-0.59163147,-0.85955255,-0.37786573,-0.94572324,0
0.068936433,-0.4082649,0.49032595,-0.85955255,-0.37786573,-0.94572324,0
0.74291115,0.73744808,0.35508128,0.88349938,0.010356753,1.1384972,0
-0.78441482,-0.47019533,-0.59163147,-0.85955255,-0.37786573,-0.94572324,0
1.0605042,0.57377479,-0.41130523,0.89784549,1.4310186,0.74237341,0
-0.78441482,-0.47019533,-0.59163147,-0.85955255,-0.37786573,-0.94572324,0
-0.0028819334,-0.34633447,0.71573375,0.99067324,-0.37786573,0.81245684,0
0.60367838,0.18007419,-0.230979,1.1885651,2.3361686,1.2938996,0
0.43785248,0.21103941,-0.27606055,1.0168338,-0.37786573,1.2146748,0
0.43378729,-0.38172329,-0.14081588,0.70037556,-0.37786573,0.87644607,0
-0.78441482,-0.47019533,-0.59163147,-0.85955255,-0.37786573,-0.94572324,0
-0.24882596,-0.42595931,-0.36622367,1.7257002,-0.37786573,0.5808768,0
-0.78441482,-0.47019533,-0.59163147,-0.85955255,-0.37786573,-0.94572324,0
1.3279598,1.8521958,-0.36622367,-0.85955255,-0.37786573,-0.94572324,0
4.4398632,-0.43480652,-0.54654991,-0.85955255,-0.37786573,-0.94572324,0
-0.35299647,-0.4082649,2.1132621,0.96620047,0.24820928,0.93129397,0
-0.478848,-0.43480652,0.80589687,-0.24056025,1.1538203,1.0440369,0
0.81998039,0.67551765,-0.230979,0.48602785,-0.37786573,0.80636263,0
-0.14075965,-0.31536926,-0.14081588,-0.85955255,-0.37786573,-0.94572324,0
0.69531455,1.3877176,-0.50146835,-0.85955255,-0.37786573,-0.94572324,0
1.4146839,0.29951146,-0.18589744,1.1649362,-0.37786573,1.2116277,0
-0.78441482,-0.47019533,-0.59163147,-0.85955255,-0.37786573,-0.94572324,0
0.79135467,0.66224684,0.2198366,1.8434227,0.54410916,1.3700772,0
-0.39398714,-0.42595931,0.40016284,0.95016658,1.0974851,0.61439496,0
0.31996195,0.72860087,-0.45638679,-0.85955255,-0.37786573,-0.94572324,0
-0.78441482,-0.47019533,-0.59163147,-0.85955255,-0.37786573,-0.94572324,0
-0.78441482,-0.43038291,-0.230979,-0.85955255,-0.37786573,-0.94572324,0
1.3813155,0.95862819,-0.36622367,0.85016578,0.97931608,0.6844784,0
-0.07182079,-0.067647531,1.2567125,0.67463695,-0.37786573,0.77589157,0
0.60554159,4.2807535,-0.230979,-0.85955255,-0.37786573,-0.94572324,0
0.40905738,0.79937851,0.12967348,0.25944376,1.2687955,0.44985124,0
-0.33267052,-0.41711211,-0.0055711987,0.16324045,1.247427,1.0745079,0
-0.78441482,-0.47019533,-0.59163147,-0.85955255,-0.37786573,-0.94572324,0
-0.20122936,-0.41268851,-0.230979,1.2096623,2.1694019,0.98614188,0
-0.11857048,-0.41711211,-0.27606055,0.26830459,2.32234,1.4401607,0
0.24052135,0.86573254,-0.32114211,0.10585603,-0.37786573,0.18780014,0
-0.19902738,-0.4082649,0.40016284,0.90755021,-0.37786573,1.0684137,0
0.61011493,4.8823634,0.80589687,0.56239977,-0.37786573,0.37062649,0
-0.78441482,-0.47019533,-0.59163147,-0.85955255,-0.37786573,-0.94572324,0
0.46817202,0.50742076,0.039510361,0.37716622,-0.37786573,0.6875255,0
-0.78441482,-0.47019533,-0.59163147,-0.85955255,-0.37786573,-0.94572324,0
0.28676289,1.4584952,1.1665493,0.31556235,-0.37786573,0.68143129,0
-0.78441482,-0.47019533,-0.59163147,-0.85955255,-0.37786573,-0.94572324,0
-0.78441482,-0.47019533,-0.59163147,-0.85955255,-0.37786573,-0.94572324,0
-0.0072858899,-0.27555684,0.30999972,1.2856123,0.38231412,0.97700056,0
-0.27914551,-0.29325125,1.4821203,0.87168494,0.24248028,1.0074716,0
-0.78441482,-0.47019533,-0.59163147,-0.85955255,-0.37786573,-0.94572324,0
-0.78441482,-0.47019533,-0.59163147,-0.85955255,-0.37786573,-0.94572324,0
0.70700197,0.029671718,-0.230979,0.88687494,-0.37786573,0.95871792,0
-0.21020665,-0.43480652,0.26491816,1.2463715,-0.37786573,1.5193854,0
-0.37721823,-0.33748727,5.4042159,1.416837,0.3800752,0.66010155,0
-0.13940458,-0.31979286,0.49032595,0.56704115,0.36153825,1.2634285,0
-0.15363275,-0.027835111,0.40016284,-0.85955255,-0.37786573,-0.94572324,0
-0.028119992,-0.25343882,0.039510361,-0.85955255,-0.37786573,-0.94572324,0
-0.78441482,-0.47019533,-0.59163147,-0.85955255,-0.37786573,-0.94572324,0
-0.78441482,-0.47019533,-0.59163147,-0.85955255,-0.37786573,-0.94572324,0
0.42735073,-0.45250093,-0.36622367,-0.85955255,-0.37786573,-0.94572324,0
-0.78441482,-0.47019533,-0.59163147,-0.85955255,-0.37786573,-0.94572324,0
-0.065892387,-0.41268851,-0.14081588,-0.85955255,-0.37786573,-0.94572324,0
1.1091171,3.6039423,-0.50146835,1.42401,1.8244762,0.19998856,0
-0.5045942,-0.33748727,1.3919571,1.265359,-0.37786573,0.69666682,0
0.29675649,-0.2003556,-0.45638679,2.1771806,-0.37786573,0.92824687,0
-0.44581832,-0.39057049,2.2485068,0.90164299,-0.074393028,1.047084,0
-0.78441482,-0.47019533,-0.59163147,-0.85955255,-0.37786573,-0.94572324,0
-0.042348159,-0.35960528,0.08459192,0.60206253,0.60716115,1.1994393,0
-0.066400536,-0.45250093,-0.27606055,-0.85955255,-0.37786573,-0.94572324,0
-0.11010133,-0.42595931,-0.27606055,0.79067164,-0.37786573,0.97700056,0
2.2439828,3.6260603,-0.050652758,6.3696193,-0.37786573,1.0806022,0
1.6050703,1.5779325,-0.14081588,1.674645,-0.37786573,0.72104367,0
0.45411324,0.31720586,0.30999972,-0.85955255,-0.37786573,-0.94572324,0
-0.78441482,-0.47019533,-0.59163147,-0.85955255,-0.37786573,-0.94572324,0
-0.32437075,-0.43038291,-0.14081588,0.12906296,-0.37786573,0.95262371,0
-0.78441482,-0.47019533,-0.59163147,-0.85955255,-0.37786573,-0.94572324,0
-0.78441482,-0.47019533,-0.59163147,-0.85955255,-0.37786573,-0.94572324,0
-0.78441482,-0.47019533,-0.59163147,-0.85955255,-0.37786573,-0.94572324,0
0.051998139,-0.30209845,0.40016284,-0.85955255,-0.37786573,-0.94572324,0
-0.023546652,0.09160215,0.58048907,0.94763492,0.083187567,1.0105187,0
1.0262888,1.405412,-0.32114211,1.4965845,-0.37786573,0.92824687,0
-0.78441482,-0.44807732,-0.59163147,-0.85955255,-0.37786573,-0.94572324,0
-0.78441482,-0.47019533,-0.59163147,-0.85955255,-0.37786573,-0.94572324,0
-0.1104401,-0.29325125,0.35508128,1.5467958,-0.37786573,0.70276103,0
-0.78441482,-0.47019533,-0.59163147,-0.85955255,-0.37786573,-0.94572324,0
0.015580807,-0.14727237,1.301794,0.3417229,-0.37786573,0.55649995,0
-0.025918013,-0.45250093,0.26491816,-0.85955255,-0.37786573,-0.94572324,0
0.24780482,-0.018987906,2.2935883,0.34130095,-0.054901237,0.67533708,0
0.23628678,-0.18266119,0.44524439,-0.85955255,-0.37786573,-0.94572324,0
-0.78441482,-0.47019533,-0.59163147,-0.85955255,-0.37786573,-0.94572324,0
-0.23104075,-0.39057049,1.1214678,-0.85955255,-0.37786573,-0.94572324,0
0.39008649,0.3835599,0.53540751,0.1674599,0.32657155,0.85206922,0
-0.78441482,-0.47019533,-0.59163147,-0.85955255,-0.37786573,-0.94572324,0
-0.34808437,-0.38614689,0.71573375,0.88349938,1.0099366,1.0836493,0
-0.34537424,-0.29325125,1.4370387,0.38982455,0.23882557,0.93738818,0
0.024049954,0.33932388,3.9165245,-0.045200034,1.6000901,0.59611233,0
1.0455985,0.038518923,-0.41130523,0.83666357,2.8835521,1.1080261,0
-0.78441482,-0.47019533,-0.59163147,-0.85955255,-0.37786573,-0.94572324,0
-0.053019284,-0.45250093,-0.14081588,-0.85955255,-0.37786573,-0.94572324,0
1.3066176,2.9271312,-0.36622367,1.9286554,-0.37786573,0.90082291,0
0.19783685,-0.31094565,-0.0055711987,-0.85955255,-0.37786573,-0.94572324,0
-0.78441482,-0.47019533,-0.59163147,-0.85955255,-0.37786573,-0.94572324,0
-0.023038503,-0.44807732,-0.18589744,-0.85955255,-0.37786573,-0.94572324,0
-0.32809718,-0.31536926,2.834567,0.87295078,0.058625276,0.75760894,0
0.38060104,-0.32864006,0.40016284,1.7484852,-0.37786573,1.1659211,0
-0.15702041,-0.41268851,0.039510361,1.3113509,0.50239278,0.90082291,0
-0.05047854,0.29951146,-0.095734317,-0.20638276,-0.37786573,0.6357247,0
-0.1770076,-0.23574442,0.85097843,0.78054497,-0.37786573,0.83378658,0
-0.78441482,-0.47019533,-0.59163147,-0.85955255,-0.37786573,-0.94572324,0
-0.78441482,-0.47019533,-0.59163147,-0.85955255,-0.37786573,-0.94572324,0
-0.78441482,-0.47019533,-0.59163147,-0.85955255,-0.37786573,-0.94572324,0
0.24441716,-0.44807732,0.12967348,1.1197882,-0.37786573,0.9434824,0
-0.23713854,-0.30652205,1.5272018,0.72358249,0.19984199,0.94957661,0
1.4202735,0.67994125,0.67065219,-0.85955255,-0.37786573,-0.94572324,0
0.105015,-0.35518168,-0.18589744,0.72737999,-0.37786573,1.2908525,0
0.25949224,0.53838598,1.7526096,0.0066991158,-0.37786573,0.51993468,0
-0.78441482,-0.47019533,-0.59163147,-0.85955255,-0.37786573,-0.94572324,0
0.59317663,0.66224684,0.30999972,2.2636792,0.39693297,1.4035954,0
0.12364712,-0.16496678,0.12967348,1.7936333,-0.37786573,1.0105187,0
0.53084371,-0.3949941,-0.36622367,-0.85955255,-0.37786573,-0.94572324,0
0.0020301718,-0.16054318,1.0313047,1.2164134,0.27168504,1.0440369,0
-0.78441482,-0.47019533,-0.59163147,-0.85955255,-0.37786573,-0.94572324,0
-0.78441482,-0.47019533,-0.59163147,-0.85955255,-0.37786573,-0.94572324,0
-0.20444763,-0.29325125,-0.14081588,-0.3000544,-0.37786573,0.46203967,0
-0.22172469,-0.3949941,0.2198366,-0.85955255,-0.37786573,-0.94572324,0
-0.78441482,-0.47019533,-0.59163147,-0.85955255,-0.37786573,-0.94572324,0
0.050812459,0.073907741,-0.050652758,0.15775518,-0.37786573,1.0562253,0
0.16700916,-0.45250093,-0.095734317,-0.85955255,-0.37786573,-0.94572324,0
-0.24780967,-0.43923012,-0.36622367,1.5067111,-0.37786573,0.80331553,0
0.063854945,-0.30209845,-0.36622367,1.4408878,-0.37786573,1.0653666,0
1.1541729,1.6752518,-0.0055711987,1.0788596,-0.37786573,0.92824687,0
-0.78441482,-0.47019533,-0.59163147,-0.85955255,-0.37786573,-0.94572324,0
-0.78441482,-0.47019533,-0.59163147,-0.85955255,-0.37786573,-0.94572324,0
0.61265567,-0.43480652,0.12967348,-0.85955255,-0.37786573,-0.94572324,0
0.72681977,0.87900335,0.039510361,1.1185224,-0.37786573,0.86425764,0
-0.78441482,-0.47019533,-0.59163147,-0.85955255,-0.37786573,-0.94572324,0
-0.075208449,-0.43480652,-0.095734317,-0.85955255,-0.37786573,-0.94572324,0
-0.78441482,-0.47019533,-0.59163147,-0.85955255,-0.37786573,-0.94572324,0
-0.78441482,-0.47019533,-0.59163147,-0.85955255,-0.37786573,-0.94572324,0
-0.19665602,0.41452511,9.2361485,1.0214752,0.046080728,0.77284447,0
-0.78441482,-0.47019533,-0.59163147,-0.85955255,-0.37786573,-0.94572324,0
-0.78441482,-0.47019533,-0.59163147,-0.85955255,-0.37786573,-0.94572324,0
-0.78441482,-0.47019533,-0.59163147,-0.85955255,-0.37786573,-0.94572324,0
-0.78441482,-0.47019533,-0.59163147,-0.85955255,-0.37786573,-0.94572324,0
-0.053188667,-0.16939038,0.26491816,0.77421581,-0.37786573,1.0531782,0
-0.21088418,-0.30209845,0.35508128,0.56197782,0.57370903,1.2908525,0
-0.22595927,-0.43923012,-0.230979,0.21471766,-0.37786573,0.44375703,0
0.84640413,1.383294,-0.18589744,0.91767687,1.1162196,1.1263087,0
0.47562487,0.26412264,0.2198366,-0.85955255,-0.37786573,-0.94572324,0
-0.78441482,-0.47019533,-0.59163147,-0.85955255,-0.37786573,-0.94572324,0
0.068597667,-0.32421646,-0.27606055,-0.85955255,-0.37786573,-0.94572324,0
-0.2971001,-0.44365372,0.71573375,0.33159623,0.62355796,1.0348956,0
-0.78441482,-0.47019533,-0.59163147,-0.85955255,-0.37786573,-0.94572324,0
-0.28829219,-0.33748727,1.4821203,0.44425536,-0.37786573,1.220769,0
0.73681337,0.87457975,-0.230979,-0.85955255,-0.37786573,-0.94572324,0
-0.2315489,-0.30209845,2.4739146,-0.85955255,-0.37786573,-0.94572324,0
-0.046921498,-0.34191087,0.94114155,0.046783825,-0.37786573,1.306088,0
0.8575834,1.361176,0.26491816,1.0121924,-0.37786573,0.94043529,0
-0.78441482,-0.47019533,-0.59163147,-0.85955255,-0.37786573,-0.94572324,0
-0.21206986,-0.39057049,1.2116309,0.4560698,0.10060506,1.0105187,0
-0.78441482,-0.47019533,-0.59163147,-0.85955255,-0.37786573,-0.94572324,0
-0.37501625,-0.45250093,-0.095734317,-0.85955255,-0.37786573,-0.94572324,0
-0.27304772,-0.27998044,1.0313047,0.36577372,0.31168931,1.2146748,0
-0.3258952,-0.43480652,2.2034252,0.72822388,-0.37786573,0.30663727,0
0.090109301,-0.25786243,0.62557063,-0.85955255,-0.37786573,-0.94572324,0
-0.13381495,-0.43480652,0.67065219,-0.85955255,-0.37786573,-0.94572324,0
0.56590598,0.21546301,-0.230979,1.105864,1.1035762,1.2908525,0
0.81964162,-0.45250093,-0.50146835,-0.85955255,-0.37786573,-0.94572324,0
0.30979897,-0.45250093,0.039510361,-0.85955255,-0.37786573,-0.94572324,0
0.84826734,2.5865138,-0.14081588,1.0505893,-0.37786573,0.59306522,0
0.028962059,-0.3949941,-0.32114211,1.5096647,-0.37786573,1.565092,0
-0.2335815,-0.30652205,0.80589687,-0.85955255,-0.37786573,-0.94572324,0
0.023541805,-0.45250093,-0.32114211,-0.85955255,-0.37786573,-0.94572324,0
-0.0062695922,-0.27113323,0.08459192,0.38982455,1.2859167,0.90387002,0
-0.78441482,-0.47019533,-0.59163147,-0.85955255,-0.37786573,-0.94572324,0
-0.167014,-0.12957796,0.58048907,-0.85955255,-0.37786573,-0.94572324,0
-0.20834344,-0.42595931,-0.095734317,0.35564706,-0.37786573,1.1110732,0
-0.78441482,-0.44365372,18.207379,-0.85955255,-0.37786573,-0.94572324,0
0.27744683,-0.12957796,-0.18589744,-0.85955255,-0.37786573,-0.94572324,0
-0.28456576,-0.26670963,1.1665493,-0.096677239,-0.37786573,1.0227071,0
0.4127838,0.047366127,0.2198366,-0.85955255,-0.37786573,-0.94572324,0
0.27592239,0.25085183,0.17475504,-0.44604713,2.5397459,0.44680414,0
0.42396308,-0.010140702,0.08459192,1.5328717,1.2547035,1.2085806,0
-0.17768513,-0.4082649,0.039510361,1.5278083,-0.37786573,0.95871792,0
-0.37416934,-0.44807732,-0.14081588,0.71092416,1.3495613,0.82464527,0
-0.18005649,-0.44807732,-0.27606055,1.0210532,-0.37786573,0.8429279,0
-0.23442841,-0.45250093,0.58048907,0.29995041,-0.37786573,1.0958377,0
1.6821396,0.05178973,-0.54654991,1.5978511,-0.37786573,0.43156861,0
0.054877649,-0.45250093,-0.36622367,0.25353654,-0.37786573,0.65705444,0
-0.042517541,-0.45250093,0.08459192,-0.85955255,-0.37786573,-0.94572324,0
-0.78441482,-0.47019533,-0.59163147,-0.85955255,-0.37786573,-0.94572324,0
0.14719135,-0.12073076,-0.45638679,0.7712622,-0.37786573,1.1506856,0
0.072832241,-0.23132081,-0.27606055,0.64467891,-0.37786573,1.4432078,0
-0.57336368,-0.44365372,-0.32114211,-0.85955255,-0.37786573,-0.94572324,0
-0.11873986,-0.2047792,0.17475504,0.89657966,0.23194418,1.5589978,0
-0.32657273,-0.44365372,0.67065219,0.37379066,1.6664017,1.0074716,0
2.0725672,4.3072951,-0.36622367,1.4008031,1.2904604,0.7362792,0
-0.17107919,-0.43923012,-0.230979,-0.85955255,-0.37786573,-0.94572324,0
0.032180335,-0.24901522,-0.230979,0.10796575,-0.37786573,1.2299103,0
-0.78441482,-0.47019533,-0.59163147,-0.85955255,-0.37786573,-0.94572324,0
-0.78441482,-0.47019533,-0.59163147,-0.85955255,-0.37786573,-0.94572324,0
-0.19377651,-0.38614689,-0.230979,1.264937,-0.37786573,0.78198578,0
0.14617505,-0.2003556,-0.050652758,1.5328717,-0.37786573,1.1781095,0
-0.20292319,-0.45250093,0.35508128,-0.85955255,-0.37786573,-0.94572324,0
-0.31878112,-0.36402888,1.5722834,0.697,-0.37786573,1.0501311,0
-0.023038503,-0.36402888,-0.27606055,0.4969984,-0.37786573,1.2177219,0
-0.78441482,-0.47019533,-0.59163147,-0.85955255,-0.37786573,-0.94572324,0
-0.49900457,-0.44365372,1.0313047,0.68096612,-0.37786573,0.57478259,0
-0.78441482,-0.47019533,-0.59163147,-0.85955255,-0.37786573,-0.94572324,0
0.14651382,-0.18266119,0.53540751,0.1113413,-0.37786573,1.7113531,0
-0.26169907,-0.41268851,-0.14081588,0.33708151,1.8299089,1.4675846,0
-0.048954093,-0.43480652,-0.14081588,0.49193507,-0.37786573,1.3578888,0
-0.78441482,-0.47019533,-0.59163147,-0.85955255,-0.37786573,-0.94572324,0
-0.12602333,-0.43480652,0.2198366,-0.85955255,-0.37786573,-0.94572324,0
-0.2325652,-0.44807732,-0.18589744,0.9970024,1.3260197,0.69361971,0
-0.78441482,-0.47019533,-0.59163147,-0.85955255,-0.37786573,-0.94572324,0
-0.17192611,-0.37287609,0.98622311,-0.85955255,-0.37786573,-0.94572324,0
-0.1233132,-0.41268851,-0.095734317,0.98856352,2.726202,1.1232616,0
0.63433669,2.9979088,0.85097843,-0.85955255,-0.37786573,-0.94572324,0
0.34706322,-0.25786243,-0.36622367,-0.85955255,-0.37786573,-0.94572324,0
-0.18954193,-0.43923012,0.2198366,0.92274021,-0.37786573,0.93434108,0
0.54845954,0.082754945,-0.32114211,1.5788636,-0.37786573,1.0531782,0
0.44818484,0.3835599,-0.230979,0.74425776,-0.37786573,0.97090635,0
1.033911,4.4842392,-0.14081588,-0.85955255,-0.37786573,-0.94572324,0
-0.78441482,-0.47019533,-0.59163147,-0.85955255,-0.37786573,-0.94572324,0
-0.20021306,-0.42153571,-0.14081588,0.50163979,-0.37786573,0.64181891,0
-0.78441482,-0.47019533,-0.59163147,-0.85955255,-0.37786573,-0.94572324,0
-0.0038982311,0.193345,0.94114155,1.0463699,0.019608768,1.1232616,0
1.1482445,2.1441536,-0.050652758,0.82020774,0.15404286,0.46508677,0
-0.78441482,-0.47019533,-0.59163147,-0.85955255,-0.37786573,-0.94572324,0
-0.78441482,-0.47019533,-0.59163147,-0.85955255,-0.37786573,-0.94572324,0
-0.78441482,-0.47019533,-0.59163147,-0.85955255,-0.37786573,-0.94572324,0
0.0077891918,-0.22689721,0.30999972,-0.85955255,-0.37786573,-0.94572324,0
0.38974772,-0.14284877,0.53540751,0.76535498,-0.37786573,0.90387002,0
-0.37145921,-0.45250093,0.35508128,-0.85955255,-0.37786573,-0.94572324,0
-0.78441482,-0.47019533,-0.59163147,-0.85955255,-0.37786573,-0.94572324,0
-0.78441482,-0.47019533,-0.59163147,-0.85955255,-0.37786573,-0.94572324,0
-0.78441482,-0.47019533,-0.59163147,-0.85955255,-0.37786573,-0.94572324,0
-0.074022768,-0.39057049,-0.050652758,0.68729528,0.93108048,1.3457004,0
0.16192767,-0.15611958,0.67065219,-0.85955255,-0.37786573,-0.94572324,0
0.89942099,3.4800815,-0.45638679,-0.85955255,-0.37786573,-0.94572324,0
3.3187175,-0.38172329,-0.230979,2.264945,0.42709256,1.0348956,0
-0.78441482,-0.47019533,-0.59163147,-0.85955255,-0.37786573,-0.94572324,0
-0.78441482,-0.47019533,-0.59163147,-0.85955255,-0.37786573,-0.94572324,0
-0.022360972,-0.28440404,1.0313047,1.3307603,-0.37786573,1.2725698,0
-0.78441482,-0.47019533,-0.59163147,-0.85955255,-0.37786573,-0.94572324,0
-0.78441482,-0.47019533,-0.59163147,-0.85955255,-0.37786573,-0.94572324,0
1.0583022,3.2279361,-0.18589744,-0.85955255,-0.37786573,-0.94572324,0
-0.78441482,-0.47019533,-0.59163147,-0.85955255,-0.37786573,-0.94572324,0
1.0703284,2.4139933,0.26491816,1.1117713,-0.37786573,1.0775551,0
0.64619349,0.61358721,0.12967348,-0.85955255,-0.37786573,-0.94572324,0
0.21443638,0.016400912,0.40016284,1.0100827,0.85736068,1.0348956,0
0.27812436,0.13141457,-0.36622367,-0.85955255,-0.37786573,-0.94572324,0
-0.042856307,-0.33306367,0.12967348,0.60712586,-0.37786573,0.82464527,0
-0.21410246,-0.38614689,0.53540751,-0.85955255,-0.37786573,-0.94572324,0
-0.32216878,-0.34633447,-0.18589744,0.92611576,2.0984807,0.93434108,0
-0.074361534,-0.3994177,-0.18589744,1.970006,0.90582676,1.1689682,0
-0.2395099,-0.4038413,1.1665493,0.5969992,-0.37786573,0.75456183,0
0.83691868,-0.42595931,-0.41130523,-0.85955255,-0.37786573,-0.94572324,0
-0.090452914,-0.28882764,-0.14081588,-0.85955255,-0.37786573,-0.94572324,0
-0.78441482,-0.47019533,-0.59163147,-0.85955255,-0.37786573,-0.94572324,0
1.0479698,1.2019263,-0.41130523,1.0134582,2.3854249,0.88558738,0
-0.22850001,-0.32864006,0.17475504,0.78054497,0.61908012,1.2177219,0
1.1704337,1.3921412,-0.095734317,2.2033412,-0.37786573,1.0044245,0
-0.78441482,-0.47019533,-0.59163147,-0.85955255,-0.37786573,-0.94572324,0
-0.78441482,-0.47019533,-0.59163147,-0.85955255,-0.37786573,-0.94572324,0
-0.78441482,-0.47019533,-0.59163147,-0.85955255,-0.37786573,-0.94572324,0
-0.24340571,-0.44807732,-0.18589744,0.73159943,-0.37786573,1.2756169,0
1.4683783,0.89227416,-0.0055711987,0.96620047,1.3058036,0.99223609,0
0.19970006,0.18007419,1.1665493,0.41429732,-0.37786573,1.4249251,0
-0.78441482,-0.47019533,-0.59163147,-0.85955255,-0.37786573,-0.94572324,0
-0.78441482,-0.47019533,-0.59163147,-0.85955255,-0.37786573,-0.94572324,0
-0.18717057,-0.29767485,0.35508128,0.1712574,0.58638528,1.104979,0
-0.78441482,-0.47019533,-0.59163147,-0.85955255,-0.37786573,-0.94572324,0
-0.78441482,-0.47019533,-0.59163147,-0.85955255,-0.37786573,-0.94572324,0
-0.78441482,-0.47019533,-0.59163147,-0.85955255,-0.37786573,-0.94572324,0
-0.22612865,-0.35960528,-0.230979,0.95438603,1.7116411,1.363983,0
-0.25001164,-0.43038291,-0.0055711987,0.47801091,-0.37786573,1.1963922,0
-0.1124727,-0.41268851,-0.27606055,0.52569061,-0.37786573,1.6473639,0
1.1216514,-0.44807732,-0.36622367,-0.85955255,-0.37786573,-0.94572324,0
0.04573097,-0.26228603,-0.230979,0.51261034,-0.37786573,1.3152293,0
-0.24188126,-0.37729969,0.85097843,0.71767527,0.91320203,1.0745079,0
-0.35062511,-0.38614689,0.76081531,-0.032541705,0.44526734,0.9952832,0
-0.15447966,-0.054376724,0.67065219,-0.85955255,-0.37786573,-0.94572324,0
1.6469079,-0.45250093,-0.41130523,-0.85955255,-0.37786573,-0.94572324,0
0.26914707,-0.34633447,-0.27606055,1.0168338,2.4758049,1.3944541,0
0.41786529,-0.24459162,0.35508128,1.8927902,0.098069813,1.1080261,0
-0.78441482,-0.47019533,-0.59163147,-0.85955255,-0.37786573,-0.94572324,0
-0.78441482,-0.47019533,-0.59163147,-0.85955255,-0.37786573,-0.94572324,0
0.059959137,-0.39057049,-0.27606055,0.96620047,1.6786499,1.2116277,0
0.10738636,-0.27555684,0.039510361,0.95522992,1.2445625,0.87644607,0
0.35485484,-0.13842517,0.2198366,1.522745,0.21307797,0.92215265,0
0.51678493,0.28181705,0.30999972,-0.85955255,-0.37786573,-0.94572324,0
-0.27050698,-0.44807732,0.44524439,0.71767527,-0.37786573,1.8911323,0
-0.18175032,-0.15611958,2.023099,0.72569221,-0.37786573,1.1232616,0
0.63772435,1.4983077,-0.41130523,0.41345343,-0.37786573,0.83378658,0
-0.38229972,-0.42153571,1.9329359,0.56197782,0.032153316,0.91605844,0
-0.78441482,-0.47019533,-0.59163147,-0.85955255,-0.37786573,-0.94572324,0
-0.78441482,-0.47019533,-0.59163147,-0.85955255,-0.37786573,-0.94572324,0
0.35875064,1.3965648,-0.095734317,-0.85955255,-0.37786573,-0.94572324,0
-0.78441482,-0.47019533,-0.59163147,-0.85955255,-0.37786573,-0.94572324,0
0.020662295,-0.45250093,-0.27606055,-0.85955255,-0.37786573,-0.94572324,0
-0.1958091,-0.34191087,-0.230979,-0.85955255,-0.37786573,-0.94572324,0
0.20613661,-0.098612747,-0.230979,-0.85955255,-0.37786573,-0.94572324,0
0.091464364,-0.45250093,-0.230979,-0.85955255,-0.37786573,-0.94572324,0
-0.78441482,-0.43923012,7.1173152,-0.85955255,-0.37786573,-0.94572324,0
-0.78441482,-0.47019533,-0.59163147,-0.85955255,-0.37786573,-0.94572324,0
-0.78441482,-0.47019533,-0.59163147,-0.85955255,-0.37786573,-0.94572324,0
1.3577712,3.5287411,-0.50146835,2.3425828,-0.37786573,0.8429279,0
-0.28625959,-0.35518168,6.9369889,-0.85955255,-0.37786573,-0.94572324,0
0.56912426,0.42779592,0.17475504,0.87168494,-0.37786573,1.0044245,0
0.86114045,2.9580964,0.76081531,0.80754941,0.23477575,0.55345284,0
0.030317123,-0.38614689,0.35508128,-0.85955255,-0.37786573,-0.94572324,0
0.68379651,-0.45250093,-0.095734317,-0.85955255,-0.37786573,-0.94572324,0
0.24238456,-0.063223929,0.17475504,1.0109266,-0.37786573,0.93434108,0
-0.014908122,-0.21805001,-0.41130523,0.89362605,-0.37786573,0.41938019,0
-0.19462342,-0.30652205,0.30999972,-0.85955255,-0.37786573,-0.94572324,0
0.47477796,-0.010140702,-0.27606055,1.4083981,-0.37786573,0.99223609,0
0.47884315,-0.063223929,-0.27606055,1.3818156,-0.37786573,1.3182764,0
1.5178381,0.87900335,-0.095734317,1.3202117,0.5505296,0.8916816,0
-0.78441482,-0.47019533,-0.59163147,-0.85955255,-0.37786573,-0.94572324,0
-0.36434513,-0.23132081,0.17475504,0.26788264,-0.37786573,0.8916816,0
0.96344774,-0.44365372,0.039510361,-0.85955255,-0.37786573,-0.94572324,0
0.9360077,0.43664312,-0.0055711987,0.55818032,-0.37786573,1.0379427,0
0.82760262,1.2196207,-0.095734317,1.5088208,0.49985753,1.1720153,0
-0.78441482,-0.47019533,-0.59163147,-0.85955255,-0.37786573,-0.94572324,0
-0.78441482,-0.47019533,-0.59163147,-0.85955255,-0.37786573,-0.94572324,0
0.61163937,3.2146653,-0.18589744,-0.85955255,-0.37786573,-0.94572324,0
0.20935489,0.047366127,-0.095734317,0.4969984,-0.37786573,0.92215265,0
-0.43277584,-0.41711211,-0.59163147,-0.48824156,-0.37786573,0.46508677,0
0.15007086,0.14910898,-0.0055711987,-0.85955255,-0.37786573,-0.94572324,0
0.70835703,0.49414995,-0.36622367,0.96873213,-0.37786573,1.507197,0
-0.78441482,-0.47019533,-0.59163147,-0.85955255,-0.37786573,-0.94572324,0
-0.78441482,-0.47019533,-0.59163147,-0.85955255,-0.37786573,-0.94572324,0
-0.21833703,-0.4038413,2.2034252,0.016403835,0.21969596,1.4432078,0
-0.17683821,-0.12073076,1.7976912,1.204599,0.3980195,0.91910555,0
0.30132983,-0.18266119,0.12967348,0.81767607,-0.37786573,1.2024864,0
-0.78441482,-0.47019533,-0.59163147,-0.85955255,-0.37786573,-0.94572324,0
0.8020258,2.3166741,0.039510361,1.7155736,-0.37786573,0.93129397,0
2.1376103,2.96252,-0.230979,0.54045866,0.4153053,0.27921332,0
-0.11111763,-0.36402888,0.17475504,1.1497462,-0.37786573,0.90691713,0
0.14515876,-0.16054318,-0.27606055,-0.85955255,-0.37786573,-0.94572324,0
0.14990148,0.065060536,0.17475504,1.3088192,0.54108003,0.91605844,0
-0.78441482,-0.47019533,-0.59163147,-0.85955255,-0.37786573,-0.94572324,0
-0.46377291,-0.4038413,1.8878543,0.7303336,-0.37786573,0.78198578,0
-0.78441482,-0.47019533,-0.59163147,-0.85955255,-0.37786573,-0.94572324,0
-0.095703785,0.35701828,-0.095734317,0.19657405,-0.37786573,0.76675026,0
0.40431466,4.8204329,0.12967348,0.90248688,-0.37786573,0.66924287,0
0.26457373,-0.12957796,0.71573375,0.51218839,-0.37786573,0.96176503,0
-0.78441482,-0.47019533,-0.59163147,-0.85955255,-0.37786573,-0.94572324,0
-0.092993658,0.042942525,2.6993224,0.74341387,-0.37786573,0.54431153,0
0.36874424,-0.2003556,0.80589687,0.21556155,0.2523908,1.1445914,0
-0.025071099,-0.41268851,-0.14081588,1.5489056,0.72552769,1.0988848,0
-0.13906582,-0.43923012,0.40016284,0.43919203,0.5962958,1.3091351,0
-0.78441482,-0.47019533,-0.59163147,-0.85955255,-0.37786573,-0.94572324,0
-0.78441482,-0.47019533,-0.59163147,-0.85955255,-0.37786573,-0.94572324,0
-0.069280046,-0.35960528,1.0313047,1.2311815,0.20346377,1.0927906,0
-0.23595286,-0.38614689,-0.0055711987,0.33623762,-0.37786573,1.2847583,0
-0.27304772,-0.39057049,-0.59163147,-0.12410362,-0.37786573,0.59001811,0
-0.78441482,-0.47019533,-0.59163147,-0.85955255,-0.37786573,-0.94572324,0
-0.78441482,-0.47019533,-0.59163147,-0.85955255,-0.37786573,-0.94572324,0
0.2489905,0.28624065,0.40016284,0.20881044,0.61888257,1.0288014,0
0.01575019,-0.45250093,-0.27606055,2.007559,-0.37786573,0.72104367,0
-0.15075324,-0.3994177,1.4370387,1.2691565,0.28017977,0.76065604,0
-0.78441482,-0.47019533,-0.59163147,-0.85955255,-0.37786573,-0.94572324,0
-0.26966006,-0.31979286,1.7075281,-0.078955578,-0.37786573,0.87644607,0
-0.29659195,-0.37729969,1.1214678,0.79784469,1.6507951,0.64791313,0
-0.42074965,-0.44807732,0.2198366,-0.85955255,-0.37786573,-0.94572324,0
-0.3279278,-0.34633447,3.3304642,0.20332516,-0.37786573,1.1141203,0
-0.26559487,-0.44807732,-0.050652758,-0.85955255,-0.37786573,-0.94572324,0
-0.78441482,-0.47019533,-0.59163147,-0.85955255,-0.37786573,-0.94572324,0
0.39144155,0.82592012,-0.095734317,1.6476405,-0.37786573,1.3091351,0
0.79254035,1.3036692,-0.41130523,1.54553,-0.37786573,0.97395345,0
-0.78441482,-0.47019533,-0.59163147,-0.85955255,-0.37786573,-0.94572324,0
0.53524767,-0.054376724,-0.36622367,-0.85955255,-0.37786573,-0.94572324,0
0.20444279,0.042942525,-0.27606055,1.5944755,1.0455948,1.3761714,0
-0.22003086,-0.31979286,-0.59163147,0.28096291,-0.37786573,0.40719176,0
-0.15583473,-0.31536926,0.53540751,0.62358169,1.0121426,1.2116277,0
-0.78441482,-0.47019533,-0.59163147,-0.85955255,-0.37786573,-0.94572324,0
-0.78441482,-0.47019533,-0.59163147,-0.85955255,-0.37786573,-0.94572324,0
2.0452966,-0.44365372,-0.50146835,-0.85955255,-0.37786573,-0.94572324,0
0.14854642,0.51184436,0.71573375,0.689405,-0.37786573,0.49251073,0
-0.32928286,-0.36402888,0.62557063,0.31935985,-0.37786573,1.0897435,0
0.15328914,-0.072071133,2.9698117,0.33665956,-0.37786573,0.90996423,0
-0.070973875,-0.39057049,-0.18589744,2.4860439,-0.37786573,1.0044245,0
4.9139661,-0.41268851,-0.45638679,-0.85955255,-0.37786573,-0.94572324,0
-0.78441482,-0.47019533,-0.59163147,-0.85955255,-0.37786573,-0.94572324,0
0.25644335,0.1844978,-0.230979,1.5813953,-0.37786573,1.2390517,0
-0.78441482,-0.47019533,-0.59163147,-0.85955255,-0.37786573,-0.94572324,0
0.11839625,-0.24016802,-0.050652758,1.0864546,0.95215269,1.0653666,0
0.49086934,0.99844061,-0.41130523,0.58096532,-0.37786573,0.83073948,0
-0.78441482,-0.47019533,-0.59163147,-0.85955255,-0.37786573,-0.94572324,0
-0.78441482,-0.47019533,-0.59163147,-0.85955255,-0.37786573,-0.94572324,0
-0.78441482,-0.47019533,-0.59163147,-0.85955255,-0.37786573,-0.94572324,0
0.30607255,-0.063223929,0.2198366,0.67590279,-0.37786573,1.2177219,0
0.26779201,-0.17381398,0.30999972,-0.85955255,-0.37786573,-0.94572324,0
-0.78441482,-0.47019533,-0.59163147,-0.85955255,-0.37786573,-0.94572324,0
-0.11670727,-0.38172329,0.17475504,0.053956878,-0.37786573,1.4005483,0
-0.35943302,-0.41268851,2.023099,0.36324205,0.4228452,0.86425764,0
0.091125598,-0.33306367,-0.14081588,0.96577852,1.2634616,1.190298,0
-0.78441482,-0.47019533,-0.59163147,-0.85955255,-0.37786573,-0.94572324,0
0.3760277,-0.195932,-0.41130523,0.70248528,2.4609885,0.98918898,0
-0.78441482,-0.47019533,-0.59163147,-0.85955255,-0.37786573,-0.94572324,0
0.44699916,0.27296984,-0.050652758,0.72737999,1.1757486,1.2360046,0
-0.35096388,-0.42595931,0.49032595,-0.013976155,-0.37786573,0.83683369,0
-0.22036963,-0.33306367,0.12967348,-0.024102819,1.0887269,0.98614188,0
0.087568557,-0.18266119,-0.095734317,0.64636668,-0.37786573,0.93738818,0
0.82811077,5.0371895,0.49032595,-0.85955255,-0.37786573,-0.94572324,0
-0.78441482,-0.47019533,-0.59163147,-0.85955255,-0.37786573,-0.94572324,0
-0.24255879,-0.35518168,0.98622311,0.55522671,0.52850256,0.75151473,0
0.41159812,0.0075537073,0.039510361,0.94299353,-0.37786573,1.5559507,0
-0.13059667,-0.4038413,0.26491816,-0.85955255,-0.37786573,-0.94572324,0
-0.78441482,-0.47019533,-0.59163147,-0.85955255,-0.37786573,-0.94572324,0
-0.35841673,-0.44365372,0.49032595,0.8159883,0.61842161,1.1354501,0
-0.029136289,-0.38172329,0.039510361,1.0286482,1.1652454,0.43461572,0
1.3047544,0.82592012,0.2198366,0.77759136,0.1221053,1.2329575,0
-0.22900816,-0.42595931,-0.18589744,-0.85955255,-0.37786573,-0.94572324,0
0.59300725,0.193345,-0.230979,1.5463739,-0.37786573,1.6351754,0
-0.78441482,-0.47019533,-0.59163147,-0.85955255,-0.37786573,-0.94572324,0
0.4564846,-0.11188355,-0.14081588,0.92274021,-0.37786573,1.1476385,0
-0.056576325,-0.38614689,-0.45638679,-0.85955255,-0.37786573,-0.94572324,0
0.83929005,0.71090646,-0.0055711987,1.0767499,-0.37786573,0.95871792,0
0.49459576,-0.13400156,0.58048907,-0.85955255,-0.37786573,-0.94572324,0
0.072662858,-0.33306367,0.58048907,0.73117749,0.56590572,0.9434824,0
-0.21477999,-0.4082649,-0.0055711987,-0.85955255,-0.37786573,-0.94572324,0
-0.78441482,-0.47019533,-0.59163147,-0.85955255,-0.37786573,-0.94572324,0
-0.78441482,-0.47019533,-0.59163147,-0.85955255,-0.37786573,-0.94572324,0
-0.78441482,-0.47019533,-0.59163147,-0.85955255,-0.37786573,-0.94572324,0
-0.2901554,-0.43038291,-0.095734317,-0.85955255,-0.37786573,-0.94572324,0
5.4935945,-0.45250093,-0.45638679,-0.85955255,-0.37786573,-0.94572324,0
-0.78441482,-0.47019533,-0.59163147,-0.85955255,-0.37786573,-0.94572324,0
-0.014061207,0.038518923,-0.14081588,-0.85955255,-0.37786573,-0.94572324,0
0.092311279,-0.32421646,-0.36622367,-0.85955255,-0.37786573,-0.94572324,0
-0.78441482,-0.47019533,-0.59163147,-0.85955255,-0.37786573,-0.94572324,0
0.98648382,4.3559547,-0.45638679,1.356499,-0.37786573,0.24874226,0
-0.17988711,-0.36845248,-0.0055711987,-0.85955255,-0.37786573,-0.94572324,0
0.76882674,0.62685802,-0.230979,1.4835042,0.542858,1.0592724,0
1.3670873,3.3916094,-0.41130523,1.7822408,-0.37786573,0.8916816,0
-0.33351743,-0.44807732,-0.050652758,0.65480557,-0.37786573,1.1842038,0
-0.27067636,-0.44365372,0.08459192,-0.85955255,-0.37786573,-0.94572324,0
0.00067510833,-0.43038291,-0.32114211,-0.85955255,-0.37786573,-0.94572324,0
-0.78441482,-0.47019533,-0.59163147,-0.85955255,-0.37786573,-0.94572324,0
1.5488352,-0.43923012,-0.18589744,-0.85955255,-0.37786573,-0.94572324,0
0.079268793,-0.38614689,-0.050652758,-0.85955255,-0.37786573,-0.94572324,0
1.0328947,1.0426766,-0.27606055,1.2860343,-0.37786573,1.2512401,0
-0.78441482,-0.47019533,-0.59163147,-0.85955255,-0.37786573,-0.94572324,0
-0.78441482,-0.44807732,8.4246804,-0.85955255,-0.37786573,-0.94572324,0
1.4954796,4.8558218,-0.32114211,-0.85955255,-0.37786573,-0.94572324,0
0.016427722,-0.43038291,-0.050652758,-0.85955255,-0.37786573,-0.94572324,0
0.04166578,-0.30652205,0.85097843,0.63328641,0.28495394,1.1811567,0
0.42599567,-0.23574442,-0.18589744,1.0134582,0.4433906,1.1384972,0
6.9306393,-0.43923012,-0.50146835,-0.85955255,-0.37786573,-0.94572324,0
-0.13313741,-0.3994177,-0.095734317,-0.85955255,-0.37786573,-0.94572324,0
-0.057762006,-0.2003556,0.58048907,-0.22326053,-0.37786573,1.0958377,0
-0.34740683,-0.44365372,0.039510361,-0.060811973,0.7039616,0.88558738,0
0.5408373,0.3879835,0.08459192,-0.85955255,-0.37786573,-0.94572324,0
2.1952005,-0.45250093,-0.36622367,-0.85955255,-0.37786573,-0.94572324,0
-0.48511516,-0.34191087,10.273024,0.96409075,-0.37786573,0.57782969,0
0.35011211,1.3877176,-0.18589744,1.1826579,-0.37786573,1.2542872,0
-0.78441482,-0.47019533,-0.59163147,-0.85955255,-0.37786573,-0.94572324,0
-0.78441482,-0.47019533,-0.59163147,-0.85955255,-0.37786573,-0.94572324,0
0.2847303,1.0117114,-0.095734317,-0.85955255,-0.37786573,-0.94572324,0
-0.53050979,-0.45250093,2.2034252,-0.85955255,-0.37786573,-0.94572324,0
0.12906738,-0.094189144,0.17475504,0.68898306,-0.37786573,1.190298,0
0.70208986,2.573243,0.039510361,1.2607176,-0.37786573,0.76065604,0
0.71326914,0.44106673,-0.095734317,1.356077,1.6854326,0.92824687,0
0.70903456,1.6575573,1.4370387,1.1451049,-0.37786573,0.89777581,0
-0.78441482,-0.47019533,-0.59163147,-0.85955255,-0.37786573,-0.94572324,0
0.017105254,-0.16939038,-0.32114211,-0.85955255,-0.37786573,-0.94572324,0
0.54168422,0.72417727,0.17475504,0.40332676,0.22960648,0.91301134,0
-0.37162859,-0.37729969,-0.59163147,0.90586243,-0.37786573,0.56564127,0
-0.0035594652,-0.34633447,-0.27606055,2.0552387,1.9430403,0.7911271,0
-0.78441482,-0.47019533,-0.59163147,-0.85955255,-0.37786573,-0.94572324,0
0.19715932,-0.23574442,0.26491816,-0.85955255,-0.37786573,-0.94572324,0
0.33164937,1.2417387,-0.27606055,-0.85955255,-0.37786573,-0.94572324,0
-0.17971772,-0.44365372,-0.32114211,-0.85955255,-0.37786573,-0.94572324,0
-0.19377651,-0.44365372,-0.14081588,0.92147437,1.9579554,0.76065604,0
-0.78441482,-0.47019533,-0.59163147,-0.85955255,-0.37786573,-0.94572324,0
-0.31945865,-0.3949941,-0.050652758,0.74636748,2.5084339,0.76675026,0
-0.78441482,-0.47019533,-0.59163147,-0.85955255,-0.37786573,-0.94572324,0
-0.37535502,-0.31094565,2.2485068,1.5193695,-0.37786573,0.77589157,0
-0.78441482,-0.47019533,-0.59163147,-0.85955255,-0.37786573,-0.94572324,0
0.026590698,-0.30652205,-0.18589744,1.067889,-0.37786573,0.66924287,0
-0.78441482,-0.47019533,-0.59163147,-0.85955255,-0.37786573,-0.94572324,0
-0.23036322,-0.36845248,-0.230979,0.7379286,2.0476111,1.1445914,0
-0.78441482,-0.47019533,-0.59163147,-0.85955255,-0.37786573,-0.94572324,0
0.58572378,-0.45250093,-0.36622367,-0.85955255,-0.37786573,-0.94572324,0
-0.20444763,-0.44365372,-0.59163147,-0.85955255,-0.37786573,-0.94572324,0
-0.78441482,-0.47019533,-0.59163147,-0.85955255,-0.37786573,-0.94572324,0
0.33927161,0.44106673,0.26491816,0.49151312,-0.37786573,0.78198578,0
0.46529251,0.10929656,-0.45638679,-0.85955255,-0.37786573,-0.94572324,0
0.014225744,-0.17381398,1.4370387,0.74636748,-0.37786573,-0.0072146355,0
1.6946739,3.0554157,-0.230979,-0.85955255,-0.37786573,-0.94572324,0
-0.4827438,-0.45250093,0.71573375,-0.16587611,-0.37786573,0.86730475,0
-0.78441482,-0.47019533,-0.59163147,-0.85955255,-0.37786573,-0.94572324,0
0.41430825,0.66224684,-0.230979,0.62737919,-0.37786573,0.31882569,0
-0.78441482,-0.47019533,-0.59163147,-0.85955255,-0.37786573,-0.94572324,0
-0.048615327,-0.30652205,0.62557063,0.69109278,0.26322323,1.0501311,0
-0.78441482,-0.47019533,-0.59163147,-0.85955255,-0.37786573,-0.94572324,0
-0.78441482,-0.47019533,-0.59163147,-0.85955255,-0.37786573,-0.94572324,0
-0.78441482,-0.47019533,-0.59163147,-0.85955255,-0.37786573,-0.94572324,0
-0.24831781,-0.25343882,0.17475504,0.91894271,0.8972991,0.5808768,0
-0.08333883,-0.24901522,1.5272018,0.52358089,-0.37786573,1.190298,0
1.2588516,4.8204329,0.08459192,1.0624038,-0.37786573,0.7911271,0
0.41346133,0.33490027,0.08459192,0.38729288,1.0099366,1.1689682,0
0.027776379,-0.28882764,-0.050652758,1.1910968,0.55978161,1.1659211,0
-0.073345237,-0.38172329,-0.32114211,-0.85955255,-0.37786573,-0.94572324,0
-0.78441482,-0.47019533,-0.59163147,-0.85955255,-0.37786573,-0.94572324,0
0.59571738,0.52069157,-0.36622367,-0.85955255,-0.37786573,-0.94572324,0
0.48798983,-0.12073076,-0.41130523,1.3324481,-0.37786573,1.391407,0
-0.49985148,-0.45250093,1.1214678,-0.85955255,-0.37786573,-0.94572324,0
-0.20495578,-0.39057049,0.71573375,0.99067324,0.77643024,0.83683369,0
1.6662176,4.7717733,-0.50146835,1.6480625,-0.37786573,0.2213183,0
-0.78441482,-0.47019533,-0.59163147,-0.85955255,-0.37786573,-0.94572324,0
0.93092622,3.1040753,-0.14081588,0.54299033,-0.37786573,1.0592724,0
-0.18412168,-0.12957796,0.80589687,0.42779953,0.43025339,1.0044245,0
-0.78441482,-0.47019533,-0.59163147,-0.85955255,-0.37786573,-0.94572324,0
0.66059104,0.42779592,-0.095734317,-0.85955255,-0.37786573,-0.94572324,0
-0.78441482,-0.47019533,-0.59163147,-0.85955255,-0.37786573,-0.94572324,0
0.18191485,-0.41711211,-0.41130523,0.9417277,-0.37786573,1.5346209,0
0.55658992,0.37471269,0.40016284,1.2218987,-0.37786573,1.4523491,0
-0.78441482,-0.47019533,-0.59163147,-0.85955255,-0.37786573,-0.94572324,0
-0.60724026,-0.4082649,3.150138,1.0012218,0.81087013,0.69057261,0
0.43260161,0.76841329,-0.45638679,1.2067087,2.6336818,1.2999938,0
1.4404301,4.1038094,-0.50146835,-0.85955255,-0.37786573,-0.94572324,0
-0.78441482,-0.47019533,-0.59163147,-0.85955255,-0.37786573,-0.94572324,0
-0.78441482,-0.47019533,-0.59163147,-0.85955255,-0.37786573,-0.94572324,0
0.40024946,0.056213332,-0.27606055,-0.85955255,-0.37786573,-0.94572324,0
-0.29184923,-0.4038413,5.4042159,-0.85955255,-0.37786573,-0.94572324,0
1.7165243,3.5862479,-0.36622367,-0.85955255,-0.37786573,-0.94572324,0
-0.29455936,-0.3994177,0.35508128,0.3045918,-0.37786573,1.0318485,0
0.15549112,-0.32421646,0.039510361,-0.85955255,-0.37786573,-0.94572324,0
-0.12822531,-0.39057049,0.67065219,-0.85955255,-0.37786573,-0.94572324,0
-0.78441482,-0.47019533,-0.59163147,-0.85955255,-0.37786573,-0.94572324,0
-0.78441482,-0.47019533,-0.59163147,-0.85955255,-0.37786573,-0.94572324,0
-0.78441482,-0.47019533,-0.59163147,-0.85955255,-0.37786573,-0.94572324,0
0.81743965,1.1355723,-0.0055711987,-0.85955255,-0.37786573,-0.94572324,0
0.75375166,0.84361453,0.2198366,0.41809481,-0.37786573,0.68143129,0
-0.24967288,-0.39057049,0.80589687,0.66704196,0.6013663,1.3182764,0
0.66143796,4.4665448,0.2198366,1.6088216,-0.37786573,0.55345284,0
0.081132005,-0.31536926,1.7075281,1.3008023,-0.37786573,1.7753423,0
3.1054644,-0.44807732,-0.54654991,-0.85955255,-0.37786573,-0.94572324,0
-0.78441482,-0.47019533,-0.59163147,-0.85955255,-0.37786573,-0.94572324,0
-0.20868221,-0.43038291,-0.36622367,1.7586119,2.99428,0.57173548,0
0.9578581,1.1311487,0.039510361,1.6408894,-0.37786573,1.0775551,0
-0.78441482,-0.47019533,-0.59163147,-0.85955255,-0.37786573,-0.94572324,0
-0.78441482,-0.47019533,-0.59163147,-0.85955255,-0.37786573,-0.94572324,0
1.2376787,5.0725783,-0.50146835,1.3159923,-0.37786573,0.24264805,0
0.004570916,-0.032258713,2.1583436,-0.85955255,-0.37786573,-0.94572324,0
0.18496375,-0.45250093,0.62557063,-0.85955255,-0.37786573,-0.94572324,0
-0.046582732,-0.22689721,1.2116309,-0.85955255,-0.37786573,-0.94572324,0
-0.78441482,-0.47019533,-0.59163147,-0.85955255,-0.37786573,-0.94572324,0
-0.78441482,-0.47019533,-0.59163147,-0.85955255,-0.37786573,-0.94572324,0
-0.78441482,-0.47019533,-0.59163147,-0.85955255,-0.37786573,-0.94572324,0
0.021678593,0.069484139,1.2567125,1.5345594,-0.37786573,1.2451459,0
0.57081809,0.087178548,-0.14081588,1.4235881,-0.37786573,1.0684137,0
1.7920691,4.1215038,-0.36622367,1.7328733,-0.37786573,0.6875255,0
-0.14397792,-0.33748727,0.58048907,0.40332676,0.42867298,1.4096896,0
0.32199455,0.16680339,-0.27606055,0.35438122,-0.37786573,0.83683369,0
-0.16548956,-0.35518168,0.30999972,0.7417261,-0.37786573,0.71190235,0
-0.31979741,-0.42153571,0.35508128,0.5083909,0.38850409,1.2878054,0
-0.78441482,-0.47019533,-0.59163147,-0.85955255,-0.37786573,-0.94572324,0
-0.78441482,-0.47019533,-0.59163147,-0.85955255,-0.37786573,-0.94572324,0
-0.78441482,-0.47019533,-0.59163147,-0.85955255,-0.37786573,-0.94572324,0
-0.050139774,-0.26228603,-0.27606055,-0.85955255,-0.37786573,-0.94572324,0
-0.78441482,-0.47019533,-0.59163147,-0.85955255,-0.37786573,-0.94572324,0
0.28540783,-0.010140702,0.17475504,0.86999717,1.0121426,1.3761714,0
-0.19123576,-0.41711211,0.58048907,1.2830806,-0.37786573,0.70885524,0
0.67261723,-0.14284877,-0.36622367,-0.85955255,-0.37786573,-0.94572324,0
-0.022022206,-0.2047792,0.30999972,0.80417385,-0.37786573,1.3091351,0
-0.78441482,-0.47019533,-0.59163147,-0.85955255,-0.37786573,-0.94572324,0
0.14820765,0.55608039,-0.18589744,0.40501454,-0.37786573,0.98918898,0
0.089431769,-0.36845248,-0.36622367,0.92105243,4.0996818,1.190298,0
0.43073839,0.24642823,-0.36622367,0.58645059,1.5167561,0.71494946,0
-0.78441482,-0.47019533,-0.59163147,-0.85955255,-0.37786573,-0.94572324,0
0.50103231,-0.28440404,-0.41130523,1.0763279,-0.37786573,1.1537327,0
-0.78441482,-0.47019533,-0.59163147,-0.85955255,-0.37786573,-0.94572324,0
-0.78441482,-0.47019533,-0.59163147,-0.85955255,-0.37786573,-0.94572324,0
-0.78441482,-0.47019533,-0.59163147,-0.85955255,-0.37786573,-0.94572324,0
0.31504985,-0.37729969,0.2198366,0.71598749,0.28093706,1.1720153,0
1.5896565,-0.45250093,-0.36622367,-0.85955255,-0.37786573,-0.94572324,0
-0.78441482,-0.47019533,-0.59163147,-0.85955255,-0.37786573,-0.94572324,0
0.19343289,0.92323937,-0.36622367,-0.85955255,-0.37786573,-0.94572324,0
0.16514594,0.68436485,-0.14081588,0.44931869,-0.37786573,1.1781095,0
-0.78441482,-0.47019533,-0.59163147,-0.85955255,-0.37786573,-0.94572324,0
1.1333388,1.0913363,0.039510361,-0.85955255,-0.37786573,-0.94572324,0
0.48443279,0.73302447,0.12967348,1.1244296,-0.37786573,0.77284447,0
-0.78441482,-0.47019533,-0.59163147,-0.85955255,-0.37786573,-0.94572324,0
-0.78441482,-0.47019533,-0.59163147,-0.85955255,-0.37786573,-0.94572324,0
0.53982101,1.3080928,-0.27606055,1.0168338,0.78541885,0.90691713,0
-0.78441482,-0.47019533,-0.59163147,-0.85955255,-0.37786573,-0.94572324,0
1.5464638,0.95420459,-0.14081588,1.2856123,-0.37786573,1.1354501,0
0.59690306,0.7905313,-0.27606055,1.1607168,-0.37786573,1.1842038,0
-0.30116529,-0.43923012,-0.230979,-0.85955255,-0.37786573,-0.94572324,0
-0.78441482,-0.47019533,-0.59163147,-0.85955255,-0.37786573,-0.94572324,0
-0.19106638,-0.4082649,0.26491816,0.35438122,-0.37786573,1.1171674,0
-0.39110763,-0.4082649,1.0763862,-0.018195598,-0.37786573,1.3152293,0
-0.18225847,-0.36402888,-0.095734317,0.80332997,2.2876038,1.1110732,0
-0.78441482,-0.47019533,-0.59163147,-0.85955255,-0.37786573,-0.94572324,0
-0.78441482,-0.47019533,-0.59163147,-0.85955255,-0.37786573,-0.94572324,0
0.34282865,-0.34633447,-0.050652758,2.1252815,-0.37786573,0.98614188,0
0.51000961,1.1134543,-0.18589744,-0.85955255,-0.37786573,-0.94572324,0
0.071985326,0.10487296,-0.14081588,0.66240057,1.2004755,0.8429279,0
-0.78441482,-0.47019533,-0.59163147,-0.85955255,-0.37786573,-0.94572324,0
0.67160093,0.33932388,-0.18589744,1.2476373,-0.37786573,1.2512401,0
-0.78441482,-0.47019533,-0.59163147,-0.85955255,-0.37786573,-0.94572324,0
0.13736714,0.073907741,0.30999972,-0.85955255,-0.37786573,-0.94572324,0
-0.087912169,0.75956609,0.53540751,-0.85955255,-0.37786573,-0.94572324,0
-0.091130445,-0.4082649,1.1665493,-0.85955255,-0.37786573,-0.94572324,0
0.7166568,0.70648286,0.53540751,0.8750605,-0.37786573,1.3304648,0
1.2363237,2.9050132,-0.32114211,-0.85955255,-0.37786573,-0.94572324,0
-0.17463623,-0.12515436,2.428833,0.34341067,0.074594057,1.3426533,0
-0.031846416,-0.45250093,-0.32114211,0.36577372,-0.37786573,0.95871792,0
-0.042517541,0.073907741,2.2935883,-0.85955255,-0.37786573,-0.94572324,0
-0.78441482,-0.47019533,-0.59163147,-0.85955255,-0.37786573,-0.94572324,0
0.14414246,-0.12957796,0.12967348,-0.85955255,-0.37786573,-0.94572324,0
0.73359509,3.1571585,0.30999972,0.27547764,0.50015385,0.67533708,0
-0.78441482,-0.47019533,-0.59163147,-0.85955255,-0.37786573,-0.94572324,0
-0.78441482,-0.47019533,-0.59163147,-0.85955255,-0.37786573,-0.94572324,0
-0.17954834,-0.39057049,0.30999972,0.87717022,0.53097196,1.3396062,0
1.4729516,0.41894872,-0.050652758,1.3683134,-0.37786573,1.1720153,0
0.17564769,-0.38172329,-0.14081588,1.333292,-0.37786573,0.80331553,0
0.88874986,1.8787375,0.12967348,1.3995373,0.42867298,0.87339896,0
-0.78441482,-0.47019533,-0.59163147,-0.85955255,-0.37786573,-0.94572324,0
-0.084693894,0.082754945,1.0313047,-0.13507417,-0.37786573,0.93129397,0
-0.78441482,-0.47019533,-0.59163147,-0.85955255,-0.37786573,-0.94572324,0
-0.0072858899,0.12699097,-0.27606055,-0.85955255,-0.37786573,-0.94572324,0
-0.35248832,-0.29767485,-0.27606055,0.032015774,1.6510914,0.91605844,0
-0.78441482,-0.47019533,-0.59163147,-0.85955255,-0.37786573,-0.94572324,0
-0.16193251,-0.42153571,0.35508128,0.90881604,-0.37786573,1.7235415,0
1.0716834,3.9887957,-0.0055711987,0.89067244,0.39920481,0.72409077,0
-0.19716417,-0.43480652,-0.36622367,0.40712426,-0.37786573,0.70580814,0
1.5717019,-0.44807732,-0.50146835,-0.85955255,-0.37786573,-0.94572324,0
0.17920473,-0.076494735,1.5272018,1.8792879,-0.37786573,1.0623195,0
0.51932567,0.28624065,-0.050652758,0.80712747,-0.37786573,0.96176503,0
0.25424137,-0.45250093,-0.32114211,-0.002583659,-0.37786573,0.032397741,0
0.33368197,0.042942525,-0.41130523,0.66071279,-0.37786573,1.9124621,0
-0.78441482,-0.47019533,-0.59163147,-0.85955255,-0.37786573,-0.94572324,0
-0.78441482,-0.47019533,-0.59163147,-0.85955255,-0.37786573,-0.94572324,0
-0.78441482,-0.47019533,-0.59163147,-0.85955255,-0.37786573,-0.94572324,0
-0.78441482,-0.47019533,-0.59163147,-0.85955255,-0.37786573,-0.94572324,0
-0.78441482,-0.47019533,-0.59163147,-0.85955255,-0.37786573,-0.94572324,0
-0.78441482,-0.47019533,-0.59163147,-0.85955255,-0.37786573,-0.94572324,0
0.18496375,0.12256737,0.039510361,0.10585603,-0.37786573,1.1080261,0
-0.78441482,-0.47019533,-0.59163147,-0.85955255,-0.37786573,-0.94572324,0
0.82031916,4.6656069,-0.27606055,1.8100891,0.98748156,0.5839239,0
0.45225003,-0.45250093,0.039510361,-0.85955255,-0.37786573,-0.94572324,0
0.35112841,0.096025752,0.80589687,-0.85955255,-0.37786573,-0.94572324,0
0.77898972,0.89227416,0.039510361,1.5843489,0.45649488,1.4371135,0
1.4555052,1.2903984,-0.18589744,-0.85955255,-0.37786573,-0.94572324,0
-0.27965366,-0.45250093,0.71573375,-0.85955255,-0.37786573,-0.94572324,0
-0.78441482,-0.47019533,-0.59163147,-0.85955255,-0.37786573,-0.94572324,0
0.11314538,0.003130105,-0.18589744,-0.85955255,-0.37786573,-0.94572324,0
0.62400433,-0.023411508,-0.45638679,1.4691581,-0.37786573,0.88558738,0
-0.78441482,-0.47019533,-0.59163147,-0.85955255,-0.37786573,-0.94572324,0
0.86029353,0.29508785,0.039510361,0.39488788,0.60120167,1.0135658,0
0.099425363,-0.41711211,-0.095734317,-0.85955255,-0.37786573,-0.94572324,0
-0.78441482,-0.47019533,-0.59163147,-0.85955255,-0.37786573,-0.94572324,0
0.38093981,-0.41268851,0.2198366,-0.85955255,-0.37786573,-0.94572324,0
0.33961037,0.025248116,-0.18589744,1.4581875,-0.37786573,1.1781095,0
0.047594183,-0.098612747,0.49032595,-0.85955255,-0.37786573,-0.94572324,0
0.10365994,-0.30652205,-0.18589744,0.21260794,1.5213327,1.2238161,0
0.44903175,0.020824514,0.2198366,1.3451065,0.21492178,1.3243706,0
0.12195329,-0.28440404,0.08459192,1.1974259,0.43904446,1.4279722,0
0.37873783,0.60916361,-0.14081588,1.0543868,0.49478703,1.5041499,0
-0.016093803,-0.27113323,-0.27606055,-0.85955255,-0.37786573,-0.94572324,0
-0.11416653,-0.43923012,-0.41130523,-0.85955255,-0.37786573,-0.94572324,0
1.3555692,2.5201598,-0.050652758,1.363672,-0.37786573,0.65705444,0
0.79796061,1.5558145,-0.32114211,1.1974259,1.1746949,0.9434824,0
-0.78441482,-0.47019533,-0.59163147,-0.85955255,-0.37786573,-0.94572324,0
-0.78441482,-0.47019533,-0.59163147,-0.85955255,-0.37786573,-0.94572324,0
0.21257317,0.078331343,-0.050652758,-0.85955255,-0.37786573,-0.94572324,0
0.36078324,0.025248116,0.71573375,-0.85955255,-0.37786573,-0.94572324,0
-0.78441482,-0.47019533,-0.59163147,-0.85955255,-0.37786573,-0.94572324,0
-0.50188408,-0.45250093,0.12967348,0.10669992,1.3770869,0.81245684,0
0.14024665,0.087178548,-0.050652758,0.10121464,-0.37786573,0.67533708,0
-0.78441482,-0.47019533,-0.59163147,-0.85955255,-0.37786573,-0.94572324,0
-0.78441482,-0.47019533,-0.59163147,-0.85955255,-0.37786573,-0.94572324,0
-0.2096985,-0.43038291,0.94114155,1.363672,0.41346148,0.80940974,0
-0.78441482,-0.47019533,-0.59163147,-0.85955255,-0.37786573,-0.94572324,0
-0.080967469,-0.35075807,-0.18589744,0.19530822,-0.37786573,0.80026842,0
-0.33741324,-0.33306367,0.98622311,-0.85955255,-0.37786573,-0.94572324,0
0.81439075,-0.45250093,-0.27606055,-0.85955255,-0.37786573,-0.94572324,0
-0.36824094,-0.43923012,0.30999972,-0.85955255,-0.37786573,-0.94572324,0
0.053691969,-0.29325125,-0.18589744,1.121054,0.82492924,1.1994393,0
0.092650045,0.060636934,0.71573375,0.48982535,0.5402569,1.3091351,0
-0.40719901,-0.4082649,1.6624465,0.078429648,0.47486721,1.132403,0
-0.78441482,-0.47019533,-0.59163147,-0.85955255,-0.37786573,-0.94572324,0
-0.034217777,-0.24016802,2.3386699,0.54847561,-0.37786573,1.1750624,0
-0.043533839,-0.35518168,0.30999972,-0.85955255,-0.37786573,-0.94572324,0
-0.78441482,-0.47019533,-0.59163147,-0.85955255,-0.37786573,-0.94572324,0
-0.069449429,-0.38172329,0.58048907,-0.85955255,-0.37786573,-0.94572324,0
1.3071257,3.2456305,0.76081531,-0.85955255,-0.37786573,-0.94572324,0
-0.27118451,-0.44807732,0.2198366,-0.85955255,-0.37786573,-0.94572324,0
2.5807161,2.0645287,-0.36622367,1.7408902,-0.37786573,0.59306522,0
0.0069422771,-0.22689721,1.0313047,-0.85955255,-0.37786573,-0.94572324,0
-0.78441482,-0.47019533,-0.59163147,-0.85955255,-0.37786573,-0.94572324,0
1.6132007,2.7501871,-0.50146835,1.1067079,-0.37786573,0.44985124,0
0.57047932,1.3036692,-0.27606055,1.0037535,-0.37786573,0.81855105,0
-0.15854486,-0.4082649,1.4370387,1.2033332,-0.37786573,0.41938019,0
0.22036478,1.1709611,0.12967348,1.757768,-0.37786573,0.48641652,0
-0.78441482,-0.47019533,-0.59163147,-0.85955255,-0.37786573,-0.94572324,0
0.14888518,-0.22689721,-0.230979,0.89193827,1.6549437,1.4249251,0
-0.78441482,-0.47019533,-0.59163147,-0.85955255,-0.37786573,-0.94572324,0
-0.78441482,-0.47019533,-0.59163147,-0.85955255,-0.37786573,-0.94572324,0
-0.78441482,-0.47019533,-0.59163147,-0.85955255,-0.37786573,-0.94572324,0
0.22697072,-0.063223929,0.53540751,1.3847692,-0.37786573,0.51384047,0
-0.045227668,-0.41711211,0.17475504,0.7750597,0.61842161,1.248193,0
1.9290999,-0.37729969,-0.27606055,-0.85955255,-0.37786573,-0.94572324,0
-0.016263186,-0.2003556,1.1214678,0.47674507,-0.37786573,1.0988848,0
-0.13161297,-0.37729969,-0.050652758,0.59868698,-0.37786573,1.2451459,0
-0.086726489,-0.34191087,0.49032595,0.72780194,0.089937258,1.2055335,0
-0.021344674,-0.24459162,0.08459192,1.0902521,0.76286501,0.94957661,0
1.0196829,1.2328915,0.12967348,1.6079778,0.25416877,1.0806022,0
-0.78441482,-0.47019533,-0.59163147,-0.85955255,-0.37786573,-0.94572324,0
0.22900331,-0.195932,0.30999972,0.59573337,0.34323177,1.0988848,0
-0.78441482,-0.47019533,-0.59163147,-0.85955255,-0.37786573,-0.94572324,0
0.58335242,0.29066425,0.08459192,0.87295078,0.22374577,0.77589157,0
-0.18683181,-0.43923012,-0.14081588,1.0649354,-0.37786573,1.0866964,0
0.077574963,-0.43923012,-0.18589744,-0.85955255,-0.37786573,-0.94572324,0
-0.19021947,-0.35075807,0.80589687,0.88814077,0.55303192,1.2299103,0
0.06758137,-0.29325125,0.53540751,0.57548004,0.34204645,1.3457004,0
-0.10197095,-0.31979286,-0.32114211,1.0999568,-0.37786573,0.42242729,0
0.45716213,4.3559547,1.4370387,0.065349374,0.28910254,-0.19918231,0
-0.78441482,-0.47019533,-0.59163147,-0.85955255,-0.37786573,-0.94572324,0
0.84555721,5.0416131,-0.36622367,0.80332997,2.2876038,0.62353628,0
-0.78441482,-0.47019533,-0.59163147,-0.85955255,-0.37786573,-0.94572324,0
0.60418652,0.14910898,-0.0055711987,0.6121892,0.84768064,1.0866964,0
-0.78441482,-0.47019533,-0.59163147,-0.85955255,-0.37786573,-0.94572324,0
0.75070277,0.56050399,-0.095734317,1.8472202,0.38820776,1.0227071,0
-0.78441482,-0.47019533,-0.59163147,-0.85955255,-0.37786573,-0.94572324,0
-0.36349821,-0.44807732,-0.095734317,0.61809642,2.0740172,1.2055335,0
-0.78441482,-0.47019533,-0.59163147,-0.85955255,-0.37786573,-0.94572324,0
0.40143515,0.67994125,-0.14081588,0.29952846,-0.37786573,1.0501311,0
-0.78441482,-0.47019533,-0.59163147,-0.85955255,-0.37786573,-0.94572324,0
0.70005727,-0.44807732,-0.0055711987,-0.85955255,-0.37786573,-0.94572324,0
-0.78441482,-0.47019533,-0.59163147,-0.85955255,-0.37786573,-0.94572324,0
-0.30573863,-0.35518168,1.3468756,-0.85955255,-0.37786573,-0.94572324,0
0.071815943,0.034095321,2.6993224,0.065771319,-0.37786573,1.0379427,0
-0.020836525,-0.27998044,1.2116309,0.88982855,-0.37786573,0.90996423,0
-0.14567175,-0.43480652,-0.0055711987,0.74088221,-0.37786573,1.5894688,0
-0.22375729,-0.43480652,-0.095734317,0.67674667,-0.37786573,1.5407151,0
0.018460317,-0.2047792,-0.230979,0.6636664,1.7798624,1.1141203,0
-0.78441482,-0.47019533,-0.59163147,-0.85955255,-0.37786573,-0.94572324,0
-0.78441482,-0.47019533,-0.59163147,-0.85955255,-0.37786573,-0.94572324,0
0.32453529,-0.18266119,0.08459192,1.2109282,1.2653713,1.4188309,0
0.97530455,1.7681474,-0.27606055,-0.85955255,-0.37786573,-0.94572324,0
-0.39076887,-0.42153571,-0.050652758,0.92105243,3.8869843,0.50165204,0
0.67939255,0.17122699,-0.36622367,-0.85955255,-0.37786573,-0.94572324,0
0.080962622,-0.195932,0.49032595,0.81641024,0.53851186,1.2908525,0
0.25271692,-0.18708479,0.039510361,1.1168346,0.35037656,1.537668,0
0.45123373,1.0205586,0.49032595,1.1493243,-0.37786573,0.8429279,0
-0.10010774,-0.27113323,0.67065219,-0.85955255,-0.37786573,-0.94572324,0
0.77441638,0.36144189,-0.45638679,0.3417229,3.4297503,0.84597501,0
-0.38755059,-0.43923012,0.30999972,0.10248047,0.58661575,0.71494946,0
-0.78441482,-0.47019533,-0.59163147,-0.85955255,-0.37786573,-0.94572324,0
-0.78441482,-0.47019533,-0.59163147,-0.85955255,-0.37786573,-0.94572324,0
-0.16227128,-0.41711211,-0.14081588,0.95733964,2.2946498,0.98309477,0
-0.78441482,-0.47019533,-0.59163147,-0.85955255,-0.37786573,-0.94572324,0
-0.78441482,-0.47019533,-0.59163147,-0.85955255,-0.37786573,-0.94572324,0
0.1556605,0.37471269,-0.36622367,1.8172621,1.8531212,1.0775551,0
0.42565691,-0.27113323,-0.18589744,0.6750589,-0.37786573,1.0379427,0
-0.07182079,-0.17823759,0.2198366,0.40923398,-0.37786573,1.3883599,0
-0.78441482,-0.47019533,-0.59163147,-0.85955255,-0.37786573,-0.94572324,0
-0.35875549,-0.28882764,2.6091592,1.1505901,-0.0050852238,0.87035185,0
0.10755574,-0.023411508,0.76081531,1.0294921,0.62336041,1.1659211,0
-0.78441482,-0.47019533,-0.59163147,-0.85955255,-0.37786573,-0.94572324,0
-0.78441482,-0.47019533,-0.59163147,-0.85955255,-0.37786573,-0.94572324,0
-0.78441482,-0.47019533,-0.59163147,-0.85955255,-0.37786573,-0.94572324,0
0.29286068,-0.36845248,-0.36622367,0.91725493,-0.37786573,1.2573343,0
-0.24628522,-0.43923012,-0.59163147,0.73708471,-0.37786573,0.64181891,0
-0.17090981,-0.41711211,0.039510361,1.4640948,-0.37786573,0.7911271,0
-0.78441482,-0.47019533,-0.59163147,-0.85955255,-0.37786573,-0.94572324,0
0.56607536,0.75071888,-0.45638679,1.1877212,-0.37786573,0.88254028,0
-0.25289115,-0.37287609,1.1665493,0.356069,-0.0057437303,1.4005483,0
-0.29676133,-0.45250093,0.08459192,0.28222875,-0.37786573,0.94957661,0
0.12263083,-0.2136264,-0.32114211,0.88729688,-0.37786573,1.3213235,0
0.01575019,-0.39057049,0.49032595,0.53961477,-0.37786573,1.2969467,0
-0.78441482,-0.47019533,-0.59163147,-0.85955255,-0.37786573,-0.94572324,0
0.10975772,-0.28882764,0.58048907,1.6830838,-0.37786573,0.94043529,0
1.0979378,1.1267251,-0.27606055,0.65860307,1.0312722,0.92215265,0
0.17869658,-0.29325125,0.2198366,0.68096612,-0.37786573,1.4401607,0
-0.78441482,-0.47019533,-0.59163147,-0.85955255,-0.37786573,-0.94572324,0
0.14888518,-0.16054318,0.039510361,1.015146,1.8345184,1.0166129,0
-0.0093184852,-0.2003556,0.26491816,1.4535461,-0.37786573,1.3274177,0
-0.78441482,-0.47019533,-0.59163147,-0.85955255,-0.37786573,-0.94572324,0
-0.21342493,-0.33748727,-0.050652758,0.43581648,1.3593731,1.0440369,0
-0.080289937,-0.39057049,0.44524439,0.59488948,-0.37786573,1.248193,0
-0.78441482,-0.47019533,-0.59163147,-0.85955255,-0.37786573,-0.94572324,0
0.63636928,-0.076494735,-0.0055711987,0.9970024,-0.37786573,0.85816343,0
-0.20614146,-0.39057049,0.49032595,0.44003592,-0.37786573,1.1354501,0
0.34045729,-0.098612747,0.2198366,1.864098,-0.37786573,0.91605844,0
-0.37603255,-0.33748727,0.67065219,0.94003992,0.65500165,1.1263087,0
-0.48663961,-0.45250093,0.89605999,-0.85955255,-0.37786573,-0.94572324,0
-0.78441482,-0.47019533,-0.59163147,-0.85955255,-0.37786573,-0.94572324,0
-0.18513798,-0.34633447,-0.230979,0.83666357,2.8835521,1.5894688,0
-0.78441482,-0.47019533,-0.59163147,-0.85955255,-0.37786573,-0.94572324,0
-0.78441482,-0.47019533,-0.59163147,-0.85955255,-0.37786573,-0.94572324,0
-0.78441482,-0.47019533,-0.59163147,-0.85955255,-0.37786573,-0.94572324,0
0.0074504259,-0.35960528,0.039510361,0.5083909,0.38850409,1.1933451,0
-0.073853385,-0.42153571,0.85097843,0.78645219,0.31537694,0.9465295,0
-0.78441482,-0.47019533,-0.59163147,-0.85955255,-0.37786573,-0.94572324,0
-0.22104716,-0.44807732,1.1214678,-0.85955255,-0.37786573,-0.94572324,0
-0.47495219,-0.44807732,-0.59163147,0.018935501,-0.37786573,0.63877181,0
1.1296124,1.1134543,0.08459192,1.5936317,-0.37786573,0.85511633,0
0.10586191,-0.18266119,0.35508128,-0.85955255,-0.37786573,-0.94572324,0
-0.78441482,-0.47019533,-0.59163147,-0.85955255,-0.37786573,-0.94572324,0
0.094174491,0.10487296,2.0681805,0.21556155,-0.37786573,1.0836493,0
-0.78441482,-0.47019533,-0.59163147,-0.85955255,-0.37786573,-0.94572324,0
-0.1759913,-0.11188355,-0.050652758,0.59953087,-0.37786573,0.96481214,0
-0.78441482,-0.47019533,-0.59163147,-0.85955255,-0.37786573,-0.94572324,0
-0.78441482,-0.47019533,-0.59163147,-0.85955255,-0.37786573,-0.94572324,0
1.2595291,-0.45250093,-0.50146835,-0.85955255,-0.37786573,-0.94572324,0
-0.78441482,-0.47019533,-0.59163147,-0.85955255,-0.37786573,-0.94572324,0
-0.31217518,-0.44807732,0.12967348,0.94721297,-0.37786573,0.99223609,0
-0.78441482,-0.47019533,-0.59163147,-0.85955255,-0.37786573,-0.94572324,0
-0.78441482,-0.47019533,-0.59163147,-0.85955255,-0.37786573,-0.94572324,0
-0.78441482,-0.47019533,-0.59163147,-0.85955255,-0.37786573,-0.94572324,0
0.38077043,0.44991393,0.44524439,-0.85955255,-0.37786573,-0.94572324,0
0.76289834,2.9934852,-0.095734317,0.83919523,0.13310236,0.41023887,0
0.16108075,-0.37729969,-0.41130523,-0.85955255,-0.37786573,-0.94572324,0
-0.78441482,-0.47019533,-0.59163147,-0.85955255,-0.37786573,-0.94572324,0
0.53372322,0.67551765,-0.36622367,0.20332516,-0.37786573,0.93738818,0
0.28388338,1.2373151,1.1665493,0.92906937,-0.15594905,0.88254028,0
-0.78441482,-0.47019533,-0.59163147,-0.85955255,-0.37786573,-0.94572324,0
0.96717417,0.37028909,0.12967348,1.3999592,-0.37786573,1.0988848,0
0.044714673,-0.22247361,-0.32114211,0.76915248,2.4609885,1.0775551,0
-0.78441482,-0.47019533,-0.59163147,-0.85955255,-0.37786573,-0.94572324,0
0.055724564,-0.30209845,0.08459192,1.8725368,-0.37786573,0.9952832,0
0.82743324,2.5157362,-0.14081588,1.9514404,-0.37786573,1.0775551,0
-0.33910707,-0.41711211,-0.59163147,1.2147257,-0.37786573,0.56259416,0
1.7441337,4.6567597,-0.32114211,1.2628273,-0.37786573,0.3249199,0
-0.78441482,-0.47019533,-0.59163147,-0.85955255,-0.37786573,-0.94572324,0
0.53507829,0.53396237,-0.27606055,0.072522428,3.5444951,0.49555783,0
-0.78441482,-0.47019533,-0.59163147,-0.85955255,-0.37786573,-0.94572324,0
0.57234253,0.54723318,-0.41130523,1.4636728,-0.37786573,1.3944541,0
-0.074192151,-0.2047792,0.62557063,-0.85955255,-0.37786573,-0.94572324,0
-0.182936,-0.24016802,2.023099,1.2451057,0.2754056,0.77893868,0
-0.061488431,-0.30652205,1.1665493,0.7227386,-0.37786573,1.5132912,0
-0.78441482,-0.47019533,-0.59163147,-0.85955255,-0.37786573,-0.94572324,0
-0.78441482,-0.47019533,-0.59163147,-0.85955255,-0.37786573,-0.94572324,0
0.19173906,-0.14284877,-0.050652758,0.93244492,0.55978161,1.2329575,0
0.11754934,0.042942525,1.8427727,-0.092879741,-0.37786573,0.41938019,0
0.37247066,-0.067647531,-0.0055711987,0.78476442,0.29545712,1.1689682,0
-0.35265771,-0.44807732,0.17475504,0.99067324,-0.37786573,1.6290812,0
-0.78441482,-0.47019533,-0.59163147,-0.85955255,-0.37786573,-0.94572324,0
0.30319304,-0.014564304,0.039510361,-0.85955255,-0.37786573,-0.94572324,0
-0.051833603,-0.35960528,-0.41130523,1.0100827,-0.37786573,1.2024864,0
0.39482921,0.64455243,-0.14081588,1.0311799,-0.37786573,0.90691713,0
-0.78441482,-0.47019533,-0.59163147,-0.85955255,-0.37786573,-0.94572324,0
-0.78441482,-0.47019533,-0.59163147,-0.85955255,-0.37786573,-0.94572324,0
-0.051156071,-0.33306367,-0.32114211,1.4885675,-0.37786573,0.50469915,0
-0.22731433,-0.41711211,-0.050652758,-0.85955255,-0.37786573,-0.94572324,0
-0.78441482,-0.47019533,-0.59163147,-0.85955255,-0.37786573,-0.94572324,0
-0.023207886,-0.08534194,2.5189961,0.23159543,0.10877054,0.59915943,0
-0.78441482,-0.47019533,-0.59163147,-0.85955255,-0.37786573,-0.94572324,0
0.26237175,-0.2047792,0.30999972,-0.85955255,-0.37786573,-0.94572324,0
-0.096211934,-0.21805001,0.08459192,-0.032963649,0.36367839,1.0440369,0
0.15633803,-0.35518168,0.039510361,0.64341307,-0.37786573,1.2055335,0
0.031672186,-0.45250093,-0.45638679,-0.85955255,-0.37786573,-0.94572324,0
-0.78441482,-0.47019533,-0.59163147,-0.85955255,-0.37786573,-0.94572324,0
-0.78441482,-0.47019533,-0.59163147,-0.85955255,-0.37786573,-0.94572324,0
-0.21427184,-0.3949941,-0.230979,0.95944936,-0.37786573,1.3487475,0
0.79237097,0.025248116,-0.36622367,-0.85955255,-0.37786573,-0.94572324,0
0.1844556,-0.2047792,-0.36622367,-0.85955255,-0.37786573,-0.94572324,0
0.87435231,5.0814255,-0.45638679,-0.85955255,-0.37786573,-0.94572324,0
-0.53796264,-0.42595931,2.6993224,0.65100807,0.030474125,0.97700056,0
-0.78441482,-0.47019533,-0.59163147,-0.85955255,-0.37786573,-0.94572324,0
-0.38162219,-0.4082649,1.7075281,0.70501694,0.21541566,1.248193,0
-0.36620834,-0.37729969,0.44524439,0.0079649487,0.81979289,1.3152293,0
0.81032556,3.5331647,-0.41130523,-0.85955255,-0.37786573,-0.94572324,0
-0.78441482,-0.47019533,-0.59163147,-0.85955255,-0.37786573,-0.94572324,0
-0.78441482,-0.47019533,-0.59163147,-0.85955255,-0.37786573,-0.94572324,0
-0.78441482,-0.47019533,-0.59163147,-0.85955255,-0.37786573,-0.94572324,0
-0.028289374,0.16680339,0.85097843,0.9045966,0.082627836,1.0592724,0
-0.1739587,-0.36845248,1.4821203,2.7079866,-0.37786573,0.72104367,0
-0.78441482,-0.47019533,-0.59163147,-0.85955255,-0.37786573,-0.94572324,0
-0.36214315,-0.25786243,-0.095734317,0.57969948,2.7042408,0.76065604,0
0.21579144,0.18007419,0.80589687,-0.85955255,-0.37786573,-0.94572324,0
3.0414377,4.4488504,-0.18589744,1.961989,0.34543776,0.59915943,0
-0.78441482,-0.47019533,-0.59163147,-0.85955255,-0.37786573,-0.94572324,0
0.25102309,0.0075537073,0.62557063,-0.85955255,-0.37786573,-0.94572324,0
0.65838907,1.3655996,0.40016284,-0.85955255,-0.37786573,-0.94572324,0
0.31555799,-0.023411508,0.26491816,1.083079,0.30256899,1.0866964,0
-0.3845017,-0.37287609,0.94114155,0.21767127,-0.37786573,0.44070993,0
-0.16379573,-0.43038291,-0.230979,-0.85955255,-0.37786573,-0.94572324,0
1.1558668,1.0736418,-0.41130523,2.3539753,-0.37786573,0.85511633,0
-0.78441482,-0.47019533,-0.59163147,-0.85955255,-0.37786573,-0.94572324,0
-0.78441482,-0.47019533,-0.59163147,-0.85955255,-0.37786573,-0.94572324,0
0.15210346,0.12256737,-0.36622367,1.8493299,-0.37786573,1.132403,0
0.61011493,0.7905313,-0.32114211,0.71683138,-0.37786573,0.73018498,0
2.706737,-0.44365372,-0.54654991,-0.85955255,-0.37786573,-0.94572324,0
-0.78441482,-0.47019533,-0.59163147,-0.85955255,-0.37786573,-0.94572324,0
-0.29235738,-0.44365372,0.49032595,-0.85955255,-0.37786573,-0.94572324,0
-0.78441482,-0.47019533,-0.59163147,-0.85955255,-0.37786573,-0.94572324,0
0.27795498,0.68436485,0.2198366,0.74046026,0.52063341,0.92519976,0
-0.24289756,-0.30652205,-0.050652758,0.75649415,-0.37786573,0.9465295,0
0.025066252,-0.34633447,-0.18589744,0.5083909,-0.37786573,1.3670301,0
5.3978931,-0.45250093,-0.50146835,-0.85955255,-0.37786573,-0.94572324,0
-0.78441482,-0.47019533,-0.59163147,-0.85955255,-0.37786573,-0.94572324,0
0.38229487,-0.15611958,0.26491816,0.73117749,0.17646501,1.0440369,0
4.8977053,-0.44807732,-0.54654991,-0.85955255,-0.37786573,-0.94572324,0
0.32385776,-0.45250093,-0.36622367,-0.85955255,-0.37786573,-0.94572324,0
-0.78441482,-0.47019533,-0.59163147,-0.85955255,-0.37786573,-0.94572324,0
0.15481358,-0.27555684,-0.230979,1.3041779,-0.37786573,0.99223609,0
-0.78441482,-0.47019533,-0.59163147,-0.85955255,-0.37786573,-0.94572324,0
-0.78441482,-0.47019533,-0.59163147,-0.85955255,-0.37786573,-0.94572324,0
-0.0389605,-0.38172329,0.53540751,1.1218979,-0.37786573,0.70580814,0
-0.22578988,-0.35960528,1.301794,1.0451041,0.19575925,0.85206922,0
-0.78441482,-0.47019533,-0.59163147,-0.85955255,-0.37786573,-0.94572324,0
0.77153687,0.72860087,-0.45638679,-0.85955255,-0.37786573,-0.94572324,0
0.10450685,-0.34191087,-0.095734317,-0.85955255,-0.37786573,-0.94572324,0
-0.78441482,-0.47019533,-0.59163147,-0.85955255,-0.37786573,-0.94572324,0
-0.78441482,-0.47019533,-0.59163147,-0.85955255,-0.37786573,-0.94572324,0
0.53660273,1.9273971,-0.230979,0.697,-0.37786573,0.73323209,0
-0.28863095,-0.42595931,0.12967348,0.6265353,0.91040338,0.97090635,0
-0.2811781,0.029671718,4.9083188,0.92906937,-0.15594905,0.76675026,0
-0.78441482,-0.47019533,-0.59163147,-0.85955255,-0.37786573,-0.94572324,0
0.2042734,1.0338294,0.67065219,0.68645139,-0.37786573,0.59915943,0
-0.066739302,-0.089765542,0.26491816,0.5969992,-0.37786573,1.1933451,0
-0.78441482,-0.47019533,-0.59163147,-0.85955255,-0.37786573,-0.94572324,0
0.2628799,-0.19150839,0.12967348,0.37252483,-0.37786573,1.0958377,0
-0.78441482,-0.47019533,-0.59163147,-0.85955255,-0.37786573,-0.94572324,0
-0.25255239,-0.44807732,-0.32114211,-0.85955255,-0.37786573,-0.94572324,0
-0.78441482,-0.47019533,-0.59163147,-0.85955255,-0.37786573,-0.94572324,0
-0.32962163,-0.36402888,0.80589687,0.44045786,0.64331316,0.75151473,0
0.34858767,-0.0057170995,-0.14081588,0.57843365,-0.37786573,1.3030409,0
0.1099271,-0.4082649,-0.0055711987,0.22568821,0.46363967,0.90996423,0
-0.78441482,-0.47019533,-0.59163147,-0.85955255,-0.37786573,-0.94572324,0
-0.78441482,-0.47019533,-0.59163147,-0.85955255,-0.37786573,-0.94572324,0
-0.07757981,-0.27113323,0.35508128,0.4969984,0.62089101,0.73018498,0
31.508443,3.5597063,-0.59163147,-0.85955255,-0.37786573,-0.94572324,0
1.5984644,1.8875847,-0.41130523,1.3784401,1.5130026,0.95567082,0
-0.42447607,-0.34633447,0.12967348,1.1835018,-0.37786573,0.87035185,0
-0.78441482,-0.47019533,-0.59163147,-0.85955255,-0.37786573,-0.94572324,0
-0.11924801,-0.34633447,1.0763862,1.7548144,0.48378997,0.86730475,0
-0.78441482,-0.47019533,-0.59163147,-0.85955255,-0.37786573,-0.94572324,0
1.1152149,0.60916361,0.039510361,1.4539681,-0.37786573,0.91605844,0
-0.11823172,-0.41711211,0.49032595,1.4940528,-0.37786573,1.2299103,0
-0.78441482,-0.47019533,-0.59163147,-0.85955255,-0.37786573,-0.94572324,0
-0.78441482,-0.47019533,-0.59163147,-0.85955255,-0.37786573,-0.94572324,0
0.87621553,4.5948292,-0.18589744,0.39151232,-0.37786573,0.4803223,0
-0.40347259,-0.44807732,0.40016284,0.33665956,-0.37786573,1.104979,0
0.23967444,0.55608039,0.58048907,1.9801326,0.082693687,1.3152293,0
-0.78441482,-0.47019533,-0.59163147,-0.85955255,-0.37786573,-0.94572324,0
-0.78441482,-0.47019533,-0.59163147,-0.85955255,-0.37786573,-0.94572324,0
-0.78441482,-0.47019533,-0.59163147,-0.85955255,-0.37786573,-0.94572324,0
-0.091469211,-0.41711211,1.9329359,1.1615607,0.44490516,0.81245684,0
-0.78441482,-0.47019533,-0.59163147,-0.85955255,-0.37786573,-0.94572324,0
-0.78441482,-0.47019533,-0.59163147,-0.85955255,-0.37786573,-0.94572324,0
-0.78441482,-0.47019533,-0.59163147,-0.85955255,-0.37786573,-0.94572324,0
0.40075761,-0.072071133,0.039510361,0.87168494,0.24248028,1.1445914,0
5.079792,0.89227416,-0.54654991,5.4784729,-0.37786573,0.49251073,1
0.37026868,-0.0057170995,-0.50146835,1.5611419,5.2983282,1.6138457,1
0.20291834,-0.33748727,-0.36622367,1.416415,2.6611745,1.5986102,1
0.0010138742,-0.41268851,0.26491816,1.2181012,1.0712436,1.680882,1
0.62281865,-0.37729969,-0.41130523,2.7003916,2.8592532,1.5498565,1
-0.46123217,-0.43923012,0.53540751,0.80417385,2.1916265,1.1750624,1
0.45208064,0.1889214,-0.50146835,1.5446861,7.0064281,1.4035954,1
0.40651663,-0.34191087,-0.45638679,-0.85955255,-0.37786573,-0.94572324,1
3.3473432,0.073907741,-0.32114211,3.7974468,-0.37786573,0.96176503,1
1.3808073,0.49414995,0.039510361,4.9421817,1.6205038,1.537668,1
-0.028966906,-0.36845248,-0.32114211,0.85691689,1.8356049,1.537668,1
0.44310335,-0.023411508,-0.41130523,1.6240116,4.3715462,1.1842038,1
-0.10688306,-0.32421646,-0.14081588,1.2662029,-0.37786573,1.5011028,1
-0.78441482,-0.47019533,-0.59163147,-0.85955255,-0.37786573,-0.94572324,1
0.89027431,-0.39057049,-0.50146835,2.4919511,5.129981,1.2055335,1
0.37433387,-0.2047792,0.17475504,2.5143141,-0.37786573,0.88254028,1
1.0974296,-0.19150839,-0.50146835,2.2552403,6.0677272,1.4157838,1
-0.15024509,-0.3994177,-0.050652758,1.3725328,1.5837262,1.5955631,1
0.45208064,-0.3994177,-0.45638679,1.2835026,3.8428643,1.4553962,1
0.1785272,-0.30209845,-0.32114211,1.0771718,2.2525054,1.3822656,1
2.3772871,0.52511517,-0.54654991,2.0193735,10.939259,1.0013774,1
2.8701915,-0.076494735,-0.54654991,2.5552427,10.620608,1.1842038,1
-0.17768513,-0.45250093,-0.32114211,0.65269585,-0.37786573,1.248193,1
0.50746887,-0.33306367,-0.50146835,1.6619866,11.803055,1.1202145,1
-0.04878471,-0.43038291,-0.27606055,1.0948935,1.6864532,1.4858672,1
1.2659657,-0.13842517,-0.18589744,4.3687594,0.46894065,1.3152293,1
0.94447685,1.0692182,-0.32114211,1.1704215,-0.37786573,1.2938996,0
0.81371322,3.1394641,-0.095734317,1.3354017,-0.37786573,0.98918898,0
0.2251075,0.42337232,-0.230979,0.75775998,0.6089062,1.5742333,0
0.16734792,0.53838598,0.76081531,0.22357849,1.1119393,0.81855105,0
0.067242604,-0.38172329,0.039510361,1.5784417,-0.37786573,1.104979,0
-0.78441482,-0.47019533,-0.59163147,-0.85955255,-0.37786573,-0.94572324,0
0.2937076,0.56935119,0.08459192,0.4417237,-0.37786573,1.0714608,0
-0.18259723,-0.43038291,0.08459192,0.61556475,-0.37786573,1.0623195,0
0.60825172,-0.098612747,-0.095734317,1.5463739,0.81024454,1.4432078,0
2.513471,4.931023,-0.45638679,-0.85955255,-0.37786573,-0.94572324,0
4.4523975,-0.43038291,-0.54654991,-0.85955255,-0.37786573,-0.94572324,0
-0.11907863,-0.38614689,-0.230979,-0.85955255,-0.37786573,-0.94572324,0
0.087229791,-0.14727237,-0.32114211,0.93750826,-0.37786573,1.1689682,0
0.25762903,-0.14727237,-0.32114211,1.1932065,1.6459551,1.4157838,0
0.10755574,-0.04552952,-0.36622367,1.2159915,-0.37786573,1.0288014,0
-0.01998961,-0.45250093,0.53540751,0.57379226,0.35314229,0.92824687,0
0.20512032,-0.23574442,0.26491816,-0.85955255,-0.37786573,-0.94572324,0
-0.78441482,-0.47019533,-0.59163147,-0.85955255,-0.37786573,-0.94572324,0
0.27541424,-0.11630716,0.039510361,0.82991246,0.49063844,1.220769,0
-0.55540908,-0.45250093,1.8427727,-0.85955255,-0.37786573,-0.94572324,0
0.20020821,0.11814376,0.76081531,-0.85955255,-0.37786573,-0.94572324,0
-0.2246042,-0.43923012,1.1665493,-0.85955255,-0.37786573,-0.94572324,0
0.70564691,1.7681474,-0.41130523,-0.85955255,-0.37786573,-0.94572324,0
-0.10908504,0.16237979,1.2567125,-0.10849168,-0.37786573,0.84902211,0
-0.40702963,-0.41711211,0.26491816,0.62611336,2.0527145,0.99223609,0
0.84149202,0.94978098,-0.45638679,-0.85955255,-0.37786573,-0.94572324,0
-0.40669086,-0.42595931,1.0763862,1.0041755,0.3623943,0.83378658,0
1.1362183,1.0559474,-0.41130523,0.33665956,-0.37786573,0.64486602,0
-0.78441482,-0.47019533,-0.59163147,-0.85955255,-0.37786573,-0.94572324,0
0.3214864,-0.38172329,-0.230979,-0.85955255,-0.37786573,-0.94572324,0
-0.78441482,-0.47019533,-0.59163147,-0.85955255,-0.37786573,-0.94572324,0
0.43700556,0.49414995,0.35508128,1.7016494,0.54901503,1.3152293,0
0.1536279,1.5336965,-0.230979,0.80797135,-0.37786573,0.4772752,0
-0.78441482,-0.47019533,-0.59163147,-0.85955255,-0.37786573,-0.94572324,0
-0.78441482,-0.47019533,-0.59163147,-0.85955255,-0.37786573,-0.94572324,0
-0.78441482,-0.47019533,-0.59163147,-0.85955255,-0.37786573,-0.94572324,0
-0.78441482,-0.47019533,-0.59163147,-0.85955255,-0.37786573,-0.94572324,0
-0.78441482,-0.47019533,-0.59163147,-0.85955255,-0.37786573,-0.94572324,0
0.69633084,-0.45250093,-0.50146835,-0.85955255,-0.37786573,-0.94572324,0
-0.25949709,-0.45250093,0.2198366,-0.85955255,-0.37786573,-0.94572324,0
1.1213126,4.886787,-0.18589744,1.5463739,-0.37786573,0.93738818,0
-0.78441482,-0.47019533,-0.59163147,-0.85955255,-0.37786573,-0.94572324,0
-0.090452914,-0.41268851,0.89605999,0.40248288,-0.37786573,0.87644607,0
0.93956475,2.4405349,-0.18589744,1.5784417,-0.37786573,0.38890913,0
-0.78441482,-0.47019533,-0.59163147,-0.85955255,-0.37786573,-0.94572324,0
0.18581066,-0.18266119,-0.36622367,1.3615623,-0.37786573,1.1781095,0
-0.11382776,0.25969903,1.8878543,0.37210289,-0.37786573,0.46508677,0
-0.10027712,-0.36402888,-0.14081588,0.35860067,1.1149684,1.1598269,0
0.1497321,-0.23132081,0.89605999,0.10712186,0.038804231,1.2573343,0
-0.088589701,-0.36402888,-0.59163147,0.018935501,-0.37786573,0.75456183,0
-0.070296344,-0.076494735,1.5272018,0.70797055,-0.37786573,1.4432078,0
0.28032634,0.3924071,-0.27606055,4.9539961,1.4604538,1.01966,0
0.120937,-0.36845248,-0.45638679,1.7324513,5.4315441,1.6321283,0
0.78983023,-0.43923012,-0.32114211,-0.85955255,-0.37786573,-0.94572324,0
-0.082153149,-0.42153571,-0.18589744,-0.85955255,-0.37786573,-0.94572324,0
-0.78441482,-0.47019533,-0.59163147,-0.85955255,-0.37786573,-0.94572324,0
-0.15752856,-0.3994177,-0.14081588,0.42484592,-0.37786573,1.01966,0
-0.78441482,-0.47019533,-0.59163147,-0.85955255,-0.37786573,-0.94572324,0
0.44632162,-0.34191087,0.85097843,2.3451145,0.42709256,1.3030409,0
-0.26152968,-0.4082649,-0.59163147,0.55944616,-0.37786573,0.14818776,0
0.32385776,0.57377479,0.67065219,0.98518796,-0.37786573,1.1963922,0
0.8079542,0.37471269,-0.050652758,1.6788644,-0.37786573,1.1689682,0
-0.17107919,-0.42153571,-0.050652758,1.4531242,-0.37786573,0.71799656,0
0.073171007,0.28181705,0.67065219,0.002901617,-0.37786573,1.220769,0
-0.78441482,-0.47019533,-0.59163147,-0.85955255,-0.37786573,-0.94572324,0
0.55726745,0.17565059,-0.18589744,1.2320254,0.97309319,1.0958377,0
1.0049466,1.3213636,-0.18589744,-0.85955255,-0.37786573,-0.94572324,0
-0.78441482,-0.47019533,-0.59163147,-0.85955255,-0.37786573,-0.94572324,0
-0.78441482,-0.47019533,-0.59163147,-0.85955255,-0.37786573,-0.94572324,0
-0.78441482,-0.47019533,-0.59163147,-0.85955255,-0.37786573,-0.94572324,0
1.0688039,1.6487101,-0.14081588,0.85438523,-0.37786573,0.66314866,0
0.0057565965,-0.39057049,-0.27606055,0.52864422,-0.37786573,1.0592724,0
-0.78441482,-0.47019533,-0.59163147,-0.85955255,-0.37786573,-0.94572324,0
-0.22850001,-0.39057049,1.9329359,0.013872169,-0.37786573,0.74542051,0
-0.78441482,-0.47019533,-0.59163147,-0.85955255,-0.37786573,-0.94572324,0
-0.31065074,-0.44807732,-0.230979,0.63708391,-0.37786573,0.91605844,0
-0.78441482,-0.47019533,-0.59163147,-0.85955255,-0.37786573,-0.94572324,0
2.51923,0.62243442,-0.41130523,1.5328717,1.2547035,0.49251073,0
0.28235894,0.29951146,-0.050652758,0.57083865,-0.37786573,0.93129397,0
0.214267,0.047366127,-0.050652758,0.80122024,-0.37786573,1.2024864,0
1.145365,4.7938913,-0.41130523,0.61640864,-0.37786573,0.28835463,0
-0.065892387,-0.3949941,-0.095734317,0.38982455,1.2859167,1.1842038,0
0.28625475,0.49857356,0.40016284,-0.85955255,-0.37786573,-0.94572324,0
0.56201017,1.7991126,4.8181556,1.4041787,-0.37786573,0.48946362,0
0.33232691,0.13141457,1.0763862,1.2843465,-0.37786573,0.97090635,0
-0.78441482,-0.47019533,-0.59163147,-0.85955255,-0.37786573,-0.94572324,0
0.11805749,-0.35518168,0.17475504,0.75396248,-0.37786573,0.97090635,0
1.0503412,3.6437547,-0.54654991,-0.85955255,-0.37786573,-0.94572324,0
-0.78441482,-0.47019533,-0.59163147,-0.85955255,-0.37786573,-0.94572324,0
-0.78441482,-0.47019533,-0.59163147,-0.85955255,-0.37786573,-0.94572324,0
-0.78441482,-0.47019533,-0.59163147,-0.85955255,-0.37786573,-0.94572324,0
-0.78441482,-0.47019533,-0.59163147,-0.85955255,-0.37786573,-0.94572324,0
-0.78441482,-0.47019533,-0.59163147,-0.85955255,-0.37786573,-0.94572324,0
0.096715235,-0.36845248,-0.36622367,-0.85955255,-0.37786573,-0.94572324,0
-0.26068277,-0.3994177,-0.230979,0.073366316,-0.37786573,0.4772752,0
-0.78441482,-0.47019533,-0.59163147,-0.85955255,-0.37786573,-0.94572324,0
-0.78441482,-0.47019533,-0.59163147,-0.85955255,-0.37786573,-0.94572324,0
-0.78441482,-0.47019533,-0.59163147,-0.85955255,-0.37786573,-0.94572324,0
-0.78441482,-0.47019533,-0.59163147,-0.85955255,-0.37786573,-0.94572324,0
-0.047260264,-0.24901522,0.49032595,0.89489188,-0.37786573,1.0044245,0
-0.030830119,-0.35518168,0.35508128,-0.85955255,-0.37786573,-0.94572324,0
-0.78441482,-0.47019533,-0.59163147,-0.85955255,-0.37786573,-0.94572324,0
-0.30573863,-0.33306367,-0.18589744,-0.85955255,-0.37786573,-0.94572324,0
0.43632803,1.6354393,0.44524439,-0.85955255,-0.37786573,-0.94572324,0
-0.0088103363,-0.4038413,-0.41130523,-0.85955255,-0.37786573,-0.94572324,0
0.13076121,0.45876114,0.58048907,1.0923618,-0.37786573,1.1476385,0
-0.78441482,-0.47019533,-0.59163147,-0.85955255,-0.37786573,-0.94572324,0
-0.35655351,-0.44365372,-0.14081588,0.026530498,-0.37786573,1.132403,0
0.15193407,-0.25786243,-0.18589744,-0.85955255,-0.37786573,-0.94572324,0
-0.32301569,-0.31979286,0.89605999,0.021467166,-0.37786573,1.7022118,0
0.16345211,-0.29325125,-0.095734317,-0.85955255,-0.37786573,-0.94572324,0
-0.085540808,-0.2003556,0.12967348,0.44805286,-0.37786573,1.0988848,0
-0.78441482,-0.47019533,-0.59163147,-0.85955255,-0.37786573,-0.94572324,0
0.70920395,0.13583817,-0.45638679,-0.85955255,-0.37786573,-0.94572324,0
5.654847,-0.44365372,-0.54654991,-0.85955255,-0.37786573,-0.94572324,0
-0.27169266,-0.3994177,0.08459192,0.36071039,0.70939428,1.6717407,0
1.5529004,5.0814255,-0.41130523,0.2931993,-0.37786573,0.61439496,0
0.095190789,-0.28440404,-0.230979,0.6189403,-0.37786573,1.2756169,0
-0.13872705,-0.3994177,-0.230979,0.96451269,-0.37786573,0.58697101,0
-0.78441482,-0.47019533,-0.59163147,-0.85955255,-0.37786573,-0.94572324,0
0.50306491,0.7772605,0.89605999,-0.85955255,-0.37786573,-0.94572324,0
-0.78441482,-0.47019533,-0.59163147,-0.85955255,-0.37786573,-0.94572324,0
0.022017359,0.060636934,0.53540751,0.55860227,-0.37786573,1.2756169,0
-0.78441482,-0.47019533,-0.59163147,-0.85955255,-0.37786573,-0.94572324,0
-0.39585035,-0.42153571,0.44524439,0.74046026,0.52063341,0.44680414,0
-0.17361994,-0.3994177,0.2198366,1.121476,-0.37786573,0.82464527,0
0.12652663,-0.37729969,-0.36622367,1.0552307,-0.37786573,1.0257543,0
0.31640491,0.83476733,-0.32114211,-0.85955255,-0.37786573,-0.94572324,0
0.079268793,-0.45250093,-0.36622367,0.99067324,-0.37786573,1.7631539,0
0.67600489,1.2727039,-0.32114211,0.4750573,-0.37786573,0.95567082,0
-0.031677033,-0.12957796,-0.36622367,0.096995197,-0.37786573,0.75456183,0
-0.78441482,-0.47019533,-0.59163147,-0.85955255,-0.37786573,-0.94572324,0
-0.39585035,-0.44365372,0.62557063,0.76873053,0.66899491,1.1598269,0
-0.11501344,-0.3949941,-0.41130523,0.75691609,-0.37786573,1.2116277,0
0.75256598,1.7593002,0.30999972,1.0197874,-0.37786573,0.6357247,0
0.63281224,1.9229735,0.49032595,-0.85955255,-0.37786573,-0.94572324,0
-0.39669727,-0.41711211,-0.095734317,0.24298793,1.5893894,0.9983303,0
-0.78441482,-0.47019533,-0.59163147,-0.85955255,-0.37786573,-0.94572324,0
-0.78441482,-0.47019533,-0.59163147,-0.85955255,-0.37786573,-0.94572324,0
-0.78441482,-0.47019533,-0.59163147,-0.85955255,-0.37786573,-0.94572324,0
-0.30861814,-0.45250093,0.40016284,-0.85955255,-0.37786573,-0.94572324,0
-0.0171101,-0.43923012,-0.230979,1.6759108,1.4015504,1.1842038,0
-0.78441482,-0.47019533,-0.59163147,-0.85955255,-0.37786573,-0.94572324,0
0.34367556,0.63128162,-0.32114211,0.54847561,-0.37786573,0.96785924,0
-0.78441482,-0.47019533,-0.59163147,-0.85955255,-0.37786573,-0.94572324,0
0.4803676,0.0075537073,-0.32114211,-0.85955255,-0.37786573,-0.94572324,0
-0.1610856,-0.15169597,2.6542408,0.79953247,-0.37786573,0.52298179,0
0.79863814,1.361176,0.12967348,1.0256946,0.71927188,1.1476385,0
0.34215112,0.0075537073,-0.45638679,0.37801011,-0.37786573,1.0958377,0
0.37280943,0.10929656,0.26491816,0.71387777,0.10129649,1.2664756,0
-0.34113967,-0.37729969,-0.0055711987,0.25691209,1.2778829,1.0440369,0
-0.78441482,-0.47019533,-0.59163147,-0.85955255,-0.37786573,-0.94572324,0
0.72241582,5.0239186,1.2116309,2.219797,0.083154641,0.57478259,0
0.13939974,-0.27555684,0.08459192,1.0096607,1.4009578,1.0927906,0
0.047763566,-0.027835111,2.0681805,0.7788572,-0.37786573,1.0775551,0
-0.41905582,-0.43038291,1.9329359,0.62062808,0.010225051,0.76370315,0
-0.015077505,-0.36402888,0.039510361,-0.85955255,-0.37786573,-0.94572324,0
-0.1233132,-0.27113323,0.35508128,0.09530742,-0.37786573,1.507197,0
-0.2027538,-0.23574442,0.26491816,1.2691565,-0.37786573,0.82769237,0
-0.29388182,-0.34191087,-0.095734317,0.84341468,-0.37786573,1.0927906,0
-0.78441482,-0.47019533,-0.59163147,-0.85955255,-0.37786573,-0.94572324,0
-0.18141155,-0.45250093,0.17475504,-0.85955255,-0.37786573,-0.94572324,0
-0.29997961,-0.43038291,0.62557063,0.90712827,-0.37786573,1.1567798,0
-0.22545112,-0.34633447,0.40016284,3.4265577,-0.37786573,0.93738818,0
-0.38771997,-0.44807732,-0.18589744,0.33244012,-0.37786573,1.4889143,0
-0.24797905,-0.35075807,1.7075281,0.60628198,0.083187567,0.9952832,0
-0.26559487,-0.42153571,0.08459192,0.9493227,-0.37786573,0.48641652,0
0.2281564,2.1087648,-0.14081588,0.018935501,-0.37786573,-0.33630207,0
-0.78441482,-0.47019533,-0.59163147,-0.85955255,-0.37786573,-0.94572324,0
0.026760081,-0.3994177,-0.41130523,1.2607176,2.3684354,0.87644607,0
-0.039299266,-0.16939038,0.58048907,0.36661761,-0.37786573,1.1811567,0
1.4439871,1.4629188,-0.095734317,1.5024917,-0.37786573,1.0714608,0
-0.78441482,-0.47019533,-0.59163147,-0.85955255,-0.37786573,-0.94572324,0
-0.24272818,-0.13842517,-0.0055711987,-0.16207861,-0.37786573,0.93434108,0
-0.78441482,-0.47019533,-0.59163147,-0.85955255,-0.37786573,-0.94572324,0
-0.78441482,-0.47019533,-0.59163147,-0.85955255,-0.37786573,-0.94572324,0
-0.78441482,-0.47019533,-0.59163147,-0.85955255,-0.37786573,-0.94572324,0
-0.78441482,-0.47019533,-0.59163147,-0.85955255,-0.37786573,-0.94572324,0
0.73190126,-0.3949941,-0.36622367,1.3839253,1.7830891,1.3609359,0
0.61028431,0.59589281,0.44524439,1.689413,0.018950262,1.2664756,0
1.0865891,-0.38172329,-0.230979,-0.85955255,-0.37786573,-0.94572324,0
-0.78441482,-0.47019533,-0.59163147,-0.85955255,-0.37786573,-0.94572324,0
-0.78441482,-0.47019533,-0.59163147,-0.85955255,-0.37786573,-0.94572324,0
0.11907378,0.13141457,0.17475504,1.1974259,0.43904446,1.2725698,0
0.17497015,0.87015614,2.023099,0.42695564,-0.37786573,0.54431153,0
0.36959115,0.40125431,-0.095734317,0.82442718,1.3128167,0.80636263,0
0.75087215,3.2589014,-0.18589744,0.87632633,-0.37786573,0.49251073,0
-0.11094825,-0.33748727,0.12967348,-0.85955255,-0.37786573,-0.94572324,0
0.11314538,-0.23132081,-0.095734317,0.91978659,0.62869431,1.2725698,0
0.092480662,-0.33306367,1.2567125,0.68813917,-0.0079168016,0.81855105,0
-0.78441482,-0.47019533,-0.59163147,-0.85955255,-0.37786573,-0.94572324,0
-0.78441482,-0.47019533,-0.59163147,-0.85955255,-0.37786573,-0.94572324,0
0.52948865,0.45876114,0.08459192,-0.85955255,-0.37786573,-0.94572324,0
-0.25814202,-0.24901522,1.8878543,0.6379278,0.38616639,1.1781095,0
1.3550611,4.9575646,-0.27606055,0.91303549,-0.37786573,0.3249199,0
0.041835163,-0.4038413,-0.230979,0.72991166,-0.37786573,1.1445914,0
0.91906941,-0.14284877,-0.41130523,0.77084025,2.0482367,1.0318485,0
-0.78441482,-0.47019533,-0.59163147,-0.85955255,-0.37786573,-0.94572324,0
-0.058270155,-0.43923012,0.12967348,1.3307603,0.53525225,1.0013774,0
-0.59555284,-0.41268851,2.3837514,0.88729688,-0.37786573,0.84597501,0
-0.11772357,0.16680339,0.80589687,-0.85955255,-0.37786573,-0.94572324,0
0.21799342,0.43221952,-0.0055711987,-0.85955255,-0.37786573,-0.94572324,0
-0.78441482,-0.47019533,-0.59163147,-0.85955255,-0.37786573,-0.94572324,0
-0.78441482,-0.47019533,-0.59163147,-0.85955255,-0.37786573,-0.94572324,0
-0.78441482,-0.47019533,-0.59163147,-0.85955255,-0.37786573,-0.94572324,0
0.12991429,-0.45250093,-0.32114211,-0.85955255,-0.37786573,-0.94572324,0
-0.035064692,-0.31536926,1.0763862,1.8324521,0.33289321,1.1689682,0
-0.78441482,-0.47019533,-0.59163147,-0.85955255,-0.37786573,-0.94572324,0
1.0904849,2.896166,-0.18589744,0.86662161,-0.37786573,0.56564127,0
-0.78441482,-0.47019533,-0.59163147,-0.85955255,-0.37786573,-0.94572324,0
0.2212117,-0.23574442,0.039510361,1.4172589,-0.37786573,1.3548417,0
-0.056576325,1.1665375,1.8427727,0.13918963,-0.37786573,0.69057261,0
0.68667602,-0.43923012,-0.32114211,-0.85955255,-0.37786573,-0.94572324,0
-0.33961522,-0.3949941,0.17475504,0.36914928,-0.37786573,0.84902211,0
-0.33741324,-0.44365372,0.44524439,0.45902341,0.65523213,1.1567798,0
-0.43751856,-0.43480652,-0.095734317,0.52569061,2.6224214,1.6443167,0
-0.78441482,-0.47019533,-0.59163147,-0.85955255,-0.37786573,-0.94572324,0
-0.78441482,-0.47019533,-0.59163147,-0.85955255,-0.37786573,-0.94572324,0
0.66872142,0.35259468,0.17475504,0.26577292,0.70587127,0.90387002,0
-0.27355587,-0.3949941,0.53540751,1.0995349,0.96835195,0.82464527,0
-0.16430388,-0.058800326,2.0681805,1.2244304,0.23141737,1.1171674,0
-0.78441482,-0.47019533,-0.59163147,-0.85955255,-0.37786573,-0.94572324,0
0.34282865,-0.049953122,-0.27606055,1.6704255,-0.37786573,1.0044245,0
-0.78441482,-0.47019533,-0.59163147,-0.85955255,-0.37786573,-0.94572324,0
-0.78441482,-0.47019533,-0.59163147,-0.85955255,-0.37786573,-0.94572324,0
-0.21749012,-0.44365372,0.12967348,0.38982455,-0.37786573,0.95567082,0
0.18902894,0.025248116,0.76081531,1.4408878,-0.37786573,0.93738818,0
-0.22138593,-0.30652205,0.53540751,-0.85955255,-0.37786573,-0.94572324,0
0.35976694,0.25085183,0.26491816,0.85649495,0.2726728,1.3822656,0
0.48358587,0.52953877,-0.095734317,1.4337148,0.7982268,1.3487475,0
-0.37518564,-0.37729969,-0.230979,0.075054093,-0.37786573,1.1293559,0
-0.78441482,-0.47019533,-0.59163147,-0.85955255,-0.37786573,-0.94572324,0
0.41871221,0.1977686,-0.36622367,-0.85955255,-0.37786573,-0.94572324,0
0.24932926,-0.24459162,-0.27606055,0.2969968,-0.37786573,0.96785924,0
-0.78441482,-0.47019533,-0.59163147,-0.85955255,-0.37786573,-0.94572324,0
-0.54524611,-0.45250093,-0.14081588,0.56071199,2.4815669,0.87339896,0
0.58538502,0.3968307,-0.36622367,1.7586119,2.99428,1.2268632,0
-0.78441482,-0.47019533,-0.59163147,-0.85955255,-0.37786573,-0.94572324,0
-0.78441482,-0.47019533,-0.59163147,-0.85955255,-0.37786573,-0.94572324,0
-0.11264208,-0.13400156,0.98622311,1.5286522,1.0499738,0.97700056,0
-0.78441482,-0.47019533,-0.59163147,-0.85955255,-0.37786573,-0.94572324,0
0.15091778,-0.032258713,-0.18589744,-0.85955255,-0.37786573,-0.94572324,0
-0.024224184,-0.35960528,-0.050652758,0.92991326,0.55362458,1.220769,0
-0.78441482,-0.47019533,-0.59163147,-0.85955255,-0.37786573,-0.94572324,0
-0.78441482,-0.47019533,-0.59163147,-0.85955255,-0.37786573,-0.94572324,0
-0.15956115,-0.34633447,1.0313047,0.72062888,0.23671835,0.80940974,0
0.86046291,1.1798083,-0.050652758,1.1041763,-0.37786573,0.71799656,0
-0.78441482,-0.47019533,-0.59163147,-0.85955255,-0.37786573,-0.94572324,0
0.57945662,0.50742076,0.62557063,0.74889915,-0.37786573,0.47118099,0
-0.18717057,-0.32864006,1.4821203,0.82189552,-0.37786573,1.2878054,0
-0.78441482,-0.47019533,-0.59163147,-0.85955255,-0.37786573,-0.94572324,0
-0.78441482,-0.47019533,-0.59163147,-0.85955255,-0.37786573,-0.94572324,0
-0.12991914,-0.3949941,0.26491816,0.8265369,0.76875864,1.2299103,0
0.033704782,-0.24459162,-0.230979,0.50796895,-0.37786573,1.104979,0
-0.51492656,-0.43038291,9.4164747,0.94974464,-0.37786573,0.34015543,0
0.038278121,-0.32421646,-0.27606055,-0.85955255,-0.37786573,-0.94572324,0
0.88332961,-0.12957796,-0.32114211,-0.85955255,-0.37786573,-0.94572324,0
0.27067152,0.32162947,0.12967348,0.60586003,-0.37786573,0.7362792,0
-0.22324914,-0.35075807,-0.0055711987,-0.85955255,-0.37786573,-0.94572324,0
0.07046088,-0.32864006,-0.18589744,0.7455236,-0.37786573,1.2908525,0
0.029808974,-0.45250093,-0.32114211,-0.85955255,-0.37786573,-0.94572324,0
-0.78441482,-0.47019533,-0.59163147,-0.85955255,-0.37786573,-0.94572324,0
-0.78441482,-0.47019533,-0.59163147,-0.85955255,-0.37786573,-0.94572324,0
0.32555159,0.003130105,-0.230979,0.83286607,1.1035762,1.2603814,0
-0.78441482,-0.47019533,-0.59163147,-0.85955255,-0.37786573,-0.94572324,0
-0.78441482,-0.47019533,-0.59163147,-0.85955255,-0.37786573,-0.94572324,0
0.19089215,-0.195932,-0.27606055,-0.85955255,-0.37786573,-0.94572324,0
-0.78441482,-0.47019533,-0.59163147,-0.85955255,-0.37786573,-0.94572324,0
-0.40093184,-0.43923012,1.0313047,0.91936465,0.14656881,0.95262371,0
-0.42803311,-0.43923012,0.2198366,0.19235461,0.55774024,1.01966,0
-0.78441482,-0.47019533,-0.59163147,-0.85955255,-0.37786573,-0.94572324,0
-0.78441482,-0.47019533,-0.59163147,-0.85955255,-0.37786573,-0.94572324,0
0.19868377,-0.21805001,-0.36622367,2.0252807,-0.37786573,0.93129397,0
0.10230487,-0.089765542,0.44524439,1.1185224,0.14186049,1.0714608,0
0.29590957,0.33932388,-0.095734317,1.6311847,-0.37786573,1.5468094,0
0.88112763,0.003130105,-0.32114211,0.7932033,1.6992612,1.2512401,0
-0.78441482,-0.47019533,-0.59163147,-0.85955255,-0.37786573,-0.94572324,0
-0.78441482,-0.47019533,-0.59163147,-0.85955255,-0.37786573,-0.94572324,0
-0.78441482,-0.47019533,-0.59163147,-0.85955255,-0.37786573,-0.94572324,0
-0.78441482,-0.47019533,-0.59163147,-0.85955255,-0.37786573,-0.94572324,0
3.7547092,-0.45250093,-0.45638679,-0.85955255,-0.37786573,-0.94572324,0
0.44767669,1.0515238,-0.27606055,1.0864546,-0.37786573,1.0988848,0
-0.78441482,-0.47019533,-0.59163147,-0.85955255,-0.37786573,-0.94572324,0
-0.78441482,-0.47019533,-0.59163147,-0.85955255,-0.37786573,-0.94572324,0
0.79711369,-0.041105917,0.2198366,1.8763343,-0.37786573,1.3609359,0
-0.78441482,-0.47019533,-0.59163147,-0.85955255,-0.37786573,-0.94572324,0
1.2241281,4.7983149,-0.45638679,-0.85955255,-0.37786573,-0.94572324,0
-0.05911707,-0.35075807,-0.36622367,-0.85955255,-0.37786573,-0.94572324,0
-0.028966906,-0.31094565,0.039510361,0.51303228,1.2994161,1.0348956,0
-0.34452732,-0.45250093,-0.050652758,1.1860335,-0.37786573,0.5808768,0
-0.78441482,-0.47019533,-0.59163147,-0.85955255,-0.37786573,-0.94572324,0
-0.3487619,-0.43038291,-0.18589744,0.33244012,-0.37786573,1.3822656,0
-0.78441482,-0.47019533,-0.59163147,-0.85955255,-0.37786573,-0.94572324,0
3.2902612,-0.36402888,-0.54654991,4.348928,-0.37786573,0.5321231,0
1.2617311,0.31720586,0.94114155,-0.85955255,-0.37786573,-0.94572324,0
-0.19038885,-0.4082649,0.26491816,0.96915408,-0.37786573,1.391407,0
0.71885878,0.56492759,0.26491816,-0.85955255,-0.37786573,-0.94572324,0
0.00033634245,-0.41711211,-0.230979,1.6539697,-0.37786573,0.38586202,0
0.67244785,0.66224684,-0.27606055,0.54763172,2.6000651,0.60830075,0
0.90873705,1.8477722,-0.095734317,1.0978471,0.4694016,1.0044245,0
0.17259879,0.36144189,0.08459192,1.1324465,0.81422851,1.1293559,0
1.0206992,4.9044814,0.26491816,-0.85955255,-0.37786573,-0.94572324,0
-0.78441482,-0.47019533,-0.59163147,-0.85955255,-0.37786573,-0.94572324,0
-0.33893769,-0.37287609,0.44524439,-0.85955255,-0.37786573,-0.94572324,0
0.77611021,1.2196207,-0.230979,-0.85955255,-0.37786573,-0.94572324,0
-0.3845017,-0.43923012,1.8427727,-0.1477325,-0.37786573,1.0927906,0
0.58013415,0.36586549,-0.050652758,1.2493251,-0.37786573,1.3609359,0
-0.17243426,-0.38614689,1.7976912,-0.0013178261,0.11947127,1.3487475,0
-0.34063152,-0.43480652,0.039510361,0.76535498,-0.37786573,1.0440369,0
-0.26508673,-0.44365372,-0.050652758,0.1712574,0.58638528,0.8947287,0
0.030655889,-0.26228603,-0.095734317,0.41640704,1.5996292,1.2999938,0
0.23374603,-0.058800326,0.67065219,-0.85955255,-0.37786573,-0.94572324,0
0.182423,-0.18266119,0.49032595,0.64383502,-0.37786573,1.4188309,0
0.40312897,0.35259468,-0.095734317,0.95354214,0.49333831,1.0562253,0
0.28777919,-0.16496678,-0.0055711987,-0.85955255,-0.37786573,-0.94572324,0
0.04285146,-0.14284877,1.301794,0.84214884,-0.37786573,1.3243706,0
1.3245722,1.4186828,-0.18589744,-0.85955255,-0.37786573,-0.94572324,0
0.28913426,0.971899,0.08459192,0.29784069,-0.37786573,0.51079336,0
2.4521544,-0.24459162,-0.59163147,-0.85955255,-0.37786573,-0.94572324,0
7.5026455,-0.44365372,-0.50146835,-0.85955255,-0.37786573,-0.94572324,0
-0.53779326,-0.36402888,5.3140528,-0.21904109,0.26852421,1.1080261,0
-0.78441482,-0.47019533,-0.59163147,-0.85955255,-0.37786573,-0.94572324,0
0.55337164,0.33047667,0.71573375,-0.85955255,-0.37786573,-0.94572324,0
1.1096252,1.3125164,-0.14081588,1.1159907,-0.37786573,0.61134786,0
-0.78441482,-0.47019533,-0.59163147,-0.85955255,-0.37786573,-0.94572324,0
-0.53474437,-0.45250093,-0.59163147,1.7075566,-0.37786573,0.14514066,0
-0.78441482,-0.47019533,-0.59163147,-0.85955255,-0.37786573,-0.94572324,0
0.30285427,0.10487296,0.67065219,1.2640931,-0.37786573,1.0105187,0
-0.19767231,-0.072071133,1.4370387,1.2354009,0.42198914,1.1567798,0
-0.78441482,-0.47019533,-0.59163147,-0.85955255,-0.37786573,-0.94572324,0
-0.78441482,-0.47019533,-0.59163147,-0.85955255,-0.37786573,-0.94572324,0
-0.1253458,-0.31094565,-0.18589744,0.14172129,-0.37786573,1.1080261,0
-0.40906222,-0.38172329,0.17475504,0.79742275,1.6848728,0.50469915,0
-0.081814384,-0.19150839,-0.095734317,1.871271,-0.37786573,0.83683369,0
-0.78441482,-0.47019533,-0.59163147,-0.85955255,-0.37786573,-0.94572324,0
-0.78441482,-0.47019533,-0.59163147,-0.85955255,-0.37786573,-0.94572324,0
-0.78441482,-0.47019533,-0.59163147,-0.85955255,-0.37786573,-0.94572324,0
-0.78441482,-0.47019533,-0.59163147,-0.85955255,-0.37786573,-0.94572324,0
1.8073135,-0.45250093,-0.45638679,-0.85955255,-0.37786573,-0.94572324,0
0.76137389,0.79937851,0.08459192,1.0556527,-0.37786573,0.8947287,0
-0.78441482,-0.47019533,-0.59163147,-0.85955255,-0.37786573,-0.94572324,0
-0.15024509,-0.44365372,-0.32114211,-0.85955255,-0.37786573,-0.94572324,0
-0.78441482,-0.47019533,-0.59163147,-0.85955255,-0.37786573,-0.94572324,0
-0.78441482,-0.47019533,-0.59163147,-0.85955255,-0.37786573,-0.94572324,0
0.17463139,-0.22689721,-0.095734317,-0.85955255,-0.37786573,-0.94572324,0
-0.063690409,-0.3949941,0.35508128,-0.85955255,-0.37786573,-0.94572324,0
0.77661836,-0.3994177,-0.41130523,1.1607168,-0.37786573,1.4584433,0
-0.23747731,-0.12957796,-0.095734317,-0.081909189,-0.37786573,1.0318485,0
-0.15176954,-0.44807732,-0.32114211,-0.85955255,-0.37786573,-0.94572324,0
1.6609667,-0.45250093,-0.36622367,-0.85955255,-0.37786573,-0.94572324,0
-0.78441482,-0.47019533,-0.59163147,-0.85955255,-0.37786573,-0.94572324,0
-0.16328758,-0.45250093,-0.32114211,-0.85955255,-0.37786573,-0.94572324,0
0.066056923,-0.15169597,1.1214678,-0.85955255,-0.37786573,-0.94572324,0
0.75442919,0.28624065,-0.41130523,-0.85955255,-0.37786573,-0.94572324,0
0.44767669,0.025248116,-0.230979,-0.85955255,-0.37786573,-0.94572324,0
0.75510672,0.082754945,-0.36622367,1.3307603,1.3255588,0.93738818,0
-0.052511135,0.12699097,0.53540751,1.2316034,-0.37786573,0.90387002,0
-0.53288115,-0.44807732,0.89605999,0.11218519,1.2351129,1.2360046,0
-0.78441482,-0.47019533,-0.59163147,-0.85955255,-0.37786573,-0.94572324,0
-0.15160016,-0.45250093,-0.14081588,-0.85955255,-0.37786573,-0.94572324,0
-0.12805593,-0.37729969,0.12967348,-0.85955255,-0.37786573,-0.94572324,0
-0.21308616,-0.41268851,0.85097843,1.522745,0.21307797,0.76979736,0
-0.78441482,-0.47019533,-0.59163147,-0.85955255,-0.37786573,-0.94572324,0
1.39927,0.27296984,0.08459192,1.848486,-0.37786573,0.9983303,0
0.94075043,-0.44365372,-0.230979,-0.85955255,-0.37786573,-0.94572324,0
-0.78441482,-0.47019533,-0.59163147,-0.85955255,-0.37786573,-0.94572324,0
0.16091137,-0.15169597,0.44524439,0.89236022,0.89621256,1.3121822,0
-0.78441482,-0.47019533,-0.59163147,-0.85955255,-0.37786573,-0.94572324,0
0.078760644,-0.31536926,-0.0055711987,-0.85955255,-0.37786573,-0.94572324,0
-0.78441482,-0.47019533,-0.59163147,-0.85955255,-0.37786573,-0.94572324,0
-0.78441482,-0.47019533,-0.59163147,-0.85955255,-0.37786573,-0.94572324,0
-0.78441482,-0.47019533,-0.59163147,-0.85955255,-0.37786573,-0.94572324,0
-0.78441482,-0.47019533,-0.59163147,-0.85955255,-0.37786573,-0.94572324,0
-0.26119092,-0.31979286,-0.0055711987,-0.85955255,-0.37786573,-0.94572324,0
0.62857767,0.09160215,0.12967348,-0.85955255,-0.37786573,-0.94572324,0
0.49561206,0.10044935,0.2198366,-0.85955255,-0.37786573,-0.94572324,0
-0.78441482,-0.47019533,-0.59163147,-0.85955255,-0.37786573,-0.94572324,0
0.190384,-0.13400156,-0.32114211,-0.85955255,-0.37786573,-0.94572324,0
2.0203973,2.918284,-0.54654991,1.4138834,-0.37786573,0.44985124,0
1.0186666,0.18007419,0.08459192,-0.85955255,-0.37786573,-0.94572324,0
-0.78441482,-0.47019533,-0.59163147,-0.85955255,-0.37786573,-0.94572324,0
-0.78441482,-0.47019533,-0.59163147,-0.85955255,-0.37786573,-0.94572324,0
-0.16955475,-0.36402888,-0.0055711987,1.0341335,0.78541885,1.1171674,0
-0.78441482,-0.47019533,-0.59163147,-0.85955255,-0.37786573,-0.94572324,0
0.075372985,-0.41711211,-0.41130523,1.3818156,4.0781487,1.8362844,0
0.80558284,1.3479052,-0.32114211,0.68012223,1.5145172,0.56868837,0
-0.25797264,-0.32421646,1.4370387,1.0733743,-0.37786573,0.59611233,0
-0.78441482,-0.47019533,-0.59163147,-0.85955255,-0.37786573,-0.94572324,0
0.10416808,-0.34633447,-0.32114211,-0.85955255,-0.37786573,-0.94572324,0
-0.78441482,-0.47019533,-0.59163147,-0.85955255,-0.37786573,-0.94572324,0
-0.47478281,-0.44807732,1.5272018,0.026108554,0.35024486,1.1080261,0
-0.3418172,-0.41711211,0.67065219,-0.85955255,-0.37786573,-0.94572324,0
-0.78441482,-0.47019533,-0.59163147,-0.85955255,-0.37786573,-0.94572324,0
0.3353758,0.065060536,-0.27606055,1.4235881,0.81847588,1.3365591,0
-0.78441482,-0.47019533,-0.59163147,-0.85955255,-0.37786573,-0.94572324,0
0.51526048,-0.45250093,-0.0055711987,-0.85955255,-0.37786573,-0.94572324,0
1.2187078,0.61801082,-0.230979,1.083079,0.64067913,0.75760894,0
-0.035911607,-0.15169597,0.94114155,0.43159703,0.31916336,0.83683369,0
-0.40567457,-0.44365372,0.35508128,0.72147277,0.92535147,1.2024864,0
-0.78441482,-0.47019533,-0.59163147,-0.85955255,-0.37786573,-0.94572324,0
0.045222822,-0.36402888,0.2198366,1.1999576,-0.37786573,1.3152293,0
1.3650547,1.794689,-0.50146835,1.7075566,-0.37786573,0.9952832,0
-0.78441482,-0.47019533,-0.59163147,-0.85955255,-0.37786573,-0.94572324,0
-0.15651226,-0.10303635,1.1665493,-0.05659253,-0.37786573,0.90082291,0
-0.78441482,-0.47019533,-0.59163147,-0.85955255,-0.37786573,-0.94572324,0
-0.78441482,-0.47019533,-0.59163147,-0.85955255,-0.37786573,-0.94572324,0
-0.78441482,-0.47019533,-0.59163147,-0.85955255,-0.37786573,-0.94572324,0
-0.31488531,-0.32421646,0.53540751,0.92442798,0.65276273,1.0013774,0
-0.38619553,-0.42153571,0.40016284,0.98687574,0.92123581,0.87339896,0
-0.78441482,-0.47019533,-0.59163147,-0.85955255,-0.37786573,-0.94572324,0
-0.78441482,-0.47019533,-0.59163147,-0.85955255,-0.37786573,-0.94572324,0
1.497004,-0.33306367,-0.230979,2.7459616,-0.37786573,0.64486602,0
0.5001854,4.9354466,0.71573375,1.825701,-0.37786573,1.1202145,0
0.37772153,-0.33748727,-0.14081588,-0.85955255,-0.37786573,-0.94572324,0
-0.25983585,-0.35075807,1.5722834,0.060707987,0.34668893,1.0958377,0
-0.78441482,-0.47019533,-0.59163147,-0.85955255,-0.37786573,-0.94572324,0
1.5020855,4.9929534,-0.41130523,2.0586143,-0.37786573,0.49251073,0
0.099086597,-0.27998044,-0.0055711987,1.5780197,0.90315981,1.680882,0
0.03014774,-0.35518168,0.17475504,1.3982714,-0.37786573,1.3457004,0
0.11754934,0.096025752,0.85097843,0.23539293,0.19984199,1.3274177,0
-0.070126961,-0.44807732,-0.230979,0.53328561,-0.37786573,0.94043529,0
-0.78441482,-0.47019533,-0.59163147,-0.85955255,-0.37786573,-0.94572324,0
-0.14363916,0.13583817,1.9329359,0.055644655,-0.37786573,1.1019319,0
-0.07063511,-0.37729969,-0.14081588,1.2328693,-0.37786573,0.95871792,0
-0.78441482,-0.47019533,-0.59163147,-0.85955255,-0.37786573,-0.94572324,0
-0.32403199,-0.44365372,0.71573375,0.61767447,0.090661615,0.78808,0
-0.78441482,-0.47019533,-0.59163147,-0.85955255,-0.37786573,-0.94572324,0
-0.088759084,-0.38172329,-0.095734317,1.3936301,-0.37786573,1.0348956,0
0.13550393,-0.19150839,-0.41130523,2.6320366,-0.37786573,0.69666682,0
-0.78441482,-0.47019533,-0.59163147,-0.85955255,-0.37786573,-0.94572324,0
0.01575019,-0.43038291,-0.41130523,0.015138002,-0.37786573,0.84902211,0
0.49628959,5.0460367,-0.095734317,-0.85955255,-0.37786573,-0.94572324,0
-0.78441482,-0.47019533,-0.59163147,-0.85955255,-0.37786573,-0.94572324,0
0.12178391,0.5914692,9.8672903,0.59573337,0.31903165,-0.080345176,0
-0.067078068,0.16237979,0.26491816,-0.14140334,1.1429549,0.69361971,0
0.28659351,-0.23132081,0.08459192,-0.85955255,-0.37786573,-0.94572324,0
-0.47715417,-0.33306367,4.5025847,0.10712186,-0.37786573,1.2299103,0
-0.78441482,-0.47019533,-0.59163147,-0.85955255,-0.37786573,-0.94572324,0
-0.020667142,-0.38614689,0.76081531,-0.85955255,-0.37786573,-0.94572324,0
0.69853282,5.0062242,-0.230979,-0.85955255,-0.37786573,-0.94572324,0
-0.20122936,-0.2003556,1.0313047,0.74889915,0.2926914,1.0927906,0
-0.78441482,-0.47019533,-0.59163147,-0.85955255,-0.37786573,-0.94572324,0
-0.78441482,-0.47019533,-0.59163147,-0.85955255,-0.37786573,-0.94572324,0
-0.30641616,-0.44807732,-0.36622367,0.47716702,3.8514908,0.6844784,0
0.098578448,-0.018987906,0.62557063,0.72737999,0.3623943,1.1750624,0
-0.18818687,-0.44807732,-0.230979,-0.85955255,-0.37786573,-0.94572324,0
-0.21596567,-0.43923012,0.26491816,1.3375115,0.4540584,0.78503289,0
-0.17870143,-0.43923012,-0.18589744,-0.85955255,-0.37786573,-0.94572324,0
2.6393226,-0.45250093,-0.45638679,-0.85955255,-0.37786573,-0.94572324,0
0.22663195,-0.29325125,-0.0055711987,1.7071347,0.52102851,1.1293559,0
2.4015089,-0.45250093,-0.36622367,-0.85955255,-0.37786573,-0.94572324,0
-0.78441482,-0.47019533,-0.59163147,-0.85955255,-0.37786573,-0.94572324,0
0.60571097,2.161848,1.5272018,0.47210369,-0.37786573,0.47118099,0
0.60079887,0.36586549,-0.41130523,-0.85955255,-0.37786573,-0.94572324,0
-0.78441482,-0.47019533,-0.59163147,-0.85955255,-0.37786573,-0.94572324,0
-0.051494837,-0.42153571,-0.095734317,0.78645219,1.1174707,1.7814365,0
-0.19530095,-0.38172329,0.40016284,-0.85955255,-0.37786573,-0.94572324,0
-0.78441482,-0.47019533,-0.59163147,-0.85955255,-0.37786573,-0.94572324,0
-0.1600693,-0.44365372,-0.0055711987,0.56915088,1.0084879,1.2999938,0
-0.78441482,-0.47019533,-0.59163147,-0.85955255,-0.37786573,-0.94572324,0
-0.78441482,-0.47019533,-0.59163147,-0.85955255,-0.37786573,-0.94572324,0
0.5230521,0.68878845,0.039510361,-0.85955255,-0.37786573,-0.94572324,0
-0.78441482,-0.47019533,-0.59163147,-0.85955255,-0.37786573,-0.94572324,0
0.48392464,0.32605307,-0.32114211,0.25775598,1.7553001,1.0318485,0
0.45512954,0.15795618,-0.27606055,1.4763311,-0.37786573,0.87035185,0
-0.78441482,-0.47019533,-0.59163147,-0.85955255,-0.37786573,-0.94572324,0
-0.78441482,-0.47019533,-0.59163147,-0.85955255,-0.37786573,-0.94572324,0
-0.78441482,-0.47019533,-0.59163147,-0.85955255,-0.37786573,-0.94572324,0
0.9092452,1.5115785,0.12967348,0.77759136,-0.37786573,0.67838418,0
-0.78441482,-0.47019533,-0.59163147,-0.85955255,-0.37786573,-0.94572324,0
-0.78441482,-0.47019533,-0.59163147,-0.85955255,-0.37786573,-0.94572324,0
0.98648382,0.5781984,-0.27606055,1.0653574,0.69385353,0.98614188,0
-0.18801749,-0.34633447,-0.0055711987,-0.13802778,2.0412894,0.90082291,0
-0.78441482,-0.47019533,-0.59163147,-0.85955255,-0.37786573,-0.94572324,0
-0.78441482,-0.47019533,-0.59163147,-0.85955255,-0.37786573,-0.94572324,0
0.40770231,0.41010151,-0.095734317,2.1581931,-0.37786573,1.565092,0
0.5984275,-0.45250093,-0.50146835,-0.85955255,-0.37786573,-0.94572324,0
0.4763024,2.1043412,-0.36622367,-0.85955255,-0.37786573,-0.94572324,0
-0.78441482,-0.47019533,-0.59163147,-0.85955255,-0.37786573,-0.94572324,0
0.45021743,-0.29325125,0.85097843,-0.85955255,-0.37786573,-0.94572324,0
0.044206524,-0.29325125,0.35508128,0.55944616,-0.37786573,1.1689682,0
0.45580707,0.3835599,0.49032595,0.67590279,0.87602934,0.85816343,0
0.045222822,-0.37729969,-0.0055711987,0.12948491,-0.37786573,1.1110732,0
-0.78441482,-0.47019533,-0.59163147,-0.85955255,-0.37786573,-0.94572324,0
-0.23713854,-0.30652205,2.0681805,0.74847721,-0.37786573,0.83683369,0
-0.31776482,-0.44365372,0.44524439,-0.85955255,-0.37786573,-0.94572324,0
-0.03438716,-0.17381398,1.8878543,0.8417269,0.14195927,0.94957661,0
1.0850647,5.0460367,0.35508128,1.4172589,-0.37786573,0.45899256,0
-0.079443022,-0.38172329,-0.0055711987,-0.85955255,-0.37786573,-0.94572324,0
0.54168422,0.30835866,0.35508128,0.36999316,0.19032657,1.01966,0
-0.039468649,-0.29325125,-0.050652758,-0.85955255,-0.37786573,-0.94572324,0
-0.78441482,-0.47019533,-0.59163147,-0.85955255,-0.37786573,-0.94572324,0
-0.78441482,-0.47019533,-0.59163147,-0.85955255,-0.37786573,-0.94572324,0
-0.027103694,-0.41268851,-0.18589744,0.98054658,1.3273367,1.1080261,0
-0.78441482,-0.47019533,-0.59163147,-0.85955255,-0.37786573,-0.94572324,0
-0.78441482,-0.47019533,-0.59163147,-0.85955255,-0.37786573,-0.94572324,0
-0.38365478,-0.42153571,0.44524439,0.062817709,-0.37786573,0.6326776,0
-0.78441482,-0.47019533,-0.59163147,-0.85955255,-0.37786573,-0.94572324,0
-0.78441482,-0.47019533,-0.59163147,-0.85955255,-0.37786573,-0.94572324,0
-0.32199939,-0.36845248,0.53540751,-0.85955255,-0.37786573,-0.94572324,0
-0.32504829,-0.44807732,-0.27606055,0.27716542,-0.37786573,0.87035185,0
0.054030735,-0.14727237,10.543514,0.95607381,0.23671835,0.67228997,0
0.76239019,0.31720586,-0.41130523,-0.85955255,-0.37786573,-0.94572324,0
0.088415471,-0.3994177,0.30999972,-0.85955255,-0.37786573,-0.94572324,0
-0.78441482,-0.47019533,-0.59163147,-0.85955255,-0.37786573,-0.94572324,0
-0.32233816,-0.31536926,1.301794,0.10585603,0.039298111,1.2055335,0
-0.013383676,-0.29325125,-0.14081588,0.57758976,-0.37786573,1.7113531,0
-0.78441482,-0.47019533,-0.59163147,-0.85955255,-0.37786573,-0.94572324,0
0.017274636,-0.36845248,-0.095734317,-0.85955255,-0.37786573,-0.94572324,0
-0.78441482,-0.47019533,-0.59163147,-0.85955255,-0.37786573,-0.94572324,0
-0.78441482,-0.47019533,-0.59163147,-0.85955255,-0.37786573,-0.94572324,0
0.010838085,1.2638567,1.7526096,-0.85955255,-0.37786573,-0.94572324,0
0.38077043,-0.0012934972,-0.0055711987,0.19404239,0.98613162,1.1994393,0
-0.78441482,-0.47019533,-0.59163147,-0.85955255,-0.37786573,-0.94572324,0
-0.78441482,-0.47019533,-0.59163147,-0.85955255,-0.37786573,-0.94572324,0
-0.41973335,-0.36845248,0.12967348,0.36028844,-0.37786573,1.1232616,0
-0.36011055,-0.34633447,1.7075281,0.36703955,0.44108583,1.0653666,0
-0.22511235,-0.36402888,0.35508128,-0.85955255,-0.37786573,-0.94572324,0
-0.78441482,-0.47019533,-0.59163147,-0.85955255,-0.37786573,-0.94572324,0
0.95853564,1.1355723,0.08459192,1.1965821,-0.37786573,0.76675026,0
0.73528892,2.2016604,-0.32114211,0.54383422,-0.37786573,0.48946362,0
0.14803827,-0.28882764,-0.14081588,-0.85955255,-0.37786573,-0.94572324,0
-0.026934311,-0.37729969,-0.18589744,1.1716873,1.8978997,1.0653666,0
-0.78441482,-0.47019533,-0.59163147,-0.85955255,-0.37786573,-0.94572324,0
-0.39856048,-0.45250093,0.17475504,0.83877329,-0.37786573,1.0318485,0
0.66414809,0.73302447,-0.32114211,-0.85955255,-0.37786573,-0.94572324,0
-0.014061207,-0.24901522,-0.0055711987,-0.85955255,-0.37786573,-0.94572324,0
0.065379392,-0.18708479,-0.18589744,0.95438603,1.6679492,1.162874,0
0.0093136383,-0.34191087,-0.59163147,0.52864422,-0.37786573,0.72104367,0
-0.78441482,-0.47019533,-0.59163147,-0.85955255,-0.37786573,-0.94572324,0
-0.78441482,-0.47019533,-0.59163147,-0.85955255,-0.37786573,-0.94572324,0
0.60774357,0.71533007,-0.36622367,-0.85955255,-0.37786573,-0.94572324,0
-0.78441482,-0.47019533,-0.59163147,-0.85955255,-0.37786573,-0.94572324,0
-0.78441482,-0.47019533,-0.59163147,-0.85955255,-0.37786573,-0.94572324,0
0.88536221,1.2196207,-0.45638679,-0.85955255,-0.37786573,-0.94572324,0
1.0288296,2.6351734,-0.36622367,-0.85955255,-0.37786573,-0.94572324,0
-0.78441482,-0.47019533,-0.59163147,-0.85955255,-0.37786573,-0.94572324,0
0.56793858,0.32605307,-0.36622367,-0.85955255,-0.37786573,-0.94572324,0
1.2461479,1.3921412,0.40016284,-0.85955255,-0.37786573,-0.94572324,0
-0.78441482,-0.47019533,-0.59163147,-0.85955255,-0.37786573,-0.94572324,0
-0.023885418,-0.3994177,0.35508128,1.2775954,-0.37786573,1.5102441,0
0.5130585,0.41010151,-0.230979,0.53877089,-0.37786573,0.48336941,0
-0.78441482,-0.47019533,-0.59163147,-0.85955255,-0.37786573,-0.94572324,0
0.49408761,0.47645554,-0.230979,0.85185356,2.6958778,0.80940974,0
0.087568557,-0.26228603,0.85097843,-0.85955255,-0.37786573,-0.94572324,0
-0.15431028,-0.35518168,-0.14081588,-0.85955255,-0.37786573,-0.94572324,0
-0.78441482,-0.47019533,-0.59163147,-0.85955255,-0.37786573,-0.94572324,0
-0.47427466,-0.44807732,-0.0055711987,0.51303228,1.2994161,0.62353628,0
-0.11298084,-0.16496678,5.2689712,-0.85955255,-0.37786573,-0.94572324,0
-0.78441482,-0.47019533,-0.59163147,-0.85955255,-0.37786573,-0.94572324,0
-0.24289756,-0.37729969,-0.41130523,-0.85955255,-0.37786573,-0.94572324,0
0.41193689,3.4889287,0.17475504,-0.85955255,-0.37786573,-0.94572324,0
0.45936411,0.25527543,-0.50146835,-0.85955255,-0.37786573,-0.94572324,0
-0.30184282,-0.24016802,0.40016284,-0.85955255,-0.37786573,-0.94572324,0
-0.78441482,-0.47019533,-0.59163147,-0.85955255,-0.37786573,-0.94572324,0
0.78237738,1.3125164,-0.18589744,1.2489032,-0.37786573,0.92215265,0
-0.78441482,-0.47019533,-0.59163147,-0.85955255,-0.37786573,-0.94572324,0
-0.78441482,-0.47019533,-0.59163147,-0.85955255,-0.37786573,-0.94572324,0
-0.78441482,-0.47019533,-0.59163147,-0.85955255,-0.37786573,-0.94572324,0
-0.78441482,-0.47019533,-0.59163147,-0.85955255,-0.37786573,-0.94572324,0
-0.78441482,-0.47019533,-0.59163147,-0.85955255,-0.37786573,-0.94572324,0
0.32216393,0.56492759,-0.36622367,0.72611416,3.5478205,1.0257543,0
0.54337805,0.49414995,0.039510361,-0.85955255,-0.37786573,-0.94572324,0
-0.058100772,-0.23132081,-0.14081588,1.6839277,-0.37786573,1.1232616,0
-0.22172469,-0.30209845,-0.18589744,-0.85955255,-0.37786573,-0.94572324,0
0.092819428,-0.28440404,-0.32114211,-0.85955255,-0.37786573,-0.94572324,0
-0.78441482,-0.47019533,-0.59163147,-0.85955255,-0.37786573,-0.94572324,0
0.16311335,0.27739344,1.0313047,0.7674647,0.28995859,0.50165204,0
-0.040654329,0.038518923,0.08459192,0.25269265,-0.37786573,0.92824687,0
1.4712578,-0.45250093,-0.45638679,-0.85955255,-0.37786573,-0.94572324,0
-0.10823812,-0.42153571,0.26491816,-0.85955255,-0.37786573,-0.94572324,0
-0.16362634,-0.4082649,0.08459192,1.2303376,0.78321285,0.98309477,0
-0.25831141,-0.43923012,0.71573375,0.9826563,0.40769955,0.67228997,0
-0.78441482,-0.47019533,-0.59163147,-0.85955255,-0.37786573,-0.94572324,0
-0.78441482,-0.47019533,-0.59163147,-0.85955255,-0.37786573,-0.94572324,0
-0.088250935,-0.36402888,0.98622311,1.1999576,0.13968742,1.0745079,0
1.0452597,1.7814182,0.26491816,1.2168354,-0.37786573,1.0379427,0
-0.27677415,-0.37729969,-0.230979,0.57294838,-0.37786573,1.190298,0
1.1833068,-0.25786243,-0.36622367,1.7375147,-0.37786573,1.0806022,0
-0.78441482,-0.47019533,-0.59163147,-0.85955255,-0.37786573,-0.94572324,0
-0.78441482,-0.47019533,-0.59163147,-0.85955255,-0.37786573,-0.94572324,0
-0.78441482,-0.47019533,-0.59163147,-0.85955255,-0.37786573,-0.94572324,0
-0.018634547,-0.24901522,-0.41130523,1.0501674,2.7534971,1.0714608,0
0.1487158,-0.195932,0.53540751,1.1881432,0.20303574,1.1110732,0
0.012193148,-0.38172329,-0.18589744,0.88771883,-0.37786573,1.3731243,0
-0.43887362,-0.43038291,0.40016284,0.20796655,1.1834202,0.95871792,0
0.63603052,-0.032258713,0.58048907,0.18349378,-0.37786573,1.0379427,0
0.72478718,-0.45250093,-0.50146835,-0.85955255,-0.37786573,-0.94572324,0
-0.78441482,-0.47019533,-0.59163147,-0.85955255,-0.37786573,-0.94572324,0
-0.023885418,-0.31979286,-0.095734317,0.32695484,1.4055344,1.1598269,0
-0.78441482,-0.47019533,-0.59163147,-0.85955255,-0.37786573,-0.94572324,0
-0.78441482,-0.47019533,-0.59163147,-0.85955255,-0.37786573,-0.94572324,0
0.18767387,0.016400912,0.85097843,0.68096612,-0.37786573,1.2451459,0
-0.19563972,-0.4082649,-0.14081588,-0.85955255,-0.37786573,-0.94572324,0
-0.16091622,-0.42595931,0.53540751,-0.85955255,-0.37786573,-0.94572324,0
-0.47359712,-0.45250093,0.17475504,0.87801411,1.3253941,0.53517021,0
1.6270901,2.0114455,-0.36622367,1.4463731,-0.37786573,0.95871792,0
-0.072837088,-0.45250093,-0.18589744,1.1155688,-0.37786573,1.4340664,0
-0.057084474,-0.37287609,0.49032595,0.68898306,0.68153946,1.104979,0
-0.20834344,-0.41711211,0.35508128,0.74467971,0.52178579,1.1080261,0
-0.78441482,-0.47019533,-0.59163147,-0.85955255,-0.37786573,-0.94572324,0
-0.011520463,-0.13400156,1.1214678,1.0771718,0.057242412,1.4401607,0
0.1029824,-0.43923012,-0.36622367,-0.85955255,-0.37786573,-0.94572324,0
-0.16294881,-0.43923012,-0.32114211,-0.85955255,-0.37786573,-0.94572324,0
0.078930027,-0.2003556,0.30999972,0.51472006,-0.37786573,1.4157838,0
0.80016259,2.5157362,-0.0055711987,0.33075234,-0.37786573,0.2182712,0
0.11212908,-0.29325125,-0.18589744,-0.85955255,-0.37786573,-0.94572324,0
0.033704782,-0.018987906,-0.27606055,0.32315735,1.8535163,1.0440369,0
-0.040654329,-0.25343882,0.17475504,-0.010600601,0.34346224,1.0653666,0
-0.78441482,-0.47019533,-0.59163147,-0.85955255,-0.37786573,-0.94572324,0
-0.30810999,-0.45250093,-0.230979,-0.85955255,-0.37786573,-0.94572324,0
-0.23798545,-0.39057049,1.3919571,0.60248448,0.48622644,1.047084,0
0.45834781,-0.38614689,0.30999972,-0.85955255,-0.37786573,-0.94572324,0
-0.78441482,-0.47019533,-0.59163147,-0.85955255,-0.37786573,-0.94572324,0
0.055385798,-0.19150839,-0.230979,0.60628198,-0.37786573,1.1933451,0
-0.045566434,-0.36402888,-0.230979,-0.85955255,-0.37786573,-0.94572324,0
-0.22003086,-0.31536926,0.94114155,0.30163819,-0.37786573,0.64486602,0
0.23340727,-0.30209845,-0.27606055,-0.85955255,-0.37786573,-0.94572324,0
-0.78441482,-0.47019533,-0.59163147,-0.85955255,-0.37786573,-0.94572324,0
0.64145077,0.3791363,-0.095734317,2.0172637,-0.37786573,1.4279722,0
2.1787703,2.617479,-0.095734317,1.5518592,-0.37786573,0.8429279,0
-0.78441482,-0.47019533,-0.59163147,-0.85955255,-0.37786573,-0.94572324,0
-0.78441482,-0.47019533,-0.59163147,-0.85955255,-0.37786573,-0.94572324,0
0.8367493,0.047366127,-0.41130523,2.0257026,1.6836546,1.0958377,0
1.0745629,5.0548839,-0.41130523,1.3805498,1.2326106,0.44070993,0
-0.78441482,-0.47019533,-0.59163147,-0.85955255,-0.37786573,-0.94572324,0
-0.78441482,-0.47019533,-0.59163147,-0.85955255,-0.37786573,-0.94572324,0
0.31606614,-0.23574442,0.35508128,1.6446869,-0.041336004,1.1994393,0
-0.085710191,-0.31094565,0.94114155,0.21556155,-0.37786573,1.248193,0
-0.78441482,-0.47019533,-0.59163147,-0.85955255,-0.37786573,-0.94572324,0
-0.014908122,-0.12957796,-0.230979,0.88223355,-0.37786573,0.72713788,0
-0.78441482,-0.47019533,-0.59163147,-0.85955255,-0.37786573,-0.94572324,0
-0.55286834,-0.44365372,-0.050652758,0.76788664,-0.37786573,0.92519976,0
0.12635725,-0.27998044,0.71573375,-0.85955255,-0.37786573,-0.94572324,0
0.22866455,-0.027835111,0.12967348,1.1273832,0.26875469,1.7204944,0
-0.78441482,-0.47019533,-0.59163147,-0.85955255,-0.37786573,-0.94572324,0
1.7783491,3.0421448,-0.050652758,1.8341399,0.066296876,0.91301134,0
-0.19902738,-0.45250093,0.12967348,-0.85955255,-0.37786573,-0.94572324,0
0.38551315,0.078331343,-0.0055711987,0.68265389,1.4310186,1.1110732,0
-0.78441482,-0.47019533,-0.59163147,-0.85955255,-0.37786573,-0.94572324,0
-0.78441482,-0.47019533,-0.59163147,-0.85955255,-0.37786573,-0.94572324,0
-0.78441482,-0.47019533,-0.59163147,-0.85955255,-0.37786573,-0.94572324,0
-0.78441482,-0.47019533,-0.59163147,-0.85955255,-0.37786573,-0.94572324,0
-0.78441482,-0.44365372,3.6911167,-0.85955255,-0.37786573,-0.94572324,0
0.5349089,-0.28440404,-0.41130523,1.0919399,2.3564836,0.96176503,0
-0.78441482,-0.47019533,-0.59163147,-0.85955255,-0.37786573,-0.94572324,0
-0.47647663,-0.44807732,-0.230979,-0.85955255,-0.37786573,-0.94572324,0
-0.023885418,-0.11630716,0.49032595,0.82189552,0.39798658,0.9983303,0
-0.78441482,-0.47019533,-0.59163147,-0.85955255,-0.37786573,-0.94572324,0
0.073679156,-0.4038413,-0.36622367,-0.85955255,-0.37786573,-0.94572324,0
-0.35977179,-0.42595931,0.98622311,-0.85955255,-0.37786573,-0.94572324,0
-0.2623766,-0.43038291,0.76081531,0.59404559,-0.37786573,1.0745079,0
-0.13872705,-0.4082649,0.26491816,1.4096639,-0.37786573,0.64181891,0
0.49086934,2.4184169,-0.14081588,0.69742195,-0.37786573,0.77893868,0
-0.78441482,-0.47019533,-0.59163147,-0.85955255,-0.37786573,-0.94572324,0
0.082317686,-0.27998044,-0.32114211,-0.85955255,-0.37786573,-0.94572324,0
-0.079781788,-0.023411508,1.6624465,1.856503,0.38932722,0.91605844,0
0.14058542,0.25969903,2.2935883,-0.85955255,-0.37786573,-0.94572324,0
-0.46953193,-0.42595931,1.301794,0.43708231,-0.37786573,0.89777581,0
-0.78441482,-0.47019533,-0.59163147,-0.85955255,-0.37786573,-0.94572324,0
-0.78441482,-0.47019533,-0.59163147,-0.85955255,-0.37786573,-0.94572324,0
-0.78441482,-0.47019533,-0.59163147,-0.85955255,-0.37786573,-0.94572324,0
-0.78441482,-0.47019533,-0.59163147,-0.85955255,-0.37786573,-0.94572324,0
-0.37586317,-0.45250093,-0.59163147,-0.85955255,-0.37786573,-0.94572324,0
-0.78441482,-0.47019533,-0.59163147,-0.85955255,-0.37786573,-0.94572324,0
0.67600489,1.2771276,0.17475504,1.1256954,-0.37786573,1.0288014,0
-0.78441482,-0.47019533,-0.59163147,-0.85955255,-0.37786573,-0.94572324,0
-0.78441482,-0.47019533,-0.59163147,-0.85955255,-0.37786573,-0.94572324,0
-0.16989351,-0.45250093,-0.36622367,-0.85955255,-0.37786573,-0.94572324,0
-0.29642257,-0.45250093,-0.0055711987,0.56197782,1.2233256,0.83378658,0
-0.10586676,-0.35518168,0.12967348,0.80543969,-0.37786573,1.2756169,0
-0.78441482,-0.47019533,-0.59163147,-0.85955255,-0.37786573,-0.94572324,0
0.18377807,0.46760834,-0.36622367,0.80712747,3.7018122,1.0105187,0
0.73122373,2.1485772,0.40016284,1.69743,0.0064057139,0.85206922,0
-0.78441482,-0.47019533,-0.59163147,-0.85955255,-0.37786573,-0.94572324,0
0.30979897,-0.15169597,0.58048907,1.3687353,-0.010649603,1.0074716,0
0.19156968,-0.32421646,0.17475504,-0.85955255,-0.37786573,-0.94572324,0
0.09637647,-0.31536926,-0.230979,-0.85955255,-0.37786573,-0.94572324,0
-0.12703963,-0.13842517,-0.18589744,0.48054257,-0.37786573,1.0044245,0
-0.78441482,-0.47019533,-0.59163147,-0.85955255,-0.37786573,-0.94572324,0
0.2330685,-0.22689721,-0.14081588,-0.85955255,-0.37786573,-0.94572324,0
-0.78441482,-0.47019533,-0.59163147,-0.85955255,-0.37786573,-0.94572324,0
0.072154709,0.25527543,-0.32114211,0.28771402,-0.37786573,1.0105187,0
0.027776379,-0.35075807,-0.18589744,0.79489108,-0.37786573,1.5468094,0
-0.78441482,-0.47019533,-0.59163147,-0.85955255,-0.37786573,-0.94572324,0
-0.78441482,-0.47019533,-0.59163147,-0.85955255,-0.37786573,-0.94572324,0
-0.018465164,-0.2136264,0.89605999,-0.85955255,-0.37786573,-0.94572324,0
-0.78441482,-0.47019533,-0.59163147,-0.85955255,-0.37786573,-0.94572324,0
0.091294981,-0.049953122,-0.27606055,0.88560911,-0.37786573,1.1080261,0
0.034043548,-0.26670963,-0.230979,-0.85955255,-0.37786573,-0.94572324,0
1.3337188,-0.44365372,-0.54654991,-0.85955255,-0.37786573,-0.94572324,0
-0.78441482,-0.47019533,-0.59163147,-0.85955255,-0.37786573,-0.94572324,0
0.76391464,0.01197731,-0.050652758,1.0088168,0.34711695,1.1171674,0
0.3006523,0.193345,0.30999972,0.38855871,-0.37786573,1.0318485,0
0.24865173,-0.22689721,0.08459192,0.59277976,-0.37786573,1.2420988,0
-0.15380213,-0.37729969,-0.36622367,-0.85955255,-0.37786573,-0.94572324,0
0.60537221,1.1178779,-0.18589744,-0.85955255,-0.37786573,-0.94572324,0
0.4793513,0.65339963,-0.095734317,0.83750746,0.97727471,0.92215265,0
-0.11433591,-0.44365372,-0.050652758,-0.85955255,-0.37786573,-0.94572324,0
0.27643054,-0.24459162,0.30999972,1.075906,0.16573135,1.0988848,0
-0.78441482,-0.47019533,-0.59163147,-0.85955255,-0.37786573,-0.94572324,0
1.9148717,-0.45250093,-0.18589744,-0.85955255,-0.37786573,-0.94572324,0
-0.78441482,-0.47019533,-0.59163147,-0.85955255,-0.37786573,-0.94572324,0
0.45817843,-0.16054318,0.80589687,-0.01735171,-0.37786573,1.2451459,0
1.2651188,1.9229735,-0.230979,1.3700012,-0.37786573,0.85816343,0
-0.78441482,-0.47019533,-0.59163147,-0.85955255,-0.37786573,-0.94572324,0
-0.10722182,-0.37287609,-0.27606055,0.36999316,1.7553001,0.85816343,0
0.30810514,-0.43480652,-0.45638679,-0.85955255,-0.37786573,-0.94572324,0
0.35536299,-0.42595931,-0.41130523,1.1033324,-0.37786573,1.2725698,0
-0.15769794,-0.29767485,0.58048907,0.046783825,-0.37786573,1.3792185,0
-0.46597489,-0.44807732,0.35508128,-0.85955255,-0.37786573,-0.94572324,0
-0.78441482,-0.47019533,-0.59163147,-0.85955255,-0.37786573,-0.94572324,0
0.35908941,-0.29325125,-0.45638679,0.61134531,-0.37786573,1.1537327,0
-0.0074552728,-0.010140702,1.2567125,0.10585603,-0.37786573,0.91910555,0
1.6475854,1.3965648,0.17475504,2.0024957,0.22907967,0.95567082,0
-0.11721542,-0.43480652,0.08459192,-0.85955255,-0.37786573,-0.94572324,0
0.86198736,0.84803813,0.35508128,1.7438438,-0.37786573,1.2116277,0
-0.78441482,-0.47019533,-0.59163147,-0.85955255,-0.37786573,-0.94572324,0
-0.78441482,-0.47019533,-0.59163147,-0.85955255,-0.37786573,-0.94572324,0
0.99834063,0.36586549,-0.18589744,0.41725093,0.22453598,0.8916816,0
-0.53254239,-0.43038291,1.3919571,4.6940784,-0.37786573,0.56564127,0
-0.24611584,-0.38614689,1.5272018,0.036657162,0.8945663,1.2725698,0
-0.13855767,-0.30209845,0.67065219,1.522745,0.21307797,1.047084,0
2.6527038,5.0460367,-0.230979,1.4991161,-0.37786573,0.14514066,0
0.024049954,-0.24459162,0.17475504,1.3936301,-0.37786573,0.90082291,0
0.6660113,-0.45250093,-0.27606055,-0.85955255,-0.37786573,-0.94572324,0
0.24509469,0.3791363,1.0313047,1.0501674,-0.37786573,1.391407,0
0.2191791,-0.13842517,-0.14081588,0.56197782,0.57370903,1.2695227,0
0.29015055,0.25085183,-0.32114211,0.76071359,-0.37786573,1.0775551,0
0.40431466,-0.15611958,-0.0055711987,-0.85955255,-0.37786573,-0.94572324,0
-0.78441482,-0.47019533,-0.59163147,-0.85955255,-0.37786573,-0.94572324,0
1.0032527,0.5781984,-0.27606055,1.5248547,-0.37786573,0.65705444,0
-0.13483124,-0.27113323,-0.59163147,0.55818032,-0.37786573,0.32796701,0
-0.78441482,-0.47019533,-0.59163147,-0.85955255,-0.37786573,-0.94572324,0
0.15328914,-0.16496678,0.49032595,0.67843445,0.9227833,1.3335119,0
0.019645998,-0.28882764,-0.18589744,-0.85955255,-0.37786573,-0.94572324,0
0.2649125,-0.16496678,0.80589687,0.59742114,0.17396268,1.4066425,0
-0.15939177,-0.4038413,-0.27606055,0.08644659,-0.37786573,0.80940974,0
0.17480077,-0.16939038,-0.32114211,1.0290702,1.6549437,1.479773,0
-0.78441482,-0.47019533,-0.59163147,-0.85955255,-0.37786573,-0.94572324,0
-0.78441482,-0.47019533,-0.59163147,-0.85955255,-0.37786573,-0.94572324,0
-0.12449888,-0.38172329,0.12967348,-0.85955255,-0.37786573,-0.94572324,0
-0.13957397,-0.32421646,0.30999972,0.25438042,0.47565741,1.4462549,0
-0.041670627,-0.25343882,0.039510361,1.2387765,0.75015583,0.9983303,0
-0.34791498,-0.43923012,-0.0055711987,-0.85955255,-0.37786573,-0.94572324,0
0.014733892,-0.38614689,0.12967348,-0.85955255,-0.37786573,-0.94572324,0
-0.78441482,-0.47019533,-0.59163147,-0.85955255,-0.37786573,-0.94572324,0
0.30082168,1.1798083,0.62557063,0.70543889,1.078125,0.62048917,0
-0.78441482,-0.47019533,-0.59163147,-0.85955255,-0.37786573,-0.94572324,0
0.35688743,-0.072071133,0.62557063,1.0822352,-0.0050852238,1.1384972,0
0.23730308,0.24642823,-0.18589744,1.0147241,-0.37786573,1.3182764,0
-0.21732074,-0.45250093,0.26491816,0.36661761,0.61111219,0.87339896,0
0.075881134,0.23315742,0.039510361,1.7252783,-0.37786573,1.3396062,0
-0.025071099,-0.31094565,-0.230979,0.47168174,1.787534,1.0166129,0
-0.12907222,-0.38172329,1.4370387,0.036657162,0.63600374,1.2146748,0
1.0442434,0.20661581,-0.14081588,1.2451057,0.56728859,1.0562253,0
-0.39280146,-0.45250093,0.2198366,0.19910572,1.5561019,1.0623195,0
4.5853632,-0.36845248,-0.50146835,-0.85955255,-0.37786573,-0.94572324,0
-0.1451636,0.056213332,0.2198366,1.174641,-0.37786573,1.1811567,0
0.15040963,-0.054376724,0.17475504,-0.85955255,-0.37786573,-0.94572324,0
-0.27558847,-0.44807732,-0.18589744,0.75775998,-0.37786573,1.104979,0
-0.78441482,-0.47019533,-0.59163147,-0.85955255,-0.37786573,-0.94572324,0
-0.18818687,-0.45250093,0.35508128,-0.85955255,-0.37786573,-0.94572324,0
-0.24526892,-0.39057049,1.2567125,0.88476522,0.62912234,1.0379427,0
0.37094622,-0.27555684,0.12967348,-0.85955255,-0.37786573,-0.94572324,0
1.4360261,4.931023,-0.18589744,1.2210548,0.41346148,0.38586202,0
-0.78441482,-0.47019533,-0.59163147,-0.85955255,-0.37786573,-0.94572324,0
0.57115685,-0.018987906,0.08459192,-0.85955255,-0.37786573,-0.94572324,0
-0.22003086,-0.43480652,1.301794,0.76577692,-0.37786573,1.6382225,0
0.017105254,-0.37287609,0.71573375,-0.85955255,-0.37786573,-0.94572324,0
0.12415527,-0.054376724,-0.18589744,0.92316215,-0.37786573,0.80331553,0
-0.006947124,-0.34191087,-0.36622367,0.94088381,2.5642753,1.1811567,0
-0.78441482,-0.47019533,-0.59163147,-0.85955255,-0.37786573,-0.94572324,0
1.3953742,4.5992528,-0.36622367,-0.85955255,-0.37786573,-0.94572324,0
-0.78441482,-0.47019533,-0.59163147,-0.85955255,-0.37786573,-0.94572324,0
-0.57742887,-0.45250093,-0.59163147,-0.032541705,-0.37786573,0.34015543,0
-0.78441482,-0.47019533,-0.59163147,-0.85955255,-0.37786573,-0.94572324,0
-0.78441482,-0.47019533,-0.59163147,-0.85955255,-0.37786573,-0.94572324,0
-0.78441482,-0.47019533,-0.59163147,-0.85955255,-0.37786573,-0.94572324,0
-0.085371425,-0.35075807,-0.0055711987,-0.85955255,-0.37786573,-0.94572324,0
-0.47054823,-0.44365372,1.7075281,-0.21313387,-0.37786573,0.72409077,0
-0.055051879,-0.3994177,-0.18589744,0.181806,-0.37786573,0.66010155,0
0.33605333,0.3924071,-0.18589744,-0.85955255,-0.37786573,-0.94572324,0
-0.1700629,-0.23132081,0.89605999,1.2771734,0.1295135,1.0227071,0
-0.19801108,-0.45250093,-0.41130523,-0.85955255,-0.37786573,-0.94572324,0
0.077913729,-0.37729969,0.039510361,0.93160104,-0.37786573,1.1781095,0
-0.096211934,-0.38172329,-0.27606055,0.65649335,-0.37786573,1.3152293,0
0.13245504,-0.076494735,-0.18589744,1.0341335,0.78541885,1.2299103,0
-0.077749193,-0.36402888,-0.18589744,-0.85955255,-0.37786573,-0.94572324,0
-0.12416012,-0.4038413,0.2198366,0.878858,-0.37786573,1.1263087,0
-0.042009393,-0.37287609,0.08459192,-0.069672804,-0.37786573,0.55040574,0
0.35841188,-0.054376724,-0.41130523,-0.85955255,-0.37786573,-0.94572324,0
-0.029475055,-0.42153571,-0.36622367,0.9417277,-0.37786573,1.6260341,0
0.21528329,-0.26670963,1.301794,-0.85955255,-0.37786573,-0.94572324,0
0.034382313,-0.15169597,-0.050652758,1.0746402,1.0837881,1.2451459,0
-0.78441482,-0.47019533,-0.59163147,-0.85955255,-0.37786573,-0.94572324,0
0.19343289,-0.10303635,0.67065219,0.65100807,-0.37786573,1.0257543,0
-0.28473515,-0.44365372,1.301794,1.6278091,-0.37786573,1.1598269,0
0.47155968,-0.16054318,0.40016284,0.64889835,-0.37786573,1.0714608,0
-0.37281428,-0.44807732,0.76081531,-0.85955255,-0.37786573,-0.94572324,0
-0.2672887,-0.4082649,-0.050652758,-0.85955255,-0.37786573,-0.94572324,0
0.51576863,-0.44807732,-0.45638679,-0.85955255,-0.37786573,-0.94572324,0
-0.36705526,-0.45250093,0.76081531,-0.85955255,-0.37786573,-0.94572324,0
1.2634249,1.8079598,-0.45638679,1.3282287,-0.37786573,0.91910555,0
-0.78441482,-0.47019533,-0.59163147,-0.85955255,-0.37786573,-0.94572324,0
0.33503703,-0.21805001,-0.0055711987,0.47252563,0.55513914,1.1263087,0
-0.78441482,-0.47019533,-0.59163147,-0.85955255,-0.37786573,-0.94572324,0
0.10840266,-0.36845248,-0.18589744,-0.85955255,-0.37786573,-0.94572324,0
0.90009852,1.9185499,-0.18589744,1.2906756,-0.37786573,0.77893868,0
-0.32741965,-0.3994177,0.40016284,-0.18401971,-0.37786573,0.84597501,0
-0.22392667,-0.43038291,-0.45638679,-0.026634484,4.8789913,1.0623195,0
-0.34029275,-0.35075807,2.9247302,-0.85955255,-0.37786573,-0.94572324,0
0.25813718,0.10487296,-0.32114211,0.77548164,-0.37786573,1.0562253,0
-0.78441482,-0.47019533,-0.59163147,-0.85955255,-0.37786573,-0.94572324,0
-0.78441482,-0.47019533,-0.59163147,-0.85955255,-0.37786573,-0.94572324,0
-0.16582832,-0.43038291,0.039510361,-0.85955255,-0.37786573,-0.94572324,0
-0.13059667,-0.44807732,-0.36622367,-0.85955255,-0.37786573,-0.94572324,0
-0.78441482,-0.47019533,-0.59163147,-0.85955255,-0.37786573,-0.94572324,0
1.2290402,-0.44365372,-0.50146835,-0.85955255,-0.37786573,-0.94572324,0
1.240897,2.8607772,-0.050652758,-0.85955255,-0.37786573,-0.94572324,0
0.25474952,0.20661581,-0.18589744,1.1041763,1.2163455,1.3822656,0
-0.78441482,-0.47019533,-0.59163147,-0.85955255,-0.37786573,-0.94572324,0
-0.031168884,-0.39057049,-0.32114211,0.045517992,-0.37786573,0.79417421,0
0.24814358,-0.31536926,-0.095734317,0.99151713,-0.37786573,1.047084,0
-0.78441482,-0.47019533,-0.59163147,-0.85955255,-0.37786573,-0.94572324,0
-0.78441482,-0.47019533,-0.59163147,-0.85955255,-0.37786573,-0.94572324,0
-0.78441482,-0.47019533,-0.59163147,-0.85955255,-0.37786573,-0.94572324,0
0.094005108,-0.18266119,0.30999972,0.71767527,0.48411922,1.4584433,0
0.069783348,-0.45250093,0.89605999,-0.85955255,-0.37786573,-0.94572324,0
-0.78441482,-0.47019533,-0.59163147,-0.85955255,-0.37786573,-0.94572324,0
-0.78441482,-0.47019533,-0.59163147,-0.85955255,-0.37786573,-0.94572324,0
-0.11789295,-0.34633447,-0.27606055,0.99911212,1.8078818,1.3487475,0
0.93228128,0.9807462,0.12967348,0.79573497,0.37144877,0.70276103,0
1.1594238,5.0327659,0.12967348,0.85396328,-0.37786573,0.17561172,0
0.089939918,-0.014564304,1.7526096,-0.21904109,0.26852421,1.2268632,0
-0.78441482,-0.47019533,-0.59163147,-0.85955255,-0.37786573,-0.94572324,0
-0.78441482,-0.47019533,-0.59163147,-0.85955255,-0.37786573,-0.94572324,0
3.4164515,-0.45250093,-0.50146835,-0.85955255,-0.37786573,-0.94572324,0
-0.15989992,-0.3994177,-0.230979,0.69278056,1.2599386,1.1445914,0
0.19563487,-0.45250093,0.12967348,0.27041431,-0.37786573,0.71190235,0
-0.78441482,-0.47019533,-0.59163147,-0.85955255,-0.37786573,-0.94572324,0
-0.78441482,-0.47019533,-0.59163147,-0.85955255,-0.37786573,-0.94572324,0
0.67329476,0.94978098,-0.45638679,-0.85955255,-0.37786573,-0.94572324,0
-0.11619912,-0.34191087,-0.18589744,0.81641024,2.6612403,1.0013774,0
-0.058270155,-0.195932,0.98622311,0.85733884,-0.37786573,1.1171674,0
-0.78441482,-0.47019533,-0.59163147,-0.85955255,-0.37786573,-0.94572324,0
1.1169087,1.9716331,-0.50146835,1.674223,-0.37786573,1.01966,0
-0.78441482,-0.47019533,-0.59163147,-0.85955255,-0.37786573,-0.94572324,0
-0.38026712,-0.44365372,0.67065219,1.0387749,0.68937568,0.74846762,0
-0.78441482,-0.47019533,-0.59163147,-0.85955255,-0.37786573,-0.94572324,0
-0.78441482,-0.47019533,-0.59163147,-0.85955255,-0.37786573,-0.94572324,0
-0.78441482,-0.47019533,-0.59163147,-0.85955255,-0.37786573,-0.94572324,0
0.54066792,0.27296984,-0.41130523,0.19910572,-0.37786573,1.2756169,0
-0.4043195,-0.45250093,-0.230979,-0.85955255,-0.37786573,-0.94572324,0
0.59080527,2.2945561,-0.0055711987,0.58982615,-0.37786573,0.19998856,0
0.29336883,0.025248116,0.80589687,0.40923398,0.37273286,1.0562253,0
1.876083,-0.45250093,-0.41130523,-0.85955255,-0.37786573,-0.94572324,0
-0.19208268,-0.43480652,0.62557063,0.70628278,0.28995859,0.92215265,0
0.72326273,0.20219221,-0.45638679,1.106286,-0.37786573,1.1354501,0
-0.44175313,-0.43923012,0.76081531,-0.85955255,-0.37786573,-0.94572324,0
-0.78441482,-0.47019533,-0.59163147,-0.85955255,-0.37786573,-0.94572324,0
0.20444279,-0.22247361,-0.050652758,1.1860335,0.78871138,1.1141203,0
-0.78441482,-0.47019533,-0.59163147,-0.85955255,-0.37786573,-0.94572324,0
-0.17531377,-0.43923012,-0.14081588,0.70037556,-0.37786573,1.2847583,0
-0.15041447,-0.4082649,-0.27606055,0.84636829,-0.37786573,1.0988848,0
-0.78441482,-0.47019533,-0.59163147,-0.85955255,-0.37786573,-0.94572324,0
0.53050495,2.3122505,0.80589687,0.17843045,-0.37786573,0.59611233,0
1.096244,4.1613162,-0.45638679,1.5117745,1.0369354,0.33406122,0
-0.78441482,-0.47019533,-0.59163147,-0.85955255,-0.37786573,-0.94572324,0
-0.78441482,-0.47019533,-0.59163147,-0.85955255,-0.37786573,-0.94572324,0
-0.08909785,-0.14727237,0.80589687,0.75438443,0.2599307,1.0440369,0
0.3641709,-0.063223929,1.301794,1.9716938,0.26454024,1.3030409,0
-0.040993095,-0.42595931,-0.050652758,-0.85955255,-0.37786573,-0.94572324,0
-0.78441482,-0.47019533,-0.59163147,-0.85955255,-0.37786573,-0.94572324,0
-0.046921498,-0.094189144,1.7976912,1.0991129,-0.37786573,0.83073948,0
0.38043166,-0.036682315,-0.0055711987,0.45522591,-0.37786573,0.98918898,0
-0.78441482,-0.47019533,-0.59163147,-0.85955255,-0.37786573,-0.94572324,0
-0.78441482,-0.47019533,-0.59163147,-0.85955255,-0.37786573,-0.94572324,0
-0.78441482,-0.47019533,-0.59163147,-0.85955255,-0.37786573,-0.94572324,0
0.26779201,-0.027835111,0.71573375,-0.85955255,-0.37786573,-0.94572324,0
-0.2881228,-0.38172329,0.80589687,-0.054482809,-0.37786573,0.85511633,0
0.67024587,0.12699097,-0.32114211,0.90670632,2.0892946,1.0653666,0
1.1202963,-0.45250093,-0.050652758,-0.85955255,-0.37786573,-0.94572324,0
-0.78441482,-0.47019533,-0.59163147,-0.85955255,-0.37786573,-0.94572324,0
-0.47867861,-0.3949941,0.08459192,-0.85955255,-0.37786573,-0.94572324,0
1.0010508,4.5594404,-0.50146835,1.0868765,-0.37786573,0.13904645,0
0.36874424,2.7501871,0.26491816,-0.85955255,-0.37786573,-0.94572324,0
-0.78441482,-0.47019533,-0.59163147,-0.85955255,-0.37786573,-0.94572324,0
0.17954349,-0.31979286,-0.32114211,-0.85955255,-0.37786573,-0.94572324,0
-0.11027072,-0.3949941,-0.050652758,-0.85955255,-0.37786573,-0.94572324,0
-0.13483124,-0.41711211,-0.095734317,0.95016658,1.0974851,1.0318485,0
-0.78441482,-0.47019533,-0.59163147,-0.85955255,-0.37786573,-0.94572324,0
-0.78441482,-0.47019533,-0.59163147,-0.85955255,-0.37786573,-0.94572324,0
-0.0677556,-0.31979286,0.08459192,-0.85955255,-0.37786573,-0.94572324,0
0.76510032,0.003130105,-0.18589744,0.95396408,-0.37786573,1.0714608,0
-0.091469211,-0.31094565,1.9780174,0.8455244,-0.37786573,1.8454257,0
-0.78441482,-0.47019533,-0.59163147,-0.85955255,-0.37786573,-0.94572324,0
-0.3755244,-0.43038291,-0.230979,-0.85955255,-0.37786573,-0.94572324,0
-0.78441482,-0.47019533,-0.59163147,-0.85955255,-0.37786573,-0.94572324,0
-0.78441482,-0.47019533,-0.59163147,-0.85955255,-0.37786573,-0.94572324,0
-0.2832107,-0.41711211,1.1214678,1.1185224,-0.37786573,0.82464527,0
0.073171007,-0.21805001,0.08459192,0.98940741,-0.37786573,1.1019319,0
-0.78441482,-0.47019533,-0.59163147,-0.85955255,-0.37786573,-0.94572324,0
-0.24018743,-0.38614689,0.039510361,-0.85955255,-0.37786573,-0.94572324,0
-0.78441482,-0.47019533,-0.59163147,-0.85955255,-0.37786573,-0.94572324,0
-0.078087959,-0.24459162,0.40016284,-0.85955255,-0.37786573,-0.94572324,0
-0.39161578,-0.35518168,0.039510361,0.13117269,1.1924088,1.2908525,0
0.18852079,0.025248116,-0.18589744,0.52020534,-0.37786573,0.57782969,0
-0.78441482,-0.47019533,-0.59163147,-0.85955255,-0.37786573,-0.94572324,0
-0.45039166,-0.37287609,10.318106,1.1413074,0.19072167,0.44680414,0
0.61418012,0.64012883,-0.27606055,0.94088381,4.5056182,0.9465295,0
-0.18141155,-0.38172329,0.44524439,0.017669668,1.0111219,1.479773,0
0.066226306,0.26854624,0.12967348,0.78181081,0.55579765,0.95871792,0
-0.78441482,-0.47019533,-0.59163147,-0.85955255,-0.37786573,-0.94572324,0
-0.2047864,0.020824514,1.5272018,-0.85955255,-0.37786573,-0.94572324,0
-0.26966006,-0.27113323,0.17475504,0.49953007,0.53281577,0.66314866,0
-0.20631084,-0.4038413,1.0313047,-0.85955255,-0.37786573,-0.94572324,0
0.84792858,0.29951146,-0.095734317,0.5265345,0.87326361,0.93434108,0
0.025913166,-0.023411508,2.6542408,1.0560746,0.0068995937,0.79417421,0
-0.78441482,-0.47019533,-0.59163147,-0.85955255,-0.37786573,-0.94572324,0
0.78830578,3.9268653,-0.050652758,0.42442398,-0.37786573,0.36453228,0
1.8825196,4.3603783,-0.45638679,-0.85955255,-0.37786573,-0.94572324,0
0.40922676,0.24200463,0.40016284,-0.85955255,-0.37786573,-0.94572324,0
-0.78441482,-0.47019533,-0.59163147,-0.85955255,-0.37786573,-0.94572324,0
-0.14008212,-0.44807732,-0.32114211,-0.85955255,-0.37786573,-0.94572324,0
0.18174547,-0.23132081,-0.45638679,-0.85955255,-0.37786573,-0.94572324,0
0.088246088,-0.45250093,-0.36622367,-0.85955255,-0.37786573,-0.94572324,0
-0.78441482,-0.47019533,-0.59163147,-0.85955255,-0.37786573,-0.94572324,0
-0.78441482,-0.47019533,-0.59163147,-0.85955255,-0.37786573,-0.94572324,0
0.55658992,0.12256737,0.94114155,1.2020673,-0.37786573,0.84597501,0
0.35197533,-0.28882764,-0.45638679,1.2050209,-0.37786573,1.5346209,0
0.61824531,0.18007419,-0.050652758,1.6704255,-0.37786573,1.6168928,0
0.14126295,0.49414995,1.5272018,0.60543809,-0.37786573,0.87644607,0
-0.78441482,-0.47019533,-0.59163147,-0.85955255,-0.37786573,-0.94572324,0
0.17226003,-0.063223929,-0.050652758,0.7227386,-0.37786573,1.1232616,0
-0.78441482,-0.47019533,-0.59163147,-0.85955255,-0.37786573,-0.94572324,0
-0.78441482,-0.47019533,-0.59163147,-0.85955255,-0.37786573,-0.94572324,0
0.48104513,0.582622,0.26491816,0.72484833,-0.37786573,0.94043529,0
-0.78441482,-0.47019533,-0.59163147,-0.85955255,-0.37786573,-0.94572324,0
-0.78441482,-0.47019533,-0.59163147,-0.85955255,-0.37786573,-0.94572324,0
0.35705681,1.6354393,-0.32114211,-0.85955255,-0.37786573,-0.94572324,0
-0.78441482,-0.47019533,-0.59163147,-0.85955255,-0.37786573,-0.94572324,0
-0.78441482,-0.47019533,-0.59163147,-0.85955255,-0.37786573,-0.94572324,0
-0.78441482,-0.47019533,-0.59163147,-0.85955255,-0.37786573,-0.94572324,0
-0.78441482,-0.47019533,-0.59163147,-0.85955255,-0.37786573,-0.94572324,0
0.060467286,-0.36402888,20.055723,0.21387377,-0.37786573,0.59915943,0
-0.78441482,-0.47019533,-0.59163147,-0.85955255,-0.37786573,-0.94572324,0
1.5764446,4.6744541,-0.36622367,-0.85955255,-0.37786573,-0.94572324,0
0.82167422,3.1173461,-0.32114211,1.2607176,2.3684354,0.67533708,0
-0.78441482,-0.47019533,-0.59163147,-0.85955255,-0.37786573,-0.94572324,0
6.533267,-0.43480652,-0.50146835,-0.85955255,-0.37786573,-0.94572324,0
0.35959756,-0.16939038,-0.095734317,1.901651,-0.37786573,1.2725698,0
-0.30336727,-0.3994177,13.473815,0.80375191,0.077721963,0.49555783,0
-0.26474796,-0.33748727,-0.14081588,0.25691209,-0.37786573,1.132403,0
-0.78441482,-0.47019533,-0.59163147,-0.85955255,-0.37786573,-0.94572324,0
-0.78441482,-0.47019533,-0.59163147,-0.85955255,-0.37786573,-0.94572324,0
0.41651023,0.29066425,-0.36622367,-0.85955255,-0.37786573,-0.94572324,0
-0.2027538,-0.31094565,0.67065219,0.72737999,0.3623943,1.0074716,0
-0.78441482,-0.47019533,-0.59163147,-0.85955255,-0.37786573,-0.94572324,0
0.70683259,4.6523361,-0.45638679,-0.85955255,-0.37786573,-0.94572324,0
-0.78441482,-0.47019533,-0.59163147,-0.85955255,-0.37786573,-0.94572324,0
0.13262442,-0.23132081,-0.18589744,1.2218987,-0.37786573,1.1750624,0
0.40821046,0.48087915,-0.14081588,1.5552347,-0.37786573,1.1842038,0
-0.10739121,-0.43038291,-0.230979,0.4189387,2.6291711,0.87339896,0
-0.78441482,-0.47019533,-0.59163147,-0.85955255,-0.37786573,-0.94572324,0
-0.37738761,-0.43480652,0.71573375,0.64467891,-0.37786573,1.248193,0
-0.33622756,-0.44807732,0.12967348,0.78982775,-0.37786573,1.2329575,0
-0.78441482,-0.47019533,-0.59163147,-0.85955255,-0.37786573,-0.94572324,0
0.45479077,-0.12515436,-0.230979,0.50037395,1.0762812,0.93738818,0
-0.092824275,-0.24016802,0.30999972,0.45691369,-0.37786573,1.3700772,0
-0.27592723,-0.32864006,2.0681805,0.23834654,-0.00080493184,1.2756169,0
0.35739558,0.40125431,-0.0055711987,0.9636688,0.86519691,1.2664756,0
0.24136827,0.23315742,-0.36622367,0.79615691,-0.37786573,0.81245684,0
0.2896424,-0.2047792,-0.27606055,1.0050193,-0.37786573,1.4310193,0
-0.27321711,-0.27113323,-0.59163147,0.035391329,-0.37786573,0.52602889,0
-0.16261005,-0.28440404,-0.0055711987,1.0940496,1.6183637,1.2847583,0
-0.13364556,-0.24459162,1.8878543,0.82020774,-0.37786573,1.2390517,0
-0.78441482,-0.47019533,-0.59163147,-0.85955255,-0.37786573,-0.94572324,0
0.68650663,-0.12957796,-0.36622367,1.1780165,1.7961933,1.1506856,0
-0.78441482,-0.47019533,-0.59163147,-0.85955255,-0.37786573,-0.94572324,0
-0.78441482,-0.47019533,-0.59163147,-0.85955255,-0.37786573,-0.94572324,0
-0.30641616,-0.41711211,1.1214678,-0.85955255,-0.37786573,-0.94572324,0
-0.089775382,-0.41711211,-0.230979,-0.85955255,-0.37786573,-0.94572324,0
1.1919453,0.28181705,-0.0055711987,1.1759068,-0.37786573,1.1750624,0
0.30691946,-0.27113323,-0.41130523,-0.85955255,-0.37786573,-0.94572324,0
0.36535658,-0.19150839,-0.050652758,0.90501854,0.86476888,1.278664,0
-0.21003727,-0.38172329,0.44524439,1.2906756,0.18206231,1.1933451,0
-0.027611843,-0.3994177,0.08459192,-0.85955255,-0.37786573,-0.94572324,0
-0.53152609,-0.45250093,-0.59163147,0.69742195,-0.37786573,0.80940974,0
-0.78441482,-0.47019533,-0.59163147,-0.85955255,-0.37786573,-0.94572324,0
-0.78441482,-0.47019533,-0.59163147,-0.85955255,-0.37786573,-0.94572324,0
-0.78441482,-0.47019533,-0.59163147,-0.85955255,-0.37786573,-0.94572324,0
0.17395386,-0.24459162,-0.0055711987,-0.85955255,-0.37786573,-0.94572324,0
-0.3557066,-0.33306367,1.3468756,0.40332676,-0.37786573,1.1445914,0
-0.78441482,-0.47019533,-0.59163147,-0.85955255,-0.37786573,-0.94572324,0
0.35705681,1.2992456,1.0763862,1.1628265,0.37480715,0.91301134,0
0.40888799,0.36144189,-0.32114211,1.3168362,-0.37786573,1.1537327,0
0.90009852,-0.45250093,-0.36622367,-0.85955255,-0.37786573,-0.94572324,0
1.0755792,0.54280958,-0.0055711987,2.0586143,-0.37786573,1.1415443,0
1.2573271,5.0681547,0.80589687,-0.85955255,-0.37786573,-0.94572324,0
0.81981101,0.25527543,-0.27606055,-0.85955255,-0.37786573,-0.94572324,0
-0.0018656358,0.025248116,0.17475504,0.91641104,0.7316518,1.2451459,0
-0.78441482,-0.47019533,-0.59163147,-0.85955255,-0.37786573,-0.94572324,0
-0.0079634216,-0.38614689,-0.230979,0.75227471,-0.37786573,0.9983303,0
-0.16125498,-0.4038413,0.039510361,0.95776158,0.91020582,1.0653666,0
-0.78441482,-0.47019533,-0.59163147,-0.85955255,-0.37786573,-0.94572324,0
0.50391182,0.71090646,0.76081531,-0.85955255,-0.37786573,-0.94572324,0
0.34791014,-0.19150839,-0.050652758,1.0860327,-0.37786573,1.2938996,0
-0.78441482,-0.47019533,-0.59163147,-0.85955255,-0.37786573,-0.94572324,0
-0.36332883,-0.44365372,0.17475504,1.3071315,-0.37786573,0.23045962,0
0.46664758,-0.33748727,0.35508128,1.6168386,-0.37786573,1.0684137,0
0.079776941,-0.41268851,0.17475504,-0.85955255,-0.37786573,-0.94572324,0
-0.78441482,-0.47019533,-0.59163147,-0.85955255,-0.37786573,-0.94572324,0
1.4937857,0.42779592,-0.18589744,1.0851888,0.81613818,0.70276103,0
0.97987789,1.0205586,-0.45638679,-0.85955255,-0.37786573,-0.94572324,0
2.4306428,-0.45250093,-0.50146835,-0.85955255,-0.37786573,-0.94572324,0
0.47867377,0.60474001,-0.32114211,0.96915408,-0.37786573,0.85206922,0
-0.31590161,-0.44807732,-0.050652758,-0.85955255,-0.37786573,-0.94572324,0
-0.78441482,-0.47019533,-0.59163147,-0.85955255,-0.37786573,-0.94572324,0
-0.27050698,-0.45250093,0.039510361,0.91852076,0.92459419,0.83073948,0
-0.78441482,-0.47019533,-0.59163147,-0.85955255,-0.37786573,-0.94572324,0
-0.78441482,-0.47019533,-0.59163147,-0.85955255,-0.37786573,-0.94572324,0
1.47888,4.9221758,-0.27606055,-0.85955255,-0.37786573,-0.94572324,0
1.1653522,4.2320938,-0.14081588,0.91936465,-0.37786573,0.88558738,0
-0.78441482,-0.47019533,-0.59163147,-0.85955255,-0.37786573,-0.94572324,0
-0.16515079,-0.41711211,-0.230979,0.18307184,-0.37786573,0.97700056,0
0.17310694,-0.36845248,-0.36622367,1.5299181,4.7909161,1.5589978,0
0.77695712,2.940402,1.0313047,1.7548144,-0.37786573,0.34320254,0
1.2698615,1.038253,-0.230979,0.94088381,-0.37786573,0.90691713,0
0.40702478,-0.2092028,0.12967348,1.2856123,-0.37786573,1.1750624,0
0.1556605,-0.24016802,-0.18589744,0.45902341,-0.37786573,1.0348956,0
0.20190204,-0.14284877,-0.050652758,0.4818084,0.99574581,1.2664756,0
-0.78441482,-0.47019533,-0.59163147,-0.85955255,-0.37786573,-0.94572324,0
-0.55896613,-0.45250093,0.53540751,0.65269585,1.1333737,0.59001811,0
0.28337524,-0.43480652,0.35508128,1.3472162,0.55803657,0.97090635,0
-0.41448248,-0.42595931,1.1665493,-0.85955255,-0.37786573,-0.94572324,0
0.06470186,-0.43923012,-0.27606055,-0.85955255,-0.37786573,-0.94572324,0
-0.78441482,-0.47019533,-0.59163147,-0.85955255,-0.37786573,-0.94572324,0
-0.78441482,-0.47019533,-0.59163147,-0.85955255,-0.37786573,-0.94572324,0
-0.78441482,-0.47019533,-0.59163147,-0.85955255,-0.37786573,-0.94572324,0
-0.13110482,-0.38172329,-0.18589744,-0.85955255,-0.37786573,-0.94572324,0
0.074017921,-0.23574442,0.67065219,-0.85955255,-0.37786573,-0.94572324,0
0.17022743,-0.31094565,-0.27606055,0.14678463,-0.37786573,0.87035185,0
0.13550393,-0.23132081,-0.0055711987,-0.85955255,-0.37786573,-0.94572324,0
0.30302366,-0.22247361,0.40016284,0.8159883,0.36858426,1.2908525,0
-0.2246042,-0.43923012,0.49032595,0.62906697,0.4998246,0.9465295,0
-0.36214315,-0.33748727,1.0763862,0.052269101,-0.37786573,0.8947287,0
-0.78441482,-0.47019533,-0.59163147,-0.85955255,-0.37786573,-0.94572324,0
1.2757899,-0.45250093,-0.36622367,-0.85955255,-0.37786573,-0.94572324,0
-0.78441482,-0.47019533,-0.59163147,-0.85955255,-0.37786573,-0.94572324,0
-0.049631625,-0.15169597,1.7526096,-0.0076469907,-0.37786573,1.3396062,0
0.21867095,-0.29325125,0.2198366,0.77843525,-0.37786573,0.90082291,0
1.2569884,-0.41711211,-0.41130523,-0.85955255,-0.37786573,-0.94572324,0
2.3613651,1.4673424,-0.27606055,0.83877329,0.90671574,0.69057261,0
-0.78441482,-0.47019533,-0.59163147,-0.85955255,-0.37786573,-0.94572324,0
-0.25306054,-0.44365372,0.71573375,1.4117737,-0.37786573,0.65096023,0
0.35434669,-0.43923012,-0.27606055,-0.85955255,-0.37786573,-0.94572324,0
16.004145,-0.34633447,-0.54654991,-0.85955255,-0.37786573,-0.94572324,0
1.3438818,-0.12957796,-0.27606055,2.007559,-0.37786573,1.0044245,0
-0.78441482,-0.47019533,-0.59163147,-0.85955255,-0.37786573,-0.94572324,0
-0.19614787,-0.41711211,0.40016284,0.95396408,-0.37786573,1.0653666,0
0.61045369,-0.44365372,-0.36622367,-0.85955255,-0.37786573,-0.94572324,0
-0.09773638,-0.41711211,0.039510361,-0.85955255,-0.37786573,-0.94572324,0
0.10738636,-0.43480652,0.039510361,1.0847668,0.67679821,0.74542051,0
-0.78441482,-0.47019533,-0.59163147,-0.85955255,-0.37786573,-0.94572324,0
1.2056653,1.5867797,-0.36622367,1.4737995,-0.37786573,0.73018498,0
-0.44056745,-0.42595931,2.1132621,0.25564626,0.2187082,0.62963049,0
-0.36925723,-0.31094565,0.71573375,0.94383742,1.1033128,0.48336941,0
0.59300725,-0.08534194,-0.230979,1.5392008,2.5001367,1.4188309,0
1.2063429,2.1441536,-0.095734317,-0.85955255,-0.37786573,-0.94572324,0
-0.099091444,-0.38172329,-0.095734317,0.78645219,1.1174707,1.6351754,0
1.2005839,4.9487174,-0.27606055,-0.85955255,-0.37786573,-0.94572324,0
0.26508188,-0.12515436,-0.095734317,1.1417293,1.1846384,1.1994393,0
-0.78441482,-0.47019533,-0.59163147,-0.85955255,-0.37786573,-0.94572324,0
0.52389901,-0.089765542,0.44524439,0.63581808,0.26612066,1.2055335,0
-0.78441482,-0.47019533,-0.59163147,-0.85955255,-0.37786573,-0.94572324,0
-0.78441482,-0.47019533,-0.59163147,-0.85955255,-0.37786573,-0.94572324,0
0.36874424,-0.10303635,-0.41130523,-0.85955255,-0.37786573,-0.94572324,0
0.17327632,-0.31536926,0.039510361,-0.85955255,-0.37786573,-0.94572324,0
0.76645538,0.91881577,1.2116309,1.0970032,-0.37786573,1.4462549,0
0.079607559,-0.15169597,0.35508128,-0.85955255,-0.37786573,-0.94572324,0
-0.13550878,-0.34191087,-0.095734317,0.51218839,-0.37786573,0.77284447,0
-0.29659195,-0.45250093,-0.0055711987,0.70965833,-0.37786573,1.5498565,0
0.76289834,2.7590343,0.2198366,0.79024969,-0.37786573,0.82159816,0
0.67702119,2.1883896,0.40016284,2.2670548,-0.37786573,0.90387002,0
-0.27118451,-0.31979286,1.8427727,0.69826583,0.21669975,1.1750624,0
-0.78441482,-0.47019533,-0.59163147,-0.85955255,-0.37786573,-0.94572324,0
-0.78441482,-0.47019533,-0.59163147,-0.85955255,-0.37786573,-0.94572324,0
-0.12094184,-0.38614689,0.44524439,-0.85955255,-0.37786573,-0.94572324,0
-0.034556543,-0.35075807,-0.27606055,0.99573657,2.0162662,1.6047044,0
-0.78441482,-0.47019533,-0.59163147,-0.85955255,-0.37786573,-0.94572324,0
-0.78441482,-0.47019533,-0.59163147,-0.85955255,-0.37786573,-0.94572324,0
-0.011181697,-0.41711211,-0.18589744,1.3522795,1.9368503,1.4432078,1
-0.3477456,-0.43923012,-0.18589744,1.2029112,3.8428643,1.3091351,1
0.37551956,-0.35518168,-0.14081588,1.3915203,1.6613312,1.5559507,1
0.39228847,-0.28440404,-0.41130523,1.416415,3.4600087,1.4614904,1
0.45123373,-0.33306367,-0.36622367,1.9143093,3.7314121,1.4980557,1
0.40126576,0.14910898,-0.50146835,1.4628289,-0.37786573,1.650411,1
0.37365634,-0.26228603,-0.32114211,1.7286538,1.3994432,1.3944541,1
3.9066457,0.92323937,-0.54654991,2.3383634,10.733443,0.71494946,1
0.81828656,0.25527543,-0.50146835,1.7493291,5.8106133,1.421878,1
0.11670242,-0.30652205,-0.050652758,-0.85955255,-0.37786573,-0.94572324,1
0.4724066,0.1889214,-0.18589744,1.4083981,-0.37786573,1.1202145,1
-0.12703963,-0.43480652,-0.27606055,1.7767555,4.2067221,1.1872509,1
0.55930005,-0.089765542,-0.50146835,1.5974292,5.2983282,1.5925159,1
0.54354743,-0.31536926,-0.50146835,1.272954,5.7959945,1.3670301,1
0.88807233,-0.010140702,-0.45638679,1.856503,4.0365311,1.1811567,1
0.14041603,-0.41268851,-0.14081588,1.0991129,1.3052109,1.4645375,1
-0.19021947,-0.4082649,-0.050652758,0.91134771,5.1251739,1.104979,1
0.5449025,-0.27998044,-0.18589744,1.287722,0.92116996,1.4310193,1
0.15176469,-0.33306367,-0.14081588,1.3915203,1.5837262,1.6290812,1
0.27947943,-0.3949941,-0.27606055,1.3522795,1.6864532,1.3335119,1
1.2815489,-0.28440404,-0.50146835,1.3632501,3.3564585,1.1110732,1
0.52186642,-0.37729969,-0.27606055,1.840891,1.928619,1.2878054,1
-0.78441482,-0.47019533,-0.59163147,-0.85955255,-0.37786573,-0.94572324,1
0.94752574,-0.18708479,-0.41130523,0.89446994,2.4836412,0.93129397,1
0.25881471,-0.19150839,-0.50146835,1.2670468,3.6908481,1.4828201,1
0.43971569,-0.38172329,-0.45638679,1.5700028,4.0721563,1.2116277,1
-0.78441482,-0.47019533,-0.59163147,-0.85955255,-0.37786573,-0.94572324,0
0.33520642,0.16680339,0.40016284,0.9493227,0.68641241,1.0288014,0
0.26338805,-0.37729969,-0.095734317,1.219789,-0.37786573,0.9952832,0
0.16988867,-0.25343882,0.12967348,1.0877204,1.0350257,1.4614904,0
0.24323148,-0.45250093,0.49032595,-0.85955255,-0.37786573,-0.94572324,0
0.018799083,-0.16054318,-0.18589744,1.2358229,1.6033497,1.2573343,0
-0.78441482,-0.47019533,-0.59163147,-0.85955255,-0.37786573,-0.94572324,0
0.83708807,2.1131884,-0.36622367,1.4033348,-0.37786573,0.99223609,0
0.13211627,-0.27998044,0.26491816,1.0995349,-0.37786573,0.84902211,0
-0.78441482,-0.47019533,-0.59163147,-0.85955255,-0.37786573,-0.94572324,0
-0.78441482,-0.47019533,-0.59163147,-0.85955255,-0.37786573,-0.94572324,0
-0.78441482,-0.47019533,-0.59163147,-0.85955255,-0.37786573,-0.94572324,0
0.45140311,1.2284679,-0.41130523,0.69531222,-0.37786573,0.87644607,0
-0.023885418,-0.36402888,-0.095734317,-0.85955255,-0.37786573,-0.94572324,0
-0.78441482,-0.47019533,-0.59163147,-0.85955255,-0.37786573,-0.94572324,0
-0.78441482,-0.47019533,-0.59163147,-0.85955255,-0.37786573,-0.94572324,0
-0.22494297,-0.37729969,0.76081531,0.53877089,0.31083325,1.5102441,0
-0.78441482,-0.47019533,-0.59163147,-0.85955255,-0.37786573,-0.94572324,0
-0.28592083,-0.42595931,-0.27606055,-0.85955255,-0.37786573,-0.94572324,0
0.57640772,1.4408008,-0.230979,1.0628257,-0.37786573,0.66619576,0
0.4148164,0.31278226,0.44524439,-0.85955255,-0.37786573,-0.94572324,0
-0.78441482,-0.47019533,-0.59163147,-0.85955255,-0.37786573,-0.94572324,0
-0.78441482,-0.47019533,-0.59163147,-0.85955255,-0.37786573,-0.94572324,0
-0.78441482,-0.47019533,-0.59163147,-0.85955255,-0.37786573,-0.94572324,0
-0.78441482,-0.47019533,-0.59163147,-0.85955255,-0.37786573,-0.94572324,0
0.78525689,-0.27555684,-0.18589744,0.92189632,1.2445625,1.0166129,0
0.25102309,0.65782324,0.30999972,0.67674667,0.63932919,0.80026842,0
-0.78441482,-0.47019533,-0.59163147,-0.85955255,-0.37786573,-0.94572324,0
0.043359609,-0.35960528,-0.18589744,0.89446994,1.1114454,1.3030409,0
-0.53508313,-0.44807732,0.85097843,0.51429812,-0.37786573,0.71494946,0
-0.51746731,-0.43480652,2.2034252,0.014294113,-0.37786573,1.4614904,0
0.79541986,-0.45250093,-0.50146835,-0.85955255,-0.37786573,-0.94572324,0
0.30488687,-0.27998044,-0.36622367,0.71176805,1.3515369,1.0074716,0
-0.78441482,-0.47019533,-0.59163147,-0.85955255,-0.37786573,-0.94572324,0
-0.78441482,-0.47019533,-0.59163147,-0.85955255,-0.37786573,-0.94572324,0
0.9876695,2.2635908,-0.36622367,-0.85955255,-0.37786573,-0.94572324,0
-0.78441482,-0.47019533,-0.59163147,-0.85955255,-0.37786573,-0.94572324,0
0.028453911,-0.33306367,1.4821203,1.5965853,-0.37786573,1.3700772,0
-0.78441482,-0.47019533,-0.59163147,-0.85955255,-0.37786573,-0.94572324,0
0.34841828,0.27739344,0.89605999,-0.85955255,-0.37786573,-0.94572324,0
0.024219337,-0.35960528,0.2198366,1.1480585,-0.37786573,1.0440369,0
0.011346234,-0.43038291,-0.36622367,0.8083933,2.4600995,0.88863449,0
0.41007368,-0.25786243,-0.45638679,0.42147037,-0.37786573,0.6326776,0
0.19682055,-0.42595931,0.039510361,-0.85955255,-0.37786573,-0.94572324,0
0.81235816,0.83034372,-0.18589744,-0.85955255,-0.37786573,-0.94572324,0
-0.30946506,-0.37729969,-0.27606055,0.93919603,2.726202,0.92215265,0
-0.78441482,-0.47019533,-0.59163147,-0.85955255,-0.37786573,-0.94572324,0
-0.096550699,-0.37287609,-0.14081588,2.0320318,-0.37786573,0.94043529,0
-0.78441482,-0.47019533,-0.59163147,-0.85955255,-0.37786573,-0.94572324,0
-0.19276021,0.26412264,2.2935883,0.076741871,-0.37786573,0.7393263,0
0.9539623,4.6125236,-0.0055711987,-0.85955255,-0.37786573,-0.94572324,0
0.51915629,0.25969903,-0.27606055,1.7130419,-0.37786573,1.0440369,0
-0.3477456,-0.43923012,-0.230979,0.0071210601,3.3353863,0.66619576,0
-0.023716035,-0.36402888,1.1214678,0.69362445,-0.37786573,0.7911271,0
-0.78441482,-0.47019533,-0.59163147,-0.85955255,-0.37786573,-0.94572324,0
0.7891527,0.49414995,-0.36622367,1.2467934,-0.37786573,0.88558738,0
-0.78441482,-0.47019533,-0.59163147,-0.85955255,-0.37786573,-0.94572324,0
2.883234,-0.44365372,-0.54654991,-0.85955255,-0.37786573,-0.94572324,0
0.89654148,-0.44365372,-0.41130523,-0.85955255,-0.37786573,-0.94572324,0
-0.78441482,-0.47019533,-0.59163147,-0.85955255,-0.37786573,-0.94572324,0
-0.46682181,-0.32864006,0.039510361,1.4050225,-0.37786573,0.70580814,0
-0.78441482,-0.47019533,-0.59163147,-0.85955255,-0.37786573,-0.94572324,0
-0.095365019,-0.45250093,0.12967348,-0.85955255,-0.37786573,-0.94572324,0
0.86723823,3.9312889,0.49032595,-0.85955255,-0.37786573,-0.94572324,0
-0.78441482,-0.47019533,-0.59163147,-0.85955255,-0.37786573,-0.94572324,0
-0.78441482,-0.47019533,-0.59163147,-0.85955255,-0.37786573,-0.94572324,0
-0.78441482,-0.47019533,-0.59163147,-0.85955255,-0.37786573,-0.94572324,0
0.16463779,-0.29325125,-0.36622367,1.4505925,2.037964,1.3365591,0
-0.78441482,-0.47019533,-0.59163147,-0.85955255,-0.37786573,-0.94572324,0
-0.030491353,-0.036682315,0.26491816,0.08349298,-0.37786573,0.62048917,0
-0.45293241,-0.43923012,0.12967348,0.40332676,-0.37786573,1.047084,0
0.66177672,-0.38172329,-0.41130523,-0.85955255,-0.37786573,-0.94572324,0
-0.21901457,-0.43480652,0.58048907,0.55185116,0.26612066,1.0044245,0
0.64500781,0.5781984,0.039510361,1.6311847,-0.37786573,1.507197,0
0.49950787,-0.25343882,0.85097843,0.76155748,-0.14310818,1.0927906,0
0.31420293,-0.2092028,0.62557063,-0.85955255,-0.37786573,-0.94572324,0
-0.26796624,-0.38614689,-0.050652758,0.43581648,1.3593731,1.1659211,0
-0.78441482,-0.47019533,-0.59163147,-0.85955255,-0.37786573,-0.94572324,0
-0.78441482,-0.47019533,-0.59163147,-0.85955255,-0.37786573,-0.94572324,0
-0.31471593,-0.41268851,0.58048907,1.0408846,0.9483992,1.01966,0
-0.78441482,-0.47019533,-0.59163147,-0.85955255,-0.37786573,-0.94572324,0
-0.22172469,-0.36402888,0.44524439,1.159451,1.1733121,1.190298,0
-0.78441482,-0.47019533,-0.59163147,-0.85955255,-0.37786573,-0.94572324,0
-0.19309898,-0.36402888,-0.095734317,-0.85955255,-0.37786573,-0.94572324,0
-0.78441482,-0.47019533,-0.59163147,-0.85955255,-0.37786573,-0.94572324,0
-0.78441482,-0.47019533,-0.59163147,-0.85955255,-0.37786573,-0.94572324,0
-0.78441482,-0.47019533,-0.59163147,-0.85955255,-0.37786573,-0.94572324,0
-0.78441482,-0.47019533,-0.59163147,-0.85955255,-0.37786573,-0.94572324,0
-0.78441482,-0.47019533,-0.59163147,-0.85955255,-0.37786573,-0.94572324,0
4.6353311,-0.45250093,-0.54654991,-0.85955255,-0.37786573,-0.94572324,0
-0.21698197,-0.2003556,-0.27606055,1.2003796,-0.37786573,0.74846762,0
-0.15227769,-0.28882764,0.30999972,0.47252563,-0.37786573,1.3487475,0
0.22104231,-0.13842517,0.44524439,0.048893546,0.33062137,1.3182764,0
0.75713932,5.0858491,-0.50146835,-0.85955255,-0.37786573,-0.94572324,0
0.65652585,0.67109404,0.76081531,0.75775998,0.19984199,0.97700056,0
0.057757159,-0.08534194,0.94114155,0.77716942,0.60218943,1.1933451,0
-0.78441482,-0.47019533,-0.59163147,-0.85955255,-0.37786573,-0.94572324,0
-0.78441482,-0.47019533,-0.59163147,-0.85955255,-0.37786573,-0.94572324,0
-0.016771335,-0.41711211,-0.41130523,1.5299181,4.7909161,1.4371135,0
-0.25560128,-0.44807732,-0.18589744,0.62569141,-0.37786573,1.1994393,0
-0.098922061,-0.10745995,1.4370387,0.024842721,0.2500531,0.94043529,0
-0.78441482,-0.47019533,-0.59163147,-0.85955255,-0.37786573,-0.94572324,0
-0.78441482,-0.47019533,-0.59163147,-0.85955255,-0.37786573,-0.94572324,0
2.4631643,-0.44807732,-0.54654991,-0.85955255,-0.37786573,-0.94572324,0
-0.04014618,-0.37287609,-0.45638679,-0.85955255,-0.37786573,-0.94572324,0
1.7392216,-0.45250093,-0.50146835,-0.85955255,-0.37786573,-0.94572324,0
0.84623475,0.31278226,0.039510361,-0.85955255,-0.37786573,-0.94572324,0
-0.098583295,-0.37287609,0.039510361,0.88771883,1.0312722,0.86730475,0
0.48341649,-0.45250093,-0.50146835,-0.85955255,-0.37786573,-0.94572324,0
-0.43379213,-0.44807732,0.89605999,0.094041587,-0.37786573,1.1263087,0
-0.78441482,-0.47019533,-0.59163147,-0.85955255,-0.37786573,-0.94572324,0
-0.78441482,-0.47019533,-0.59163147,-0.85955255,-0.37786573,-0.94572324,0
-0.15363275,-0.31979286,0.53540751,-0.85955255,-0.37786573,-0.94572324,0
-0.50340852,-0.44807732,0.49032595,-0.85955255,-0.37786573,-0.94572324,0
-0.78441482,-0.47019533,-0.59163147,-0.85955255,-0.37786573,-0.94572324,0
1.127241,1.0736418,-0.230979,0.96324686,0.53123536,0.80331553,0
-0.78441482,-0.47019533,-0.59163147,-0.85955255,-0.37786573,-0.94572324,0
0.2073223,-0.041105917,0.80589687,-0.85955255,-0.37786573,-0.94572324,0
0.39584551,1.9450915,-0.32114211,1.0915179,-0.37786573,0.75456183,0
-0.78441482,-0.47019533,-0.59163147,-0.85955255,-0.37786573,-0.94572324,0
0.81659273,1.016135,-0.32114211,1.3683134,1.452453,1.1263087,0
-0.78441482,-0.47019533,-0.59163147,-0.85955255,-0.37786573,-0.94572324,0
-0.78441482,-0.47019533,-0.59163147,-0.85955255,-0.37786573,-0.94572324,0
-0.78441482,-0.47019533,-0.59163147,-0.85955255,-0.37786573,-0.94572324,0
0.30488687,0.60916361,0.30999972,0.73919443,-0.37786573,0.85816343,0
-0.21427184,-0.35960528,-0.36622367,-0.021571153,1.6510914,1.104979,0
-0.1968254,-0.4082649,0.26491816,-0.85955255,-0.37786573,-0.94572324,0
-0.78441482,-0.47019533,-0.59163147,-0.85955255,-0.37786573,-0.94572324,0
-0.17565253,-0.43480652,-0.0055711987,0.78054497,0.61908012,1.2390517,0
1.2691839,4.3736491,-0.050652758,-0.85955255,-0.37786573,-0.94572324,0
0.17886596,-0.16939038,0.26491816,1.2771734,-0.37786573,1.0409898,0
-0.093671189,-0.3949941,-0.095734317,-0.85955255,-0.37786573,-0.94572324,0
-0.78441482,-0.47019533,-0.59163147,-0.85955255,-0.37786573,-0.94572324,0
1.0799832,1.5292729,0.17475504,2.0687409,-0.37786573,0.95262371,0
0.62620631,0.7905313,-0.230979,1.091096,-0.37786573,1.2177219,0
-0.78441482,-0.47019533,-0.59163147,-0.85955255,-0.37786573,-0.94572324,0
-0.78441482,-0.47019533,-0.59163147,-0.85955255,-0.37786573,-0.94572324,0
0.48002883,0.10044935,0.40016284,-0.85955255,-0.37786573,-0.94572324,0
-0.78441482,-0.47019533,-0.59163147,-0.85955255,-0.37786573,-0.94572324,0
-0.78441482,-0.47019533,-0.59163147,-0.85955255,-0.37786573,-0.94572324,0
0.92923239,5.0681547,-0.36622367,-0.85955255,-0.37786573,-0.94572324,0
-0.12839469,0.087178548,1.1214678,0.60206253,-0.37786573,0.96785924,0
1.0142626,4.6523361,-0.32114211,-0.85955255,-0.37786573,-0.94572324,0
-0.11365838,-0.42595931,0.49032595,1.2522787,0.54108003,1.1293559,0
-0.78441482,-0.47019533,-0.59163147,-0.85955255,-0.37786573,-0.94572324,0
-0.78441482,-0.47019533,-0.59163147,-0.85955255,-0.37786573,-0.94572324,0
-0.03726667,0.22873382,-0.095734317,-0.85955255,-0.37786573,-0.94572324,0
1.0433965,0.64455243,-0.18589744,0.59953087,-0.37786573,1.1476385,0
0.26033916,0.21103941,0.76081531,1.1020665,0.17995509,1.132403,0
1.8813339,1.7548766,-0.18589744,-0.85955255,-0.37786573,-0.94572324,0
0.23713369,0.193345,-0.41130523,0.49615451,2.4226305,1.104979,0
-0.78441482,-0.47019533,-0.59163147,-0.85955255,-0.37786573,-0.94572324,0
-0.78441482,-0.47019533,-0.59163147,-0.85955255,-0.37786573,-0.94572324,0
-0.78441482,-0.47019533,-0.59163147,-0.85955255,-0.37786573,-0.94572324,0
-0.17480562,-0.38172329,0.039510361,0.31303068,0.50064773,1.1811567,0
-0.78441482,-0.47019533,-0.59163147,-0.85955255,-0.37786573,-0.94572324,0
-0.78441482,-0.47019533,-0.59163147,-0.85955255,-0.37786573,-0.94572324,0
0.56184079,-0.45250093,-0.32114211,-0.85955255,-0.37786573,-0.94572324,0
0.048779863,-0.30652205,0.35508128,-0.85955255,-0.37786573,-0.94572324,0
0.12296959,0.5870456,1.8878543,0.31387457,-0.37786573,1.1445914,0
-0.78441482,-0.47019533,-0.59163147,-0.85955255,-0.37786573,-0.94572324,0
-0.33605818,-0.45250093,0.17475504,-0.85955255,-0.37786573,-0.94572324,0
0.29048932,0.28181705,-0.14081588,1.7235905,-0.37786573,0.79722131,0
-0.78441482,-0.47019533,-0.59163147,-0.85955255,-0.37786573,-0.94572324,0
-0.78441482,-0.47019533,-0.59163147,-0.85955255,-0.37786573,-0.94572324,0
0.39076402,0.24642823,-0.32114211,-0.85955255,-0.37786573,-0.94572324,0
-0.29642257,-0.42153571,0.039510361,1.0991129,-0.37786573,1.248193,0
-0.22934692,-0.37729969,2.9698117,0.54256838,-0.017794398,0.95262371,0
-0.78441482,-0.47019533,-0.59163147,-0.85955255,-0.37786573,-0.94572324,0
0.076050517,0.05178973,1.5272018,0.62062808,0.010225051,0.95871792,0
0.15210346,-0.45250093,-0.230979,0.99615851,2.5460676,0.63877181,0
-0.78441482,-0.47019533,-0.59163147,-0.85955255,-0.37786573,-0.94572324,0
-0.78441482,-0.47019533,-0.59163147,-0.85955255,-0.37786573,-0.94572324,0
0.63687743,-0.44365372,-0.0055711987,-0.85955255,-0.37786573,-0.94572324,0
-0.78441482,-0.47019533,-0.59163147,-0.85955255,-0.37786573,-0.94572324,0
-0.43853486,-0.41268851,2.5189961,0.65818112,0.063267746,0.6326776,0
0.44073199,1.6487101,-0.41130523,0.9788588,-0.37786573,0.60525364,0
0.1407548,-0.16939038,0.039510361,0.41049982,-0.37786573,1.1781095,0
-0.095703785,-0.31536926,-0.27606055,0.92105243,4.0996818,1.1080261,0
-0.16023868,-0.33748727,-0.230979,0.71092416,1.5576494,1.4645375,0
-0.15227769,-0.24016802,0.12967348,1.4096639,1.4843247,0.97090635,0
-0.78441482,-0.47019533,-0.59163147,-0.85955255,-0.37786573,-0.94572324,0
0.17988226,0.3791363,0.2198366,-0.85955255,-0.37786573,-0.94572324,0
0.065210009,1.1532667,-0.18589744,0.39446593,-0.37786573,1.0318485,0
0.21070995,-0.28882764,-0.45638679,1.1881432,-0.37786573,1.5864217,0
1.2317503,4.9841062,-0.32114211,0.5560706,-0.37786573,0.72409077,0
0.088415471,-0.18266119,-0.18589744,-0.85955255,-0.37786573,-0.94572324,0
-0.78441482,-0.47019533,-0.59163147,-0.85955255,-0.37786573,-0.94572324,0
-0.27270896,-0.34633447,-0.050652758,0.8493219,2.2511225,0.76675026,0
0.75307413,1.6398629,-0.45638679,1.3467942,2.3684354,0.85206922,0
-0.2881228,-0.3949941,-0.45638679,0.072522428,-0.37786573,1.0501311,0
1.846441,3.2721722,-0.41130523,0.61851836,1.0735484,0.37976781,0
0.34638569,0.52511517,0.039510361,0.58602865,-0.37786573,0.9465295,0
-0.24289756,-0.37729969,-0.27606055,-0.85955255,-0.37786573,-0.94572324,0
-0.78441482,-0.47019533,-0.59163147,-0.85955255,-0.37786573,-0.94572324,0
-0.78441482,-0.47019533,-0.59163147,-0.85955255,-0.37786573,-0.94572324,0
-0.11992555,-0.24459162,1.1665493,0.066615207,-0.37786573,0.90387002,0
-0.78441482,-0.47019533,-0.59163147,-0.85955255,-0.37786573,-0.94572324,0
0.6778681,-0.43923012,-0.45638679,-0.85955255,-0.37786573,-0.94572324,0
-0.78441482,-0.47019533,-0.59163147,-0.85955255,-0.37786573,-0.94572324,0
0.13685899,-0.195932,0.26491816,0.36619566,-0.37786573,0.52602889,0
-0.78441482,-0.47019533,-0.59163147,-0.85955255,-0.37786573,-0.94572324,0
-0.78441482,-0.47019533,-0.59163147,-0.85955255,-0.37786573,-0.94572324,0
-0.33419496,-0.45250093,0.08459192,-0.21608748,-0.37786573,0.97395345,0
-0.78441482,-0.47019533,-0.59163147,-0.85955255,-0.37786573,-0.94572324,0
0.051320607,-0.36402888,-0.36622367,0.95438603,1.7116411,1.3091351,0
0.26711447,0.31278226,-0.18589744,0.61809642,1.0299552,1.0836493,0
-0.13669446,-0.3994177,0.53540751,0.59573337,0.69599367,0.91301134,0
1.1103028,1.7239114,-0.36622367,1.1417293,1.1804898,0.82159816,0
0.66651945,1.0692182,-0.27606055,1.1927846,0.84807574,0.64791313,0
-0.4251536,-0.44807732,0.2198366,1.4573436,-0.37786573,0.78808,0
-0.21190048,-0.44365372,-0.36622367,-0.85955255,-0.37786573,-0.94572324,0
0.59707244,0.22873382,-0.14081588,0.87801411,-0.37786573,0.6875255,0
0.54947583,1.4540716,-0.41130523,0.58982615,1.9624333,0.44070993,0
0.32707603,-0.22247361,-0.41130523,1.5012258,-0.37786573,1.4371135,0
0.32267208,0.66224684,0.039510361,0.31935985,0.6271139,0.76065604,0
0.7523966,1.5602381,-0.50146835,-0.85955255,-0.37786573,-0.94572324,0
-0.78441482,-0.47019533,-0.59163147,-0.85955255,-0.37786573,-0.94572324,0
0.51576863,0.40567791,0.26491816,-0.85955255,-0.37786573,-0.94572324,0
-0.78441482,-0.47019533,-0.59163147,-0.85955255,-0.37786573,-0.94572324,0
-0.19970491,-0.45250093,-0.32114211,-0.85955255,-0.37786573,-0.94572324,0
-0.38484046,-0.43038291,0.58048907,0.47632313,-0.37786573,1.4950086,0
0.39008649,0.13583817,-0.230979,0.94003992,0.75802498,1.3761714,0
-0.1343231,-0.41711211,-0.36622367,0.54594394,-0.37786573,1.2908525,0
1.2700309,2.4493821,-0.18589744,1.378862,0.54108003,0.83378658,0
0.0071116601,-0.43480652,-0.41130523,-0.85955255,-0.37786573,-0.94572324,0
0.10365994,-0.43923012,-0.45638679,1.0708427,3.6161735,1.0166129,0
0.39144155,0.10929656,-0.230979,-0.85955255,-0.37786573,-0.94572324,0
-0.78441482,-0.47019533,-0.59163147,-0.85955255,-0.37786573,-0.94572324,0
-0.060641516,-0.2047792,0.85097843,0.44130175,0.44576122,0.90387002,0
1.8289946,3.7322268,-0.27606055,-0.85955255,-0.37786573,-0.94572324,0
-0.78441482,-0.47019533,-0.59163147,-0.85955255,-0.37786573,-0.94572324,0
-0.31861173,-0.44365372,-0.18589744,-0.85955255,-0.37786573,-0.94572324,0
-0.78441482,-0.47019533,-0.59163147,-0.85955255,-0.37786573,-0.94572324,0
-0.78441482,-0.47019533,-0.59163147,-0.85955255,-0.37786573,-0.94572324,0
0.058095925,-0.36402888,-0.0055711987,0.52526867,-0.37786573,1.2969467,0
-0.24797905,-0.41711211,-0.36622367,-0.85955255,-0.37786573,-0.94572324,0
0.11060464,0.047366127,0.039510361,1.6856155,-0.37786573,1.3274177,0
1.0030833,2.7413399,0.17475504,0.3674615,-0.37786573,0.38281492,0
-0.78441482,-0.47019533,-0.59163147,-0.85955255,-0.37786573,-0.94572324,0
-0.78441482,-0.47019533,-0.59163147,-0.85955255,-0.37786573,-0.94572324,0
-0.26457858,-0.3994177,1.6173649,-0.068828915,0.12144679,1.0806022,0
-0.13110482,-0.41711211,0.76081531,0.58518476,-0.37786573,1.8119076,0
1.3025524,4.7408081,-0.27606055,-0.85955255,-0.37786573,-0.94572324,0
-0.78441482,-0.47019533,-0.59163147,-0.85955255,-0.37786573,-0.94572324,0
-0.1978417,-0.36845248,0.30999972,0.078429648,0.47486721,1.2999938,0
-0.78441482,-0.47019533,-0.59163147,-0.85955255,-0.37786573,-0.94572324,0
1.2395419,4.3957671,-0.50146835,2.6320366,-0.37786573,0.88863449,0
-0.78441482,-0.47019533,-0.59163147,-0.85955255,-0.37786573,-0.94572324,0
-0.22341852,-0.34191087,-0.230979,-0.85955255,-0.37786573,-0.94572324,0
-0.048954093,-0.43480652,-0.32114211,-0.85955255,-0.37786573,-0.94572324,0
0.48866736,1.6354393,0.039510361,0.41007787,3.9391709,0.76979736,0
-0.78441482,-0.47019533,-0.59163147,-0.85955255,-0.37786573,-0.94572324,0
-0.054374347,-0.3949941,-0.0055711987,0.57168254,-0.37786573,1.0440369,0
0.1139923,-0.24459162,-0.41130523,-0.85955255,-0.37786573,-0.94572324,0
-0.090452914,-0.30209845,0.49032595,0.78096692,0.79681101,0.87949317,0
4.5777409,-0.44807732,-0.50146835,-0.85955255,-0.37786573,-0.94572324,0
-0.44785092,-0.43923012,0.44524439,0.76493303,-0.37786573,1.0105187,0
-0.78441482,-0.47019533,-0.59163147,-0.85955255,-0.37786573,-0.94572324,0
0.036584292,-0.37287609,-0.27606055,-0.85955255,-0.37786573,-0.94572324,0
-0.78441482,-0.47019533,-0.59163147,-0.85955255,-0.37786573,-0.94572324,0
0.21037119,-0.11630716,0.2198366,-0.85955255,-0.37786573,-0.94572324,0
0.22222799,-0.23574442,0.2198366,0.98476602,-0.37786573,1.0927906,0
-0.15939177,-0.42595931,-0.230979,1.1164126,-0.37786573,1.2390517,0
-0.10569738,-0.32421646,-0.27606055,0.77716942,1.7798624,0.95567082,0
-0.066908685,-0.27998044,0.039510361,0.40163899,-0.37786573,1.1720153,0
-0.78441482,-0.47019533,-0.59163147,-0.85955255,-0.37786573,-0.94572324,0
-0.051494837,-0.35960528,-0.095734317,-0.85955255,-0.37786573,-0.94572324,0
-0.78441482,-0.47019533,-0.59163147,-0.85955255,-0.37786573,-0.94572324,0
1.664185,4.0507262,-0.36622367,1.6096655,-0.37786573,0.67838418,0
0.064363094,-0.2136264,0.17475504,0.94003992,-0.37786573,1.3548417,0
-0.78441482,-0.47019533,-0.59163147,-0.85955255,-0.37786573,-0.94572324,0
-0.78441482,-0.47019533,-0.59163147,-0.85955255,-0.37786573,-0.94572324,0
-0.24205065,-0.23132081,-0.230979,1.1463707,2.0590033,0.81550395,0
0.04166578,-0.063223929,0.62557063,0.43539453,0.04275527,1.4005483,0
-0.78441482,-0.47019533,-0.59163147,-0.85955255,-0.37786573,-0.94572324,0
-0.78441482,-0.47019533,-0.59163147,-0.85955255,-0.37786573,-0.94572324,0
-0.78441482,-0.47019533,-0.59163147,-0.85955255,-0.37786573,-0.94572324,0
0.3253822,1.8433486,0.35508128,0.73117749,0.72253148,0.5839239,0
1.2983178,-0.45250093,-0.45638679,-0.85955255,-0.37786573,-0.94572324,0
0.31420293,-0.014564304,0.039510361,0.62611336,0.46189463,1.1811567,0
-0.78441482,-0.47019533,-0.59163147,-0.85955255,-0.37786573,-0.94572324,0
-0.78441482,-0.47019533,-0.59163147,-0.85955255,-0.37786573,-0.94572324,0
-0.079951171,-0.3994177,-0.0055711987,-0.85955255,-0.37786573,-0.94572324,0
0.48765106,3.1084989,1.1665493,1.1712654,0.042096764,0.31882569,0
-0.61147484,-0.37729969,7.1173152,-0.85955255,-0.37786573,-0.94572324,0
-0.56032119,-0.42595931,1.6624465,1.318524,0.40634961,0.57173548,0
0.08604411,-0.32864006,1.1665493,0.62062808,0.010225051,1.2908525,0
0.39008649,0.18007419,0.49032595,-0.85955255,-0.37786573,-0.94572324,0
0.83319226,0.59589281,-0.18589744,1.6370919,-0.37786573,1.1202145,0
-0.78441482,-0.47019533,-0.59163147,-0.85955255,-0.37786573,-0.94572324,0
-0.4202415,-0.44365372,0.12967348,0.74383582,-0.37786573,0.82464527,0
-0.78441482,-0.47019533,-0.59163147,-0.85955255,-0.37786573,-0.94572324,0
-0.22036963,-0.44807732,0.71573375,1.2843465,-0.37786573,0.70276103,0
-0.78441482,-0.47019533,-0.59163147,-0.85955255,-0.37786573,-0.94572324,0
0.11162093,-0.13842517,0.58048907,0.13201657,-0.37786573,1.0348956,0
2.10475,-0.43480652,-0.50146835,-0.85955255,-0.37786573,-0.94572324,0
-0.04759903,-0.26670963,1.2116309,0.54256838,-0.017794398,0.83378658,0
-0.78441482,-0.47019533,-0.59163147,-0.85955255,-0.37786573,-0.94572324,0
0.3631546,-0.08534194,-0.36622367,1.7856163,-0.37786573,1.2268632,0
-0.78441482,-0.47019533,-0.59163147,-0.85955255,-0.37786573,-0.94572324,0
0.59182157,-0.45250093,-0.050652758,-0.85955255,-0.37786573,-0.94572324,0
-0.18073402,-0.31536926,1.0313047,0.39446593,-0.022469794,1.278664,0
0.24238456,-0.29767485,0.58048907,0.55142922,0.096291845,1.1080261,0
0.84809796,-0.45250093,-0.50146835,-0.85955255,-0.37786573,-0.94572324,0
-0.035742224,-0.31979286,-0.230979,-0.85955255,-0.37786573,-0.94572324,0
-0.78441482,-0.47019533,-0.59163147,-0.85955255,-0.37786573,-0.94572324,0
-0.78441482,-0.47019533,-0.59163147,-0.85955255,-0.37786573,-0.94572324,0
-0.0093184852,-0.39057049,-0.14081588,0.61556475,0.75015583,1.1293559,0
0.042004546,-0.27555684,-0.230979,0.95185436,0.71746099,1.1506856,0
0.52406839,-0.31094565,-0.41130523,1.45439,2.4081105,1.2603814,0
-0.78441482,-0.47019533,-0.59163147,-0.85955255,-0.37786573,-0.94572324,0
-0.10603614,-0.28882764,-0.050652758,0.64678863,-0.37786573,1.0257543,0
-0.12517642,-0.41711211,0.17475504,-0.85955255,-0.37786573,-0.94572324,0
-0.78441482,-0.47019533,-0.59163147,-0.85955255,-0.37786573,-0.94572324,0
0.45021743,-0.18266119,-0.14081588,1.0020657,0.65500165,1.2664756,0
1.2397113,2.2724381,-0.45638679,1.6024925,-0.37786573,0.74542051,0
-0.15837547,-0.10745995,0.17475504,-0.85955255,-0.37786573,-0.94572324,0
1.5772915,-0.35518168,-0.45638679,-0.85955255,-0.37786573,-0.94572324,0
1.7592088,2.4184169,-0.41130523,0.9970024,1.5465535,0.74542051,0
1.423153,2.0645287,-0.45638679,1.2248523,1.1905649,0.52602889,0
0.11212908,-0.15169597,-0.230979,-0.85955255,-0.37786573,-0.94572324,0
0.64704041,0.45876114,-0.095734317,1.56072,-0.37786573,1.3700772,0
0.47359228,-0.45250093,-0.095734317,-0.85955255,-0.37786573,-0.94572324,0
-0.13042729,-0.43480652,0.2198366,-0.85955255,-0.37786573,-0.94572324,0
-0.78441482,-0.47019533,-0.59163147,-0.85955255,-0.37786573,-0.94572324,0
-0.010334783,-0.28440404,0.49032595,0.86198022,-0.37786573,0.8916816,0
0.39957193,0.35259468,-0.230979,0.53117589,-0.37786573,0.56868837,0
-0.78441482,-0.47019533,-0.59163147,-0.85955255,-0.37786573,-0.94572324,0
-0.78441482,-0.47019533,-0.59163147,-0.85955255,-0.37786573,-0.94572324,0
-0.78441482,-0.32421646,6.7115811,-0.85955255,-0.37786573,-0.94572324,0
0.120937,-0.29767485,-0.230979,1.970006,1.0683462,1.1171674,0
-0.089267233,-0.41268851,0.89605999,0.67759056,0.18591457,1.2420988,0
-0.78441482,-0.47019533,-0.59163147,-0.85955255,-0.37786573,-0.94572324,0
0.71716495,0.096025752,-0.14081588,1.2033332,-0.37786573,1.104979,0
-0.78441482,-0.47019533,-0.59163147,-0.85955255,-0.37786573,-0.94572324,0
-0.78441482,-0.47019533,-0.59163147,-0.85955255,-0.37786573,-0.94572324,0
0.11179032,-0.27555684,0.85097843,0.055644655,0.12901962,1.4188309,0
0.37568894,0.21988661,-0.27606055,0.86324606,1.9624333,1.1293559,0
-0.15075324,-0.34633447,0.49032595,0.86324606,1.9624333,0.34929675,0
0.96548034,2.0114455,-0.18589744,1.507555,-0.37786573,1.1842038,0
-0.78441482,-0.47019533,-0.59163147,-0.85955255,-0.37786573,-0.94572324,0
0.64551596,0.63128162,-0.45638679,1.5809733,-0.37786573,1.0440369,0
-0.07182079,-0.41711211,-0.18589744,-0.85955255,-0.37786573,-0.94572324,0
-0.78441482,-0.47019533,-0.59163147,-0.85955255,-0.37786573,-0.94572324,0
0.3343595,0.0075537073,-0.32114211,1.1349782,-0.37786573,0.96176503,0
-0.78441482,-0.47019533,-0.59163147,-0.85955255,-0.37786573,-0.94572324,0
0.063346796,-0.24901522,-0.0055711987,0.08349298,-0.37786573,1.2024864,0
-0.5035779,-0.42153571,0.30999972,0.63666197,-0.37786573,0.87949317,0
1.6154027,4.2896007,0.039510361,2.2096703,-0.37786573,0.85511633,0
2.3611958,-0.44365372,-0.54654991,-0.85955255,-0.37786573,-0.94572324,0
-0.78441482,-0.47019533,-0.59163147,-0.85955255,-0.37786573,-0.94572324,0
0.12517157,-0.2092028,-0.18589744,0.6303328,-0.37786573,1.2847583,0
-0.16040807,-0.35075807,-0.27606055,0.96873213,4.1331998,1.0044245,0
-0.78441482,-0.47019533,-0.59163147,-0.85955255,-0.37786573,-0.94572324,0
-0.52796905,-0.44807732,1.1214678,1.8881488,-0.37786573,0.39195623,0
0.79846876,1.3213636,0.85097843,0.21682738,0.055826623,0.77893868,0
-0.34435794,-0.31979286,0.71573375,-0.85955255,-0.37786573,-0.94572324,0
-0.14499422,-0.37729969,-0.230979,0.77632553,1.944917,1.1842038,0
1.8259457,2.5865138,-0.0055711987,2.0252807,-0.37786573,0.48641652,0
-0.19801108,-0.38614689,-0.18589744,0.57674587,-0.37786573,1.1202145,0
-0.78441482,-0.47019533,-0.59163147,-0.85955255,-0.37786573,-0.94572324,0
0.13431825,-0.34633447,0.89605999,-0.85955255,-0.37786573,-0.94572324,0
-0.0074552728,-0.3949941,0.35508128,0.66535418,-0.37786573,1.1811567,0
0.97953912,1.5336965,0.40016284,0.33201818,0.19233501,0.74846762,0
0.68972491,0.73302447,-0.27606055,-0.85955255,-0.37786573,-0.94572324,0
-0.78441482,-0.47019533,-0.59163147,-0.85955255,-0.37786573,-0.94572324,0
-0.15989992,-0.27113323,-0.0055711987,0.61556475,0.8357946,1.4462549,0
-0.78441482,-0.47019533,-0.59163147,-0.85955255,-0.37786573,-0.94572324,0
0.16988867,-0.13842517,-0.230979,0.69573417,1.1520423,1.0013774,0
-0.78441482,-0.47019533,-0.59163147,-0.85955255,-0.37786573,-0.94572324,0
-0.78441482,-0.47019533,-0.59163147,-0.85955255,-0.37786573,-0.94572324,0
0.23425418,-0.41268851,-0.230979,1.265359,-0.37786573,1.3731243,0
-0.78441482,-0.47019533,-0.59163147,-0.85955255,-0.37786573,-0.94572324,0
-0.78441482,-0.47019533,-0.59163147,-0.85955255,-0.37786573,-0.94572324,0
0.75087215,0.90554496,-0.27606055,1.0493235,-0.37786573,1.0440369,0
0.75087215,1.838925,-0.36622367,-0.85955255,-0.37786573,-0.94572324,0
0.43531173,-0.010140702,1.3468756,0.39151232,-0.37786573,0.55954706,0
-0.28338008,-0.35960528,0.53540751,0.60332837,0.85031466,0.93434108,0
-0.78441482,-0.47019533,-0.59163147,-0.85955255,-0.37786573,-0.94572324,0
1.4004557,1.4408008,0.039510361,1.4873017,-0.37786573,1.0958377,0
1.3157643,5.0327659,-0.41130523,0.89278216,-0.37786573,0.48336941,0
1.1914372,2.8784716,-0.14081588,-0.85955255,-0.37786573,-0.94572324,0
-0.12314382,-0.44807732,1.5272018,0.76577692,-0.37786573,1.6168928,0
-0.069449429,-0.33306367,-0.095734317,-0.85955255,-0.37786573,-0.94572324,0
0.0037240013,-0.4038413,-0.095734317,-0.85955255,-0.37786573,-0.94572324,0
-0.78441482,-0.47019533,-0.59163147,-0.85955255,-0.37786573,-0.94572324,0
-0.78441482,-0.47019533,-0.59163147,-0.85955255,-0.37786573,-0.94572324,0
0.38043166,0.85246174,0.30999972,0.2894018,-0.37786573,0.90691713,0
-0.78441482,-0.47019533,-0.59163147,-0.85955255,-0.37786573,-0.94572324,0
0.198345,-0.049953122,1.7075281,-0.36418993,-0.37786573,0.96176503,0
-0.098075146,-0.31979286,-0.0055711987,-0.85955255,-0.37786573,-0.94572324,0
-0.78441482,-0.47019533,-0.59163147,-0.85955255,-0.37786573,-0.94572324,0
0.18530251,-0.35075807,-0.45638679,0.72906777,-0.37786573,1.132403,0
-0.78441482,-0.47019533,-0.59163147,-0.85955255,-0.37786573,-0.94572324,0
0.047086034,-0.38614689,0.08459192,0.96240297,-0.37786573,1.6047044,0
-0.78441482,-0.47019533,-0.59163147,-0.85955255,-0.37786573,-0.94572324,0
-0.78441482,-0.47019533,-0.59163147,-0.85955255,-0.37786573,-0.94572324,0
0.15786248,0.15353258,-0.095734317,1.0792815,0.89068111,1.1537327,0
0.30810514,2.5201598,2.6091592,-0.85955255,-0.37786573,-0.94572324,0
1.0750711,5.0593075,0.17475504,0.4379262,-0.37786573,0.27616621,0
-0.15685103,-0.34191087,2.7894855,0.050159379,0.51460807,1.0501311,0
-0.3269115,-0.38172329,1.8427727,0.70543889,0.26246595,1.1141203,0
0.65398511,0.74629528,-0.095734317,1.1476365,-0.37786573,1.0775551,0
-0.78441482,-0.47019533,-0.59163147,-0.85955255,-0.37786573,-0.94572324,0
-0.78441482,-0.47019533,-0.59163147,-0.85955255,-0.37786573,-0.94572324,0
-0.062165963,-0.37729969,0.58048907,-0.85955255,-0.37786573,-0.94572324,0
0.12212268,-0.33306367,-0.50146835,-0.85955255,-0.37786573,-0.94572324,0
1.203294,1.5602381,-0.095734317,1.6303408,-0.37786573,0.72104367,0
-0.068602514,-0.14284877,3.5107904,0.86451189,0.56633375,0.82159816,0
-0.0022044017,-0.04552952,7.9738648,0.35649095,-0.37786573,0.50469915,0
2.7504378,-0.43923012,-0.36622367,-0.85955255,-0.37786573,-0.94572324,0
-0.27237019,-0.36402888,1.301794,-0.85955255,-0.37786573,-0.94572324,0
-0.065892387,-0.25786243,0.62557063,-0.85955255,-0.37786573,-0.94572324,0
-0.78441482,-0.47019533,-0.59163147,-0.85955255,-0.37786573,-0.94572324,0
-0.78441482,-0.47019533,-0.59163147,-0.85955255,-0.37786573,-0.94572324,0
-0.78441482,-0.47019533,-0.59163147,-0.85955255,-0.37786573,-0.94572324,0
-0.78441482,-0.47019533,-0.59163147,-0.85955255,-0.37786573,-0.94572324,0
-0.78441482,-0.47019533,-0.59163147,-0.85955255,-0.37786573,-0.94572324,0
0.88197455,-0.45250093,-0.50146835,-0.85955255,-0.37786573,-0.94572324,0
0.064532477,-0.3949941,0.039510361,0.7932033,1.958153,1.2634285,0
-0.21749012,-0.41711211,-0.27606055,-0.85955255,-0.37786573,-0.94572324,0
0.21443638,-0.0057170995,0.49032595,0.85143162,-0.37786573,1.1232616,0
-0.37281428,-0.37729969,0.49032595,0.44974064,0.51872374,1.0379427,0
-0.27812921,-0.3949941,-0.230979,1.8172621,1.7567817,0.78808,0
-0.78441482,-0.47019533,-0.59163147,-0.85955255,-0.37786573,-0.94572324,0
-0.5056105,-0.41711211,2.7894855,0.89868938,0.22407502,0.7393263,0
-0.78441482,-0.47019533,-0.59163147,-0.85955255,-0.37786573,-0.94572324,0
-0.78441482,-0.47019533,-0.59163147,-0.85955255,-0.37786573,-0.94572324,0
-0.18462983,-0.42153571,-0.32114211,0.89109438,1.8832808,1.1872509,0
0.2986197,0.020824514,0.40016284,-0.85955255,-0.37786573,-0.94572324,0
-0.78441482,-0.47019533,-0.59163147,-0.85955255,-0.37786573,-0.94572324,0
1.8549102,4.5373224,-0.095734317,0.85311939,-0.37786573,0.32796701,0
-0.78441482,-0.47019533,-0.59163147,-0.85955255,-0.37786573,-0.94572324,0
-0.34486609,-0.37287609,1.2116309,0.65100807,1.565288,0.71190235,0
-0.78441482,-0.47019533,-0.59163147,-0.85955255,-0.37786573,-0.94572324,0
-0.034556543,-0.16496678,0.67065219,1.3970056,0.50884614,1.0714608,0
0.10687821,0.0075537073,-0.27606055,0.6265353,-0.37786573,1.2542872,0
-0.78441482,-0.47019533,-0.59163147,-0.85955255,-0.37786573,-0.94572324,0
-0.78441482,-0.47019533,-0.59163147,-0.85955255,-0.37786573,-0.94572324,0
1.0293377,4.7275373,-0.45638679,1.1910968,-0.37786573,1.0044245,0
-0.26474796,-0.43480652,0.35508128,0.52822228,0.21795091,0.74542051,0
-0.11433591,-0.41268851,0.039510361,0.71134611,0.50308421,1.2055335,0
0.73579707,-0.45250093,0.039510361,-0.85955255,-0.37786573,-0.94572324,0
-0.78441482,-0.47019533,-0.59163147,-0.85955255,-0.37786573,-0.94572324,0
-0.43243707,-0.21805001,5.7197868,0.69573417,-0.37786573,0.92215265,0
0.20935489,-0.33306367,0.17475504,0.48476201,-0.37786573,0.95871792,0
-0.78441482,-0.47019533,-0.59163147,-0.85955255,-0.37786573,-0.94572324,0
-0.78441482,-0.47019533,-0.59163147,-0.85955255,-0.37786573,-0.94572324,0
-0.78441482,-0.47019533,-0.59163147,-0.85955255,-0.37786573,-0.94572324,0
0.064532477,-0.37287609,0.2198366,0.9826563,0.54888333,1.1781095,0
-0.78441482,-0.47019533,-0.59163147,-0.85955255,-0.37786573,-0.94572324,0
-0.78441482,-0.47019533,-0.59163147,-0.85955255,-0.37786573,-0.94572324,0
0.56912426,0.065060536,-0.27606055,1.6805522,-0.37786573,0.97395345,0
-0.78441482,-0.47019533,-0.59163147,-0.85955255,-0.37786573,-0.94572324,0
0.73901535,0.25527543,-0.45638679,-0.85955255,-0.37786573,-0.94572324,0
0.60520282,-0.45250093,-0.18589744,-0.85955255,-0.37786573,-0.94572324,0
0.53965162,0.53838598,-0.27606055,0.94003992,0.93015857,1.0105187,0
-0.16515079,-0.38172329,-0.0055711987,0.54510005,0.65816248,1.3609359,0
-0.78441482,-0.47019533,-0.59163147,-0.85955255,-0.37786573,-0.94572324,0
-0.29760825,0.034095321,1.0763862,0.95860547,0.50446707,1.0927906,0
0.16921113,0.17565059,0.12967348,0.8227394,0.53123536,1.1110732,0
0.9360077,4.7496553,-0.0055711987,1.3902545,-0.37786573,0.77589157,0
0.6868454,0.34817108,-0.095734317,1.1105054,-0.37786573,1.1384972,0
-0.78441482,-0.47019533,-0.59163147,-0.85955255,-0.37786573,-0.94572324,0
0.031333421,-0.32864006,-0.0055711987,1.3902545,-0.37786573,1.2725698,0
0.062838647,-0.28440404,-0.095734317,-0.85955255,-0.37786573,-0.94572324,0
-0.78441482,-0.47019533,-0.59163147,-0.85955255,-0.37786573,-0.94572324,0
-0.38788936,-0.3949941,2.5189961,0.77337192,0.058065545,0.91910555,0
0.18276177,-0.17823759,0.40016284,-0.85955255,-0.37786573,-0.94572324,0
-0.098244529,-0.43038291,0.67065219,-0.85955255,-0.37786573,-0.94572324,0
0.18259239,1.5602381,0.26491816,1.0316018,1.2018254,0.52602889,0
-0.15329398,-0.35960528,-0.095734317,-0.85955255,-0.37786573,-0.94572324,0
-0.78441482,-0.47019533,-0.59163147,-0.85955255,-0.37786573,-0.94572324,0
0.67549674,1.8521958,-0.18589744,-0.85955255,-0.37786573,-0.94572324,0
-0.78441482,-0.47019533,-0.59163147,-0.85955255,-0.37786573,-0.94572324,0
-0.78441482,-0.47019533,-0.59163147,-0.85955255,-0.37786573,-0.94572324,0
0.6590666,3.8118516,0.17475504,0.98856352,-0.37786573,0.6326776,0
-0.22782248,-0.35075807,0.26491816,0.98771963,0.33381512,1.1720153,0
0.53321507,0.15353258,-0.41130523,1.0307579,-0.37786573,1.01966,0
0.70429184,0.77283689,1.2567125,-0.85955255,-0.37786573,-0.94572324,0
1.7846162,-0.45250093,-0.54654991,-0.85955255,-0.37786573,-0.94572324,0
0.90246988,2.5467014,-0.14081588,0.91894271,-0.37786573,0.69666682,0
-0.45784451,-0.43480652,2.6993224,0.11345103,-0.12144331,1.2390517,0
1.8584672,1.2859748,-0.095734317,1.8071355,-0.37786573,0.81245684,0
-0.78441482,-0.47019533,-0.59163147,-0.85955255,-0.37786573,-0.94572324,0
-0.78441482,-0.47019533,-0.59163147,-0.85955255,-0.37786573,-0.94572324,0
-0.5194999,-0.45250093,-0.59163147,-0.85955255,-0.37786573,-0.94572324,0
0.27422856,-0.17381398,-0.36622367,0.87674828,-0.37786573,0.76065604,0
0.36196892,0.3791363,-0.41130523,-0.85955255,-0.37786573,-0.94572324,0
-0.057253857,-0.38614689,0.85097843,1.3885667,-0.37786573,0.80331553,0
0.34570816,0.15353258,0.44524439,0.82020774,-0.37786573,1.2634285,0
0.092311279,-0.37287609,-0.36622367,0.91894271,2.26854,1.5163383,0
-0.78441482,-0.47019533,-0.59163147,-0.85955255,-0.37786573,-0.94572324,0
-0.78441482,-0.47019533,-0.59163147,-0.85955255,-0.37786573,-0.94572324,0
-0.78441482,-0.47019533,-0.59163147,-0.85955255,-0.37786573,-0.94572324,0
-0.25881956,-0.43038291,1.5272018,0.1484724,-0.051279452,1.1659211,0
-0.3099732,-0.31979286,0.2198366,0.80712747,0.61990325,0.96176503,0
0.42853642,4.2851771,-0.27606055,-0.85955255,-0.37786573,-0.94572324,0
0.50086293,0.18007419,0.17475504,-0.85955255,-0.37786573,-0.94572324,0
0.38585191,-0.13842517,-0.45638679,-0.85955255,-0.37786573,-0.94572324,0
-0.78441482,-0.47019533,-0.59163147,-0.85955255,-0.37786573,-0.94572324,0
-0.18446045,-0.36845248,0.67065219,1.6543916,0.55800365,0.76979736,0
-0.78441482,-0.47019533,-0.59163147,-0.85955255,-0.37786573,-0.94572324,0
2.2449991,-0.45250093,-0.45638679,-0.85955255,-0.37786573,-0.94572324,0
-0.033879011,-0.43480652,-0.41130523,1.3147265,4.4716721,1.6961175,0
-0.78441482,-0.45250093,2.4739146,-0.85955255,-0.37786573,-0.94572324,0
0.13719776,-0.08534194,0.67065219,0.63328641,0.34412075,1.0288014,0
0.78288553,2.6926803,-0.050652758,-0.85955255,-0.37786573,-0.94572324,0
-0.78441482,-0.43480652,0.89605999,-0.85955255,-0.37786573,-0.94572324,0
-0.78441482,-0.47019533,-0.59163147,-0.85955255,-0.37786573,-0.94572324,0
-0.48104997,-0.45250093,-0.0055711987,0.1780085,2.0405651,0.5839239,0
-0.23544471,-0.45250093,-0.050652758,-0.85955255,-0.37786573,-0.94572324,0
1.182968,2.4405349,0.35508128,0.77716942,0.60218943,0.57782969,0
-0.57573504,-0.44365372,2.2935883,0.021045222,-0.37786573,0.75760894,0
-0.78441482,-0.47019533,-0.59163147,-0.85955255,-0.37786573,-0.94572324,0
-0.78441482,-0.47019533,-0.59163147,-0.85955255,-0.37786573,-0.94572324,0
-0.21732074,-0.45250093,-0.36622367,2.1176865,-0.37786573,0.44680414,0
-0.78441482,-0.47019533,-0.59163147,-0.85955255,-0.37786573,-0.94572324,0
-0.40347259,-0.44807732,-0.18589744,-0.12241584,-0.37786573,0.66619576,0
-0.27067636,-0.45250093,-0.18589744,1.0400407,-0.37786573,0.96481214,0
-0.38467108,-0.43480652,1.8878543,0.79573497,-0.37786573,0.87035185,0
0.054708266,-0.195932,1.1665493,1.1826579,0.31086617,0.92824687,0
-0.78441482,-0.47019533,-0.59163147,-0.85955255,-0.37786573,-0.94572324,0
-0.25424622,-0.38614689,-0.18589744,0.2856043,-0.37786573,1.0044245,0
-0.78441482,-0.47019533,-0.59163147,-0.85955255,-0.37786573,-0.94572324,0
-0.78441482,-0.47019533,-0.59163147,-0.85955255,-0.37786573,-0.94572324,0
1.4197654,1.7902654,-0.32114211,0.80206413,1.0883977,0.73323209,0
-0.78441482,-0.47019533,-0.59163147,-0.85955255,-0.37786573,-0.94572324,0
0.11873502,0.34817108,0.49032595,1.3704231,1.1905649,0.89777581,0
-0.78441482,-0.47019533,-0.59163147,-0.85955255,-0.37786573,-0.94572324,0
0.099086597,-0.098612747,-0.41130523,0.47885479,-0.37786573,0.8398808,0
0.64382213,0.40567791,-0.14081588,0.51978339,-0.37786573,0.90996423,0
0.12940614,-0.28440404,0.49032595,0.53455144,-0.37786573,1.3213235,0
-0.28490453,-0.35075807,-0.0055711987,-0.85955255,-0.37786573,-0.94572324,0
0.73427262,-0.0012934972,-0.14081588,0.38349538,1.4300637,1.4889143,0
0.37738277,0.13583817,-0.18589744,0.84805606,-0.37786573,1.2085806,0
-0.17683821,-0.076494735,0.62557063,1.1024885,-0.37786573,0.70885524,0
-0.78441482,-0.47019533,-0.59163147,-0.85955255,-0.37786573,-0.94572324,0
-0.15193892,-0.22247361,0.08459192,1.0856107,-0.37786573,1.0623195,0
-0.78441482,-0.47019533,-0.59163147,-0.85955255,-0.37786573,-0.94572324,0
-0.19292959,-0.43923012,0.08459192,0.99489268,0.78999547,1.1263087,0
-0.78441482,-0.47019533,-0.59163147,-0.85955255,-0.37786573,-0.94572324,0
-0.23171829,-0.3994177,0.44524439,1.5784417,-0.37786573,0.97090635,0
-0.27863736,-0.44807732,0.08459192,-0.85955255,-0.37786573,-0.94572324,0
0.10755574,-0.45250093,-0.41130523,1.8219035,-0.37786573,1.0623195,0
-0.78441482,-0.47019533,-0.59163147,-0.85955255,-0.37786573,-0.94572324,0
-0.78441482,-0.47019533,-0.59163147,-0.85955255,-0.37786573,-0.94572324,0
-0.27914551,-0.32864006,0.039510361,1.0168338,0.78541885,1.0501311,0
1.0662632,1.3257872,-0.230979,1.3189459,-0.37786573,0.65096023,0
-0.41634569,-0.3994177,-0.14081588,0.28138486,-0.37786573,1.2146748,0
0.214267,-0.24459162,0.039510361,-0.85955255,-0.37786573,-0.94572324,0
-0.78441482,-0.47019533,-0.59163147,-0.85955255,-0.37786573,-0.94572324,0
0.40854923,-0.45250093,-0.230979,-0.85955255,-0.37786573,-0.94572324,0
-0.28253317,-0.39057049,-0.0055711987,0.63919363,1.2283961,1.1506856,0
-0.78441482,-0.47019533,-0.59163147,-0.85955255,-0.37786573,-0.94572324,0
-0.35401277,-0.45250093,-0.230979,0.35016178,2.7769399,0.89777581,0
-0.78441482,-0.47019533,-0.59163147,-0.85955255,-0.37786573,-0.94572324,0
-0.12670086,-0.31979286,0.71573375,0.2894018,-0.37786573,0.92519976,0
-0.78441482,-0.47019533,-0.59163147,-0.85955255,-0.37786573,-0.94572324,0
-0.78441482,-0.47019533,-0.59163147,-0.85955255,-0.37786573,-0.94572324,0
-0.78441482,-0.47019533,-0.59163147,-0.85955255,-0.37786573,-0.94572324,0
0.11873502,0.42337232,-0.18589744,0.49573257,-0.37786573,0.64791313,0
0.74731511,0.99401701,-0.14081588,0.2007935,-0.37786573,0.4285215,0
-0.11924801,-0.18266119,0.26491816,0.53919283,-0.37786573,1.278664,0
0.3333432,0.056213332,-0.36622367,0.66071279,-0.37786573,1.9490273,0
-0.78441482,-0.47019533,-0.59163147,-0.85955255,-0.37786573,-0.94572324,0
1.3884295,3.8560877,-0.18589744,1.2586079,-0.37786573,0.56564127,0
-0.78441482,-0.47019533,-0.59163147,-0.85955255,-0.37786573,-0.94572324,0
0.1993613,-0.45250093,-0.27606055,0.67421501,1.958153,0.94043529,0
-0.12687025,-0.31979286,-0.36622367,-0.85955255,-0.37786573,-0.94572324,0
-0.78441482,-0.47019533,-0.59163147,-0.85955255,-0.37786573,-0.94572324,0
-0.78441482,-0.47019533,-0.59163147,-0.85955255,-0.37786573,-0.94572324,0
0.036584292,-0.25343882,-0.59163147,0.97674908,-0.37786573,0.19694146,0
1.9814392,4.5815584,-0.32114211,1.3294945,-0.37786573,0.41328597,0
-0.78441482,-0.47019533,-0.59163147,-0.85955255,-0.37786573,-0.94572324,0
0.28168141,-0.25343882,-0.36622367,-0.85955255,-0.37786573,-0.94572324,0
0.83691868,4.1878578,0.44524439,0.76408915,-0.37786573,0.529076,0
-0.78441482,-0.47019533,-0.59163147,-0.85955255,-0.37786573,-0.94572324,0
0.52457654,0.1977686,0.40016284,0.8493219,-0.37786573,0.70276103,0
-0.15447966,-0.28882764,0.76081531,0.87421661,0.40002795,1.3304648,0
-0.11382776,-0.34191087,0.039510361,1.1176785,-0.37786573,0.64486602,0
0.43954631,0.12256737,-0.050652758,1.0130363,0.89627841,1.0227071,0
-0.78441482,-0.47019533,-0.59163147,-0.85955255,-0.37786573,-0.94572324,0
-0.78441482,-0.47019533,-0.59163147,-0.85955255,-0.37786573,-0.94572324,0
0.58640132,1.4629188,0.71573375,-0.85955255,-0.37786573,-0.94572324,0
-0.78441482,-0.47019533,-0.59163147,-0.85955255,-0.37786573,-0.94572324,0
0.299636,0.60031641,0.58048907,1.2970048,-0.37786573,0.92519976,0
-0.78441482,-0.43923012,0.71573375,-0.85955255,-0.37786573,-0.94572324,0
1.2342911,2.5024654,-0.32114211,1.1261174,0.19579217,0.43461572,0
0.093666343,-0.13842517,0.76081531,0.46872813,-0.37786573,1.1659211,0
3.9083395,-0.44807732,-0.45638679,-0.85955255,-0.37786573,-0.94572324,0
0.24644975,-0.41268851,-0.50146835,1.3143045,5.6511231,1.7601068,0
-0.78441482,-0.47019533,-0.59163147,-0.85955255,-0.37786573,-0.94572324,0
0.18005164,0.1844978,0.2198366,0.96240297,-0.37786573,1.4066425,0
0.44767669,0.096025752,-0.36622367,-0.85955255,-0.37786573,-0.94572324,0
0.056910245,-0.054376724,0.08459192,1.6375139,-0.37786573,0.8947287,0
0.16582348,-0.041105917,1.1214678,1.4919431,-0.37786573,1.0897435,0
-0.15989992,-0.29767485,0.98622311,-0.85955255,-0.37786573,-0.94572324,0
0.55930005,2.6926803,-0.050652758,1.5645175,-0.37786573,0.55345284,0
-0.24950349,-0.3994177,0.89605999,0.64889835,0.14235437,1.2146748,0
-0.78441482,-0.47019533,-0.59163147,-0.85955255,-0.37786573,-0.94572324,0
0.38856204,-0.2136264,-0.36622367,0.74678943,2.4914115,1.1750624,0
-0.78441482,-0.47019533,-0.59163147,-0.85955255,-0.37786573,-0.94572324,0
0.29997476,0.46760834,0.2198366,1.0269604,-0.37786573,1.5620449,0
-0.41109482,-0.43923012,0.71573375,1.3581867,0.77366451,0.43461572,0
-0.78441482,-0.47019533,-0.59163147,-0.85955255,-0.37786573,-0.94572324,0
-0.78441482,-0.47019533,-0.59163147,-0.85955255,-0.37786573,-0.94572324,0
0.36434028,-0.023411508,-0.27606055,0.88518716,0.82143915,1.1963922,0
-0.78441482,-0.18708479,7.8837017,-0.85955255,-0.37786573,-0.94572324,0
-0.78441482,-0.47019533,-0.59163147,-0.85955255,-0.37786573,-0.94572324,0
-0.42701682,-0.44807732,-0.32114211,0.4969984,3.4297503,1.0562253,0
-0.78441482,-0.47019533,-0.59163147,-0.85955255,-0.37786573,-0.94572324,0
-0.78441482,-0.47019533,-0.59163147,-0.85955255,-0.37786573,-0.94572324,0
-0.062335345,-0.12073076,-0.32114211,0.58096532,3.0193362,1.2634285,0
0.41566331,0.12256737,0.89605999,-0.85955255,-0.37786573,-0.94572324,0
0.19580426,-0.16939038,0.30999972,0.537927,-0.37786573,1.0135658,0
-0.78441482,-0.47019533,-0.59163147,-0.85955255,-0.37786573,-0.94572324,0
0.30251551,0.0075537073,-0.41130523,-0.85955255,-0.37786573,-0.94572324,0
-0.54948068,-0.41711211,3.6460351,0.36282011,0.61888257,0.88558738,0
-0.22223284,-0.41711211,-0.095734317,-0.85955255,-0.37786573,-0.94572324,0
-0.78441482,-0.47019533,-0.59163147,-0.85955255,-0.37786573,-0.94572324,0
-0.78441482,-0.47019533,-0.59163147,-0.85955255,-0.37786573,-0.94572324,0
-0.78441482,-0.47019533,-0.59163147,-0.85955255,-0.37786573,-0.94572324,0
-0.78441482,-0.47019533,-0.59163147,-0.85955255,-0.37786573,-0.94572324,0
-0.27541908,-0.43480652,1.1665493,0.84341468,0.10244888,1.2360046,0
0.48578785,0.90554496,-0.0055711987,0.98307824,0.18812057,1.1994393,0
0.24983741,-0.45250093,0.62557063,-0.85955255,-0.37786573,-0.94572324,0
-0.78441482,-0.47019533,-0.59163147,-0.85955255,-0.37786573,-0.94572324,0
0.10569253,-0.34633447,-0.14081588,-0.85955255,-0.37786573,-0.94572324,0
-0.78441482,-0.47019533,-0.59163147,-0.85955255,-0.37786573,-0.94572324,0
-0.78441482,-0.47019533,-0.59163147,-0.85955255,-0.37786573,-0.94572324,0
0.59622553,-0.076494735,-0.27606055,1.6565014,1.0369354,0.87035185,0
-0.039976797,-0.33306367,-0.0055711987,0.50881284,1.2684663,1.0806022,0
-0.066569919,-0.3949941,0.30999972,0.024842721,0.51961272,1.0836493,0
-0.24357509,-0.43923012,0.67065219,0.42231426,-0.37786573,1.5254796,0
0.23594801,0.32605307,-0.095734317,1.1425732,0.9588036,1.1506856,0
0.61705963,2.8475063,-0.230979,0.7826547,1.0394048,0.19389435,0
0.11416168,0.3791363,-0.095734317,0.67759056,0.57370903,1.306088,0
0.23069714,0.27739344,-0.095734317,1.0792815,0.95995599,1.1750624,0
0.42887518,-0.0012934972,-0.45638679,-0.85955255,-0.37786573,-0.94572324,0
0.12195329,-0.067647531,0.85097843,-0.85955255,-0.37786573,-0.94572324,0
0.018799083,0.016400912,1.3468756,0.87041911,0.13748142,1.2024864,0
-0.23561409,-0.31094565,0.17475504,-0.85955255,-0.37786573,-0.94572324,0
0.078252495,-0.14284877,-0.32114211,0.60290642,2.445777,1.1384972,0
0.14532814,-0.067647531,0.40016284,1.5847708,-0.37786573,1.1476385,0
-0.78441482,-0.47019533,-0.59163147,-0.85955255,-0.37786573,-0.94572324,0
-0.78441482,-0.47019533,-0.59163147,-0.85955255,-0.37786573,-0.94572324,0
-0.78441482,-0.47019533,-0.59163147,-0.85955255,-0.37786573,-0.94572324,0
-0.78441482,-0.47019533,-0.59163147,-0.85955255,-0.37786573,-0.94572324,0
-0.33504188,-0.4038413,0.12967348,0.3522715,-0.37786573,0.87035185,0
0.77560206,2.1485772,-0.27606055,0.47083785,-0.37786573,0.70885524,0
-0.78441482,-0.47019533,-0.59163147,-0.85955255,-0.37786573,-0.94572324,0
2.3132604,-0.45250093,-0.36622367,-0.85955255,-0.37786573,-0.94572324,0
-0.075039066,-0.43923012,0.26491816,-0.85955255,-0.37786573,-0.94572324,0
-0.13212112,-0.44365372,0.53540751,1.7155736,-0.37786573,0.49555783,0
-0.78441482,-0.47019533,-0.59163147,-0.85955255,-0.37786573,-0.94572324,0
-0.78441482,-0.47019533,-0.59163147,-0.85955255,-0.37786573,-0.94572324,0
-0.78441482,-0.47019533,-0.59163147,-0.85955255,-0.37786573,-0.94572324,0
-0.2554319,-0.42595931,0.2198366,0.64130335,1.1084163,1.1994393,0
0.42633444,0.020824514,-0.41130523,0.75016498,-0.37786573,1.0044245,0
-0.78441482,-0.47019533,-0.59163147,-0.85955255,-0.37786573,-0.94572324,0
0.85080809,0.20219221,-0.0055711987,1.4982722,-0.37786573,1.1293559,0
-0.78441482,-0.47019533,-0.59163147,-0.85955255,-0.37786573,-0.94572324,0
0.5855544,0.75071888,-0.27606055,0.72484833,-0.37786573,1.0166129,0
-0.28964725,-0.43923012,0.35508128,2.7134718,-0.37786573,0.51688757,0
0.0086361065,-0.27113323,0.30999972,0.94510325,0.23385384,1.565092,0
0.44598286,0.016400912,0.35508128,1.4071323,1.2630994,1.0866964,0
-0.2533993,-0.39057049,0.26491816,-0.85955255,-0.37786573,-0.94572324,0
-0.78441482,-0.47019533,-0.59163147,-0.85955255,-0.37786573,-0.94572324,0
0.13838344,0.56050399,-0.0055711987,-0.85955255,-0.37786573,-0.94572324,0
-0.016601952,-0.24901522,0.2198366,0.92780354,0.39683419,1.0927906,0
0.15786248,-0.37729969,0.26491816,-0.85955255,-0.37786573,-0.94572324,0
0.15210346,-0.30209845,0.08459192,0.71387777,0.61842161,1.2664756,0
-0.2345978,-0.26670963,3.8263613,-0.11988418,-0.12091651,1.1110732,0
0.026760081,0.1844978,0.35508128,1.1008007,1.3738273,1.0958377,0
-0.048445944,-0.27555684,4.0066876,1.522745,0.21307797,0.76675026,0
0.025235635,-0.26228603,0.44524439,1.0539649,-0.37786573,1.3030409,0
0.015072658,-0.35075807,-0.41130523,-0.85955255,-0.37786573,-0.94572324,0
-0.78441482,-0.47019533,-0.59163147,-0.85955255,-0.37786573,-0.94572324,0
0.3482489,-0.31979286,0.2198366,1.6708475,-0.37786573,0.87949317,0
2.1750439,-0.35518168,-0.50146835,2.3649458,-0.37786573,0.38890913,0
-0.78441482,-0.47019533,-0.59163147,-0.85955255,-0.37786573,-0.94572324,0
-0.78441482,-0.47019533,-0.59163147,-0.85955255,-0.37786573,-0.94572324,0
-0.27779045,-0.3994177,1.6624465,0.95101047,0.12368571,0.93738818,0
-0.47427466,-0.45250093,1.301794,0.11556075,-0.37786573,0.71190235,0
-0.78441482,-0.47019533,-0.59163147,-0.85955255,-0.37786573,-0.94572324,0
0.92279584,3.6039423,0.30999972,1.0299141,-0.37786573,0.4803223,0
-0.78441482,-0.47019533,-0.59163147,-0.85955255,-0.37786573,-0.94572324,0
-0.78441482,-0.47019533,-0.59163147,-0.85955255,-0.37786573,-0.94572324,0
1.4450034,5.0548839,0.08459192,1.4982722,-0.37786573,0.64791313,0
-0.78441482,-0.47019533,-0.59163147,-0.85955255,-0.37786573,-0.94572324,0
0.14227925,-0.45250093,-0.41130523,-0.85955255,-0.37786573,-0.94572324,0
0.084689047,-0.058800326,0.62557063,-0.85955255,-0.37786573,-0.94572324,0
0.11721057,-0.23132081,0.12967348,1.0451041,0.27003877,1.0775551,0
-0.78441482,-0.47019533,-0.59163147,-0.85955255,-0.37786573,-0.94572324,0
-0.042517541,-0.41711211,0.039510361,-0.85955255,-0.37786573,-0.94572324,0
0.025235635,-0.4082649,-0.41130523,-0.85955255,-0.37786573,-0.94572324,0
0.63907941,0.88785055,-0.27606055,1.113881,1.3327694,1.1842038,0
0.15904816,0.14468538,0.85097843,0.32779873,-0.37786573,0.94043529,0
-0.78441482,-0.47019533,-0.59163147,-0.85955255,-0.37786573,-0.94572324,0
0.50492812,0.1889214,1.1214678,1.0864546,0.81087013,0.97395345,0
3.3734282,-0.44807732,-0.50146835,-0.85955255,-0.37786573,-0.94572324,0
-0.78441482,-0.47019533,-0.59163147,-0.85955255,-0.37786573,-0.94572324,0
-0.017957015,-0.13842517,0.67065219,0.83877329,0.53561443,1.0348956,0
-0.23984867,-0.38172329,-0.18589744,1.3324481,1.0614648,1.0074716,0
0.72885237,0.67551765,0.08459192,1.6130411,-0.37786573,1.248193,0
0.31437231,0.43221952,0.17475504,-0.85955255,-0.37786573,-0.94572324,0
0.90856767,4.886787,-0.41130523,-0.85955255,-0.37786573,-0.94572324,0
-0.20783529,-0.30209845,0.17475504,0.51134451,1.7510527,0.81550395,0
0.12957553,-0.36845248,-0.36622367,1.1953162,-0.37786573,1.2603814,0
0.085027813,0.26854624,-0.14081588,0.64003752,-0.37786573,0.86121054,0
-0.78441482,-0.47019533,-0.59163147,-0.85955255,-0.37786573,-0.94572324,0
-0.098752678,-0.37287609,0.12967348,0.7493211,0.65078721,1.2999938,0
-0.016263186,-0.18266119,0.85097843,1.0586063,-0.070573691,1.4249251,0
-0.78441482,-0.47019533,-0.59163147,-0.85955255,-0.37786573,-0.94572324,0
-0.78441482,-0.47019533,-0.59163147,-0.85955255,-0.37786573,-0.94572324,0
-0.12788654,-0.42595931,-0.27606055,-0.85955255,-0.37786573,-0.94572324,0
-0.26627241,-0.41711211,-0.18589744,0.99826824,-0.37786573,1.3426533,0
-0.30489172,-0.44807732,0.039510361,-0.85955255,-0.37786573,-0.94572324,0
-0.78441482,-0.47019533,-0.59163147,-0.85955255,-0.37786573,-0.94572324,0
-0.78441482,-0.47019533,-0.59163147,-0.85955255,-0.37786573,-0.94572324,0
-0.78441482,-0.47019533,-0.59163147,-0.85955255,-0.37786573,-0.94572324,0
0.36992992,-0.24016802,-0.27606055,0.75902581,-0.37786573,0.76370315,0
0.018121551,-0.41268851,0.40016284,1.2919415,0.25028358,1.2177219,0
0.73952349,1.6575573,0.039510361,2.3746506,-0.37786573,1.01966,0
0.26372681,-0.089765542,-0.18589744,0.80332997,-0.37786573,1.3152293,0
-0.2186758,-0.3994177,0.98622311,-0.85955255,-0.37786573,-0.94572324,0
1.0537288,2.4582293,0.40016284,0.32062568,-0.37786573,0.38586202,0
-0.0030513164,-0.24901522,0.40016284,0.67759056,-0.37786573,1.0409898,0
1.4304365,-0.41711211,-0.50146835,-0.85955255,-0.37786573,-0.94572324,0
0.2628799,-0.44807732,-0.32114211,-0.85955255,-0.37786573,-0.94572324,0
-0.53118732,-0.45250093,-0.0055711987,1.0121924,3.0434375,0.78198578,0
0.37772153,0.020824514,-0.14081588,0.60712586,-0.37786573,0.71494946,0
-0.78441482,-0.47019533,-0.59163147,-0.85955255,-0.37786573,-0.94572324,0
-0.78441482,-0.47019533,-0.59163147,-0.85955255,-0.37786573,-0.94572324,0
-0.058778304,-0.41268851,-0.36622367,1.0320238,2.3734401,1.0501311,0
-0.78441482,-0.47019533,-0.59163147,-0.85955255,-0.37786573,-0.94572324,0
0.12805108,-0.18708479,-0.32114211,0.60290642,1.9459706,0.81855105,0
-0.18158094,-0.38172329,0.89605999,0.61598669,0.088422693,1.0592724,0
0.5924991,0.029671718,-0.27606055,1.0569185,0.96390703,0.6357247,0
0.42531814,0.17565059,-0.0055711987,1.0375091,-0.37786573,1.3792185,0
-0.78441482,-0.47019533,-0.59163147,-0.85955255,-0.37786573,-0.94572324,0
-0.062674111,-0.29767485,-0.45638679,0.68602945,3.4006443,0.3218728,0
-0.78441482,-0.47019533,-0.59163147,-0.85955255,-0.37786573,-0.94572324,0
0.24119888,3.0642629,-0.230979,1.0763279,-0.37786573,1.1354501,0
0.1348264,-0.36402888,-0.36622367,0.94046187,2.8835521,1.5285267,0
0.2469579,0.025248116,0.26491816,1.0889863,0.39084178,1.4066425,0
-0.15989992,-0.22689721,-0.36622367,0.26113153,-0.37786573,1.3213235,0
1.2200629,-0.43923012,-0.50146835,-0.85955255,-0.37786573,-0.94572324,0
1.7776715,4.1568926,-0.45638679,1.2417301,-0.37786573,0.28530753,0
-0.78441482,-0.47019533,-0.59163147,-0.85955255,-0.37786573,-0.94572324,0
-0.78441482,-0.47019533,-0.59163147,-0.85955255,-0.37786573,-0.94572324,0
0.0094830212,-0.21805001,0.58048907,0.68265389,-0.37786573,0.96176503,0
-0.78441482,-0.47019533,-0.59163147,-0.85955255,-0.37786573,-0.94572324,0
-0.53034041,-0.45250093,0.039510361,-0.18359777,-0.37786573,0.95871792,0
-0.78441482,-0.47019533,-0.59163147,-0.85955255,-0.37786573,-0.94572324,0
0.54947583,-0.44807732,-0.41130523,-0.85955255,-0.37786573,-0.94572324,0
0.2698246,0.087178548,0.67065219,1.3999592,0.027576696,0.96785924,0
-0.78441482,-0.47019533,-0.59163147,-0.85955255,-0.37786573,-0.94572324,0
-0.78441482,-0.47019533,-0.59163147,-0.85955255,-0.37786573,-0.94572324,0
-0.78441482,-0.47019533,-0.59163147,-0.85955255,-0.37786573,-0.94572324,0
-0.29269614,-0.39057049,0.40016284,1.264937,0.45837162,0.97090635,0
0.2777856,-0.15169597,0.12967348,0.49066924,0.74831201,1.1232616,0
-0.78441482,-0.47019533,-0.59163147,-0.85955255,-0.37786573,-0.94572324,0
0.049457395,-0.27555684,-0.230979,0.99615851,2.5460676,0.67838418,0
-0.18039525,-0.32421646,0.62557063,0.1379238,1.0300211,1.0775551,0
-0.78441482,-0.47019533,-0.59163147,-0.85955255,-0.37786573,-0.94572324,0
-0.78441482,-0.47019533,-0.59163147,-0.85955255,-0.37786573,-0.94572324,0
-0.1680303,-0.44365372,1.3919571,-0.85955255,-0.37786573,-0.94572324,0
-0.78441482,-0.47019533,-0.59163147,-0.85955255,-0.37786573,-0.94572324,0
-0.78441482,-0.47019533,-0.59163147,-0.85955255,-0.37786573,-0.94572324,0
0.32097825,0.029671718,0.71573375,0.55016338,0.50430245,1.1689682,0
-0.11535221,-0.44807732,-0.0055711987,0.48349618,-0.37786573,1.1994393,0
-0.78441482,-0.47019533,-0.59163147,-0.85955255,-0.37786573,-0.94572324,0
1.3962212,-0.45250093,-0.54654991,-0.85955255,-0.37786573,-0.94572324,0
-0.15871424,-0.14284877,1.4821203,0.72611416,-0.37786573,0.67838418,0
-0.78441482,-0.47019533,-0.59163147,-0.85955255,-0.37786573,-0.94572324,0
0.44039322,-0.04552952,0.26491816,-0.85955255,-0.37786573,-0.94572324,0
-0.78441482,-0.47019533,-0.59163147,-0.85955255,-0.37786573,-0.94572324,0
1.4714272,1.6133213,-0.230979,1.1126151,0.85317917,0.83378658,0
-0.016263186,-0.45250093,-0.18589744,-0.85955255,-0.37786573,-0.94572324,0
0.38449685,0.038518923,-0.41130523,1.5337156,2.0761903,1.0745079,0
-0.78441482,-0.47019533,-0.59163147,-0.85955255,-0.37786573,-0.94572324,0
-0.78441482,-0.47019533,-0.59163147,-0.85955255,-0.37786573,-0.94572324,0
0.48646538,0.12699097,0.89605999,1.1185224,0.17659671,1.1933451,0
-0.30014899,-0.35075807,0.44524439,0.41640704,0.16569843,1.4584433,0
0.7652697,5.0460367,-0.14081588,-0.85955255,-0.37786573,-0.94572324,0
0.12347774,0.16680339,0.89605999,0.90206493,0.1269124,1.3152293,0
-0.094518104,0.078331343,1.1665493,0.43539453,0.04275527,1.3822656,0
0.98411246,1.1798083,0.039510361,0.76788664,-0.37786573,0.60525364,0
-0.44073683,-0.44807732,0.76081531,0.49446673,0.33190546,1.0348956,0
0.10857204,-0.24016802,0.08459192,-0.85955255,-0.37786573,-0.94572324,0
-0.78441482,-0.47019533,-0.59163147,-0.85955255,-0.37786573,-0.94572324,0
-0.78441482,-0.47019533,-0.59163147,-0.85955255,-0.37786573,-0.94572324,0
-0.2117311,-0.195932,0.30999972,-0.03211976,-0.37786573,1.3121822,0
0.32199455,0.3791363,0.40016284,0.26703875,-0.37786573,0.97090635,0
0.69091059,0.54723318,-0.36622367,0.80501774,-0.37786573,0.93129397,0
-0.78441482,-0.47019533,-0.59163147,-0.85955255,-0.37786573,-0.94572324,0
-0.78441482,-0.47019533,-0.59163147,-0.85955255,-0.37786573,-0.94572324,0
-0.78441482,-0.47019533,-0.59163147,-0.85955255,-0.37786573,-0.94572324,0
-0.78441482,-0.47019533,-0.59163147,-0.85955255,-0.37786573,-0.94572324,0
-0.78441482,-0.47019533,-0.59163147,-0.85955255,-0.37786573,-0.94572324,0
-0.78441482,-0.47019533,-0.59163147,-0.85955255,-0.37786573,-0.94572324,0
-0.1343231,-0.45250093,-0.230979,0.44552119,1.9527532,0.70885524,0
2.1091539,-0.44807732,-0.50146835,-0.85955255,-0.37786573,-0.94572324,0
-0.78441482,-0.47019533,-0.59163147,-0.85955255,-0.37786573,-0.94572324,0
0.019815381,-0.31979286,-0.32114211,0.66788584,1.6992612,1.4675846,0
0.11805749,-0.14727237,0.62557063,0.53877089,0.31083325,1.2085806,0
0.19072277,-0.2092028,-0.230979,1.9615671,-0.37786573,1.0044245,0
0.283714,-0.072071133,0.85097843,1.2974267,-0.37786573,0.91605844,0
-0.78441482,-0.47019533,-0.59163147,-0.85955255,-0.37786573,-0.94572324,0
-0.78441482,-0.47019533,-0.59163147,-0.85955255,-0.37786573,-0.94572324,0
-0.78441482,-0.47019533,-0.59163147,-0.85955255,-0.37786573,-0.94572324,0
0.52423778,0.55165678,-0.095734317,0.91725493,1.0279797,0.71799656,0
-0.78441482,-0.47019533,-0.59163147,-0.85955255,-0.37786573,-0.94572324,0
0.17683337,-0.14727237,0.08459192,0.32864262,-0.37786573,0.97090635,0
-0.062843494,0.029671718,0.49032595,0.7932033,0.61503031,0.91910555,0
-0.24713213,-0.35518168,-0.59163147,2.1788684,-0.37786573,0.19084725,0
-0.78441482,-0.47019533,-0.59163147,-0.85955255,-0.37786573,-0.94572324,0
0.52779482,0.48087915,-0.14081588,0.76619887,2.3084455,1.0288014,0
-0.78441482,-0.47019533,-0.59163147,-0.85955255,-0.37786573,-0.94572324,0
-0.28338008,-0.35960528,0.17475504,0.2007935,0.4691382,1.1567798,0
-0.39889925,-0.43480652,0.58048907,0.46999396,0.55513914,1.3517946,0
0.052675671,-0.26670963,1.0313047,-0.15954694,-0.37786573,0.61134786,0
-0.78441482,-0.47019533,-0.59163147,-0.85955255,-0.37786573,-0.94572324,0
1.5281705,0.37471269,-0.0055711987,2.4493347,0.39693297,1.2847583,0
-0.78441482,-0.47019533,-0.59163147,-0.85955255,-0.37786573,-0.94572324,0
-0.10095466,-0.3949941,-0.0055711987,0.84214884,0.92061023,1.1171674,0
0.22375244,-0.45250093,-0.230979,0.82906857,-0.37786573,0.91301134,0
-0.78441482,-0.47019533,-0.59163147,-0.85955255,-0.37786573,-0.94572324,0
-0.016263186,-0.35518168,-0.36622367,0.83202218,-0.37786573,1.2299103,0
-0.78441482,-0.47019533,-0.59163147,-0.85955255,-0.37786573,-0.94572324,0
-0.78441482,-0.47019533,-0.59163147,-0.85955255,-0.37786573,-0.94572324,0
0.98750012,0.76841329,-0.230979,1.2683126,0.51658359,0.66314866,0
-0.029983204,-0.32864006,-0.14081588,0.71134611,0.75018876,1.6107986,0
-0.78441482,-0.47019533,-0.59163147,-0.85955255,-0.37786573,-0.94572324,0
-0.011181697,-0.23132081,0.67065219,1.3113509,0.17287615,0.9465295,0
-0.14804311,-0.29325125,-0.050652758,0.73877249,0.84721968,1.3121822,0
0.030655889,-0.34191087,-0.0055711987,0.83708551,-0.37786573,0.66619576,0
0.074187304,-0.45250093,-0.095734317,-0.85955255,-0.37786573,-0.94572324,0
0.28862611,-0.2136264,-0.14081588,0.53201978,-0.37786573,0.96481214,0
-0.78441482,-0.47019533,-0.59163147,-0.85955255,-0.37786573,-0.94572324,0
0.31962318,0.23315742,-0.32114211,1.1628265,-0.37786573,1.1080261,0
-0.78441482,-0.47019533,-0.59163147,-0.85955255,-0.37786573,-0.94572324,0
-0.78441482,-0.47019533,-0.59163147,-0.85955255,-0.37786573,-0.94572324,0
0.20139389,-0.12515436,-0.095734317,0.75269665,0.97931608,1.2268632,0
-0.076732895,-0.43923012,-0.27606055,-0.85955255,-0.37786573,-0.94572324,0
-0.38297725,-0.44365372,-0.59163147,-0.032541705,-0.37786573,0.66314866,0
-0.42701682,-0.43480652,1.301794,1.1940504,-0.37786573,0.27921332,0
-0.78441482,-0.47019533,-0.59163147,-0.85955255,-0.37786573,-0.94572324,0
0.020492912,-0.12957796,1.3919571,0.73244332,0.18591457,1.0927906,0
-0.78441482,-0.47019533,-0.59163147,-0.85955255,-0.37786573,-0.94572324,0
-0.4053358,-0.45250093,-0.0055711987,-0.85955255,-0.37786573,-0.94572324,0
-0.32826656,-0.34191087,0.71573375,0.38644899,0.38438842,1.5742333,0
-0.33012977,-0.45250093,-0.32114211,-0.85955255,-0.37786573,-0.94572324,0
-0.78441482,-0.47019533,-0.59163147,-0.85955255,-0.37786573,-0.94572324,0
-0.78441482,-0.47019533,-0.59163147,-0.85955255,-0.37786573,-0.94572324,0
0.92448966,1.1621139,-0.32114211,1.7527047,2.037964,0.98309477,0
1.1587463,1.4983077,0.039510361,-0.85955255,-0.37786573,-0.94572324,0
0.25254754,-0.41268851,-0.45638679,1.3147265,4.4716721,1.6443167,0
-0.0076246557,-0.23574442,0.94114155,2.2227506,-0.37786573,0.93738818,0
0.33300444,2.4272641,0.76081531,-0.85955255,-0.37786573,-0.94572324,0
15.128943,-0.34633447,-0.54654991,-0.85955255,-0.37786573,-0.94572324,0
-0.079951171,-0.13400156,0.12967348,0.88223355,0.67877373,1.1141203,0
-0.37484687,-0.36845248,2.5640777,0.77801331,0.20892937,0.96785924,0
-0.78441482,-0.47019533,-0.59163147,-0.85955255,-0.37786573,-0.94572324,0
-0.058100772,-0.30652205,-0.095734317,0.91852076,-0.37786573,1.5132912,0
0.013040063,0.11814376,0.53540751,1.2282279,2.3084455,0.77589157,0
-0.2693213,-0.41711211,0.12967348,1.2387765,0.50446707,0.97700056,0
1.8330598,4.9708354,-0.32114211,-0.85955255,-0.37786573,-0.94572324,0
0.081470771,-0.0057170995,0.17475504,0.24805126,1.0505336,1.2360046,0
-0.78441482,-0.47019533,-0.59163147,-0.85955255,-0.37786573,-0.94572324,0
0.6063885,2.1706952,0.40016284,-0.85955255,-0.37786573,-0.94572324,0
0.06470186,0.025248116,0.40016284,-0.052795031,1.0909329,1.104979,0
0.20681415,0.36586549,0.80589687,0.31725013,-0.37786573,1.2938996,0
0.36349337,-0.067647531,-0.32114211,-0.85955255,-0.37786573,-0.94572324,0
-0.18903378,-0.13400156,8.0189464,0.93582048,-0.37786573,0.10857539,0
-0.2544156,-0.30209845,0.89605999,-0.070094748,0.47486721,1.1963922,0
-0.20309257,-0.41268851,0.35508128,1.0991129,-0.37786573,0.76675026,0
0.52660914,-0.4038413,-0.59163147,-0.85955255,-0.37786573,-0.94572324,0
0.68108638,0.25527543,-0.32114211,0.83708551,1.8385682,0.95262371,0
-0.78441482,-0.47019533,-0.59163147,-0.85955255,-0.37786573,-0.94572324,0
-0.78441482,-0.47019533,-0.59163147,-0.85955255,-0.37786573,-0.94572324,0
-0.78441482,-0.47019533,-0.59163147,-0.85955255,-0.37786573,-0.94572324,0
-0.78441482,-0.47019533,-0.59163147,-0.85955255,-0.37786573,-0.94572324,0
0.27355103,-0.28440404,-0.27606055,1.2337132,-0.37786573,0.83378658,0
-0.037944202,-0.27113323,0.49032595,-0.85955255,-0.37786573,-0.94572324,0
-0.78441482,-0.47019533,-0.59163147,-0.85955255,-0.37786573,-0.94572324,0
0.21070995,-0.063223929,-0.36622367,0.20712266,2.6704594,0.31273148,0
-0.78441482,-0.47019533,-0.59163147,-0.85955255,-0.37786573,-0.94572324,0
1.3089889,0.92323937,-0.36622367,1.8282327,-0.37786573,0.69971393,0
-0.78441482,-0.47019533,-0.59163147,-0.85955255,-0.37786573,-0.94572324,0
-0.78441482,-0.47019533,-0.59163147,-0.85955255,-0.37786573,-0.94572324,0
0.17920473,-0.44365372,-0.41130523,-0.85955255,-0.37786573,-0.94572324,0
-0.78441482,-0.47019533,-0.59163147,-0.85955255,-0.37786573,-0.94572324,0
0.52085012,0.5914692,-0.230979,1.0113485,-0.37786573,1.2177219,0
-0.2186758,-0.24901522,-0.0055711987,-0.25954774,2.2585966,1.6321283,0
0.49747527,0.81707292,-0.0055711987,0.73370916,1.0883977,0.9983303,0
-0.22341852,-0.195932,2.0681805,0.12948491,0.21054272,1.0988848,0
-0.33504188,-0.43923012,0.49032595,-0.85955255,-0.37786573,-0.94572324,0
-0.78441482,-0.47019533,-0.59163147,-0.85955255,-0.37786573,-0.94572324,0
-0.78441482,-0.47019533,-0.59163147,-0.85955255,-0.37786573,-0.94572324,0
-0.25966647,-0.43923012,-0.050652758,1.4202125,1.8615172,0.95871792,0
1.5124179,2.1441536,-0.050652758,1.4404659,-0.37786573,0.80331553,0
-0.31878112,-0.24901522,0.26491816,0.17378906,-0.37786573,0.85206922,0
-0.78441482,-0.47019533,-0.59163147,-0.85955255,-0.37786573,-0.94572324,0
-0.2107148,-0.2047792,1.6624465,0.40881204,-0.37786573,0.29140174,0
-0.037944202,-0.33748727,0.17475504,0.26535098,-0.37786573,0.83073948,0
-0.054713113,-0.45250093,-0.230979,-0.85955255,-0.37786573,-0.94572324,0
-0.78441482,-0.47019533,-0.59163147,-0.85955255,-0.37786573,-0.94572324,0
-0.2047864,-0.37729969,1.2567125,-0.85955255,-0.37786573,-0.94572324,0
-0.78441482,-0.47019533,-0.59163147,-0.85955255,-0.37786573,-0.94572324,0
0.031164038,-0.16054318,0.98622311,0.034125496,-0.37786573,0.9952832,0
0.010838085,-0.42595931,-0.32114211,1.4889895,-0.37786573,1.0166129,0
-0.78441482,-0.47019533,-0.59163147,-0.85955255,-0.37786573,-0.94572324,0
0.090448067,-0.076494735,-0.230979,1.4556559,-0.37786573,1.1933451,0
0.73528892,5.0150714,-0.27606055,1.8008063,1.2448588,0.73323209,0
-0.78441482,-0.47019533,-0.59163147,-0.85955255,-0.37786573,-0.94572324,0
-0.78441482,-0.47019533,-0.59163147,-0.85955255,-0.37786573,-0.94572324,0
-0.073006471,-0.44807732,-0.36622367,-0.85955255,-0.37786573,-0.94572324,0
1.0879442,1.1399959,-0.050652758,0.9493227,-0.37786573,0.88558738,0
-0.78441482,-0.47019533,-0.59163147,-0.85955255,-0.37786573,-0.94572324,0
-0.0062695922,-0.25786243,0.44524439,0.76873053,0.45307064,1.306088,0
-0.15685103,-0.45250093,-0.32114211,0.082649091,-0.37786573,0.23350673,0
-0.34164781,-0.43038291,0.17475504,-0.85955255,-0.37786573,-0.94572324,0
-0.070804492,-0.31094565,0.40016284,0.13581407,0.27408859,1.4249251,0
-0.78441482,-0.47019533,-0.59163147,-0.85955255,-0.37786573,-0.94572324,0
1.2536007,5.0460367,-0.50146835,-0.85955255,-0.37786573,-0.94572324,0
0.83945943,1.8345014,0.26491816,1.6978519,-0.37786573,1.2756169,0
-0.78441482,-0.47019533,-0.59163147,-0.85955255,-0.37786573,-0.94572324,0
-0.39788295,-0.3949941,2.5189961,-0.85955255,-0.37786573,-0.94572324,0
0.76611662,0.56935119,0.17475504,1.0429943,0.079038976,1.0592724,0
-0.78441482,-0.47019533,-0.59163147,-0.85955255,-0.37786573,-0.94572324,0
-0.12246629,-0.43923012,0.40016284,0.38898066,-0.37786573,0.76675026,0
-0.47867861,-0.41268851,2.2034252,-0.019883376,0.10877054,0.74237341,0
0.38737636,0.37471269,-0.18589744,0.57083865,1.1017654,1.0105187,0
-0.78441482,-0.47019533,-0.59163147,-0.85955255,-0.37786573,-0.94572324,0
1.4119738,3.351797,-0.0055711987,2.2387845,-0.37786573,0.73018498,0
0.53084371,2.4316877,0.71573375,-0.85955255,-0.37786573,-0.94572324,0
0.43260161,0.44991393,-0.27606055,0.53623922,1.179074,0.87035185,0
0.053014437,-0.27998044,-0.230979,0.5560706,2.9410068,1.2634285,0
1.4512706,-0.44807732,-0.54654991,-0.85955255,-0.37786573,-0.94572324,0
5.0816552,-0.43038291,-0.54654991,-0.85955255,-0.37786573,-0.94572324,0
0.02438872,-0.19150839,0.30999972,-0.85955255,-0.37786573,-0.94572324,0
-0.16650585,-0.44365372,0.35508128,-0.85955255,-0.37786573,-0.94572324,0
-0.17649945,-0.35960528,0.30999972,0.23919043,0.65523213,1.3121822,0
1.5955849,-0.44807732,-0.36622367,-0.85955255,-0.37786573,-0.94572324,0
-0.78441482,-0.47019533,-0.59163147,-0.85955255,-0.37786573,-0.94572324,0
-0.78441482,-0.47019533,-0.59163147,-0.85955255,-0.37786573,-0.94572324,0
-0.055560028,-0.34633447,0.2198366,0.055644655,-0.37786573,1.3396062,0
0.07164656,-0.22689721,-0.18589744,-0.85955255,-0.37786573,-0.94572324,0
-0.78441482,-0.47019533,-0.59163147,-0.85955255,-0.37786573,-0.94572324,0
-0.78441482,-0.47019533,-0.59163147,-0.85955255,-0.37786573,-0.94572324,0
-0.28033119,-0.44807732,-0.095734317,0.25649015,-0.37786573,1.2299103,0
-0.0050839116,-0.3994177,-0.41130523,1.5535469,3.1573591,1.2329575,0
-0.78441482,-0.47019533,-0.59163147,-0.85955255,-0.37786573,-0.94572324,0
-0.34113967,-0.35518168,1.3919571,0.87168494,0.19470564,1.1445914,0
-0.21342493,-0.45250093,-0.45638679,-0.85955255,-0.37786573,-0.94572324,0
-0.78441482,-0.47019533,-0.59163147,-0.85955255,-0.37786573,-0.94572324,0
0.50374244,0.69763566,0.26491816,1.7514388,0.52949032,1.3975012,0
0.41837344,-0.27555684,-0.18589744,0.75354054,-0.37786573,1.1202145,0
-0.46309538,-0.31979286,2.7894855,1.0037535,1.2332362,1.0714608,0
-0.78441482,-0.47019533,-0.59163147,-0.85955255,-0.37786573,-0.94572324,0
-0.78441482,-0.47019533,-0.59163147,-0.85955255,-0.37786573,-0.94572324,0
-0.24137311,-0.41268851,0.2198366,0.95396408,-0.37786573,1.2329575,0
-0.78441482,-0.47019533,-0.59163147,-0.85955255,-0.37786573,-0.94572324,0
-0.78441482,-0.47019533,-0.59163147,-0.85955255,-0.37786573,-0.94572324,0
2.4929757,4.1878578,-0.45638679,2.3645239,-0.37786573,0.81550395,0
0.18310054,0.30393506,0.80589687,-0.85955255,-0.37786573,-0.94572324,0
-0.38314663,-0.36845248,-0.0055711987,-0.85955255,-0.37786573,-0.94572324,0
-0.78441482,-0.47019533,-0.59163147,-0.85955255,-0.37786573,-0.94572324,0
0.11043525,-0.13842517,2.023099,0.67083945,-0.37786573,0.7362792,0
0.074695453,-0.42595931,-0.050652758,1.9754912,-0.37786573,0.91910555,0
-0.023038503,-0.16054318,2.1132621,1.0020657,0.024086612,0.83683369,0
0.33351259,0.26412264,0.67065219,0.20543488,0.45109512,0.72104367,0
0.76442279,0.23758102,-0.14081588,0.79911052,0.34336347,1.1141203,0
-0.22883878,-0.4038413,-0.27606055,-0.85955255,-0.37786573,-0.94572324,0
-0.78441482,-0.47019533,-0.59163147,-0.85955255,-0.37786573,-0.94572324,0
0.75154968,0.073907741,-0.32114211,-0.85955255,-0.37786573,-0.94572324,0
2.3913459,-0.44365372,-0.54654991,-0.85955255,-0.37786573,-0.94572324,0
-0.45852204,-0.45250093,1.8427727,1.1484804,0.057867993,0.44680414,0
0.77272255,0.73744808,0.35508128,0.67970028,0.42808032,0.75456183,0
-0.19005008,0.020824514,1.6624465,0.4560698,0.10060506,1.0013774,0
0.089262386,0.020824514,0.26491816,1.3421528,-0.37786573,1.3182764,0
0.76611662,1.706217,-0.18589744,0.70417305,0.30908821,0.71190235,0
-0.57573504,-0.45250093,6.9369889,-0.20131943,0.17979046,0.50469915,0
-0.78441482,-0.47019533,-0.59163147,-0.85955255,-0.37786573,-0.94572324,0
-0.78441482,-0.47019533,-0.59163147,-0.85955255,-0.37786573,-0.94572324,0
-0.78441482,-0.47019533,-0.59163147,-0.85955255,-0.37786573,-0.94572324,0
0.81354384,1.1665375,-0.36622367,-0.85955255,-0.37786573,-0.94572324,0
0.43802186,-0.072071133,0.53540751,1.848908,0.41372488,0.86425764,0
-0.36671649,-0.43480652,0.49032595,0.58054337,0.54081663,1.0074716,0
-0.16379573,-0.38614689,0.40016284,0.094463532,-0.37786573,1.1598269,0
-0.78441482,-0.47019533,-0.59163147,-0.85955255,-0.37786573,-0.94572324,0
-0.78441482,-0.47019533,-0.59163147,-0.85955255,-0.37786573,-0.94572324,0
0.13194689,-0.22247361,-0.14081588,0.99911212,2.2970863,1.0227071,0
-0.1124727,-0.43480652,-0.18589744,0.58813837,-0.37786573,0.89777581,0
-0.78441482,-0.47019533,-0.59163147,-0.85955255,-0.37786573,-0.94572324,0
-0.020667142,-0.18708479,1.6624465,-0.85955255,-0.37786573,-0.94572324,0
0.664995,2.7590343,-0.050652758,1.0737963,-0.37786573,0.75151473,0
0.058604074,-0.054376724,0.08459192,0.26492903,-0.37786573,1.3883599,0
-0.78441482,-0.45250093,-0.59163147,-0.85955255,-0.37786573,-0.94572324,0
0.49137749,0.5914692,-0.095734317,0.49488868,-0.37786573,0.94043529,0
-0.78441482,-0.47019533,-0.59163147,-0.85955255,-0.37786573,-0.94572324,0
0.27473671,-0.23132081,0.40016284,1.3421528,-0.37786573,1.2024864,0
-0.45089981,-0.44807732,1.3919571,-0.85955255,-0.37786573,-0.94572324,0
-0.3387683,-0.43038291,3.4206273,0.87295078,0.12701117,0.61744207,0
0.15227284,-0.38614689,-0.41130523,0.96071519,2.6839588,0.9434824,0
-0.78441482,-0.47019533,-0.59163147,-0.85955255,-0.37786573,-0.94572324,0
0.00050572539,0.05178973,-0.27606055,0.0071210601,-0.37786573,1.1141203,0
0.13143874,0.060636934,1.1214678,-0.85955255,-0.37786573,-0.94572324,0
-0.78441482,-0.47019533,-0.59163147,-0.85955255,-0.37786573,-0.94572324,0
-0.276266,-0.44365372,0.76081531,-0.046043923,0.40302415,0.94957661,0
-0.78441482,-0.47019533,-0.59163147,-0.85955255,-0.37786573,-0.94572324,0
-0.78441482,-0.47019533,-0.59163147,-0.85955255,-0.37786573,-0.94572324,0
0.61604333,0.42337232,-0.41130523,-0.85955255,-0.37786573,-0.94572324,0
-0.78441482,-0.47019533,-0.59163147,-0.85955255,-0.37786573,-0.94572324,0
-0.41905582,-0.38614689,2.9698117,0.43370675,-0.37786573,0.9952832,0
-0.78441482,-0.47019533,-0.59163147,-0.85955255,-0.37786573,-0.94572324,0
-0.15227769,-0.38614689,0.26491816,-0.85955255,-0.37786573,-0.94572324,0
-0.18733996,-0.4082649,0.49032595,0.024842721,0.51961272,0.86121054,0
-0.78441482,-0.47019533,-0.59163147,-0.85955255,-0.37786573,-0.94572324,0
0.13753652,0.11814376,0.49032595,1.5640956,0.71624275,1.1415443,0
-0.13110482,-0.21805001,-0.36622367,-0.85955255,-0.37786573,-0.94572324,0
-0.78441482,-0.47019533,-0.59163147,-0.85955255,-0.37786573,-0.94572324,0
-0.78441482,-0.47019533,-0.59163147,-0.85955255,-0.37786573,-0.94572324,0
-0.059963984,-0.28440404,0.039510361,-0.85955255,-0.37786573,-0.94572324,0
-0.27186204,-0.4038413,0.039510361,-0.051951143,1.1538203,0.91910555,0
-0.78441482,-0.47019533,-0.59163147,-0.85955255,-0.37786573,-0.94572324,0
-0.3487619,-0.31979286,1.2567125,0.21809321,0.58724133,0.85816343,0
-0.12805593,-0.25786243,1.7526096,0.65100807,0.0048582237,1.3700772,0
-0.78441482,-0.47019533,-0.59163147,-0.85955255,-0.37786573,-0.94572324,0
0.00033634245,-0.31094565,-0.27606055,-0.85955255,-0.37786573,-0.94572324,0
0.23425418,-0.16054318,-0.230979,0.94425936,0.79088446,0.9952832,0
0.63958756,-0.45250093,0.039510361,-0.85955255,-0.37786573,-0.94572324,0
-0.78441482,-0.47019533,-0.59163147,-0.85955255,-0.37786573,-0.94572324,0
-0.78441482,-0.47019533,-0.59163147,-0.85955255,-0.37786573,-0.94572324,0
0.050643076,-0.38614689,0.08459192,0.72822388,0.49547846,0.97700056,0
-0.78441482,-0.47019533,-0.59163147,-0.85955255,-0.37786573,-0.94572324,0
-0.33267052,-0.43480652,0.26491816,0.62315975,-0.37786573,1.4828201,0
0.030825272,-0.3994177,0.44524439,-0.85955255,-0.37786573,-0.94572324,0
-0.78441482,-0.47019533,-0.59163147,-0.85955255,-0.37786573,-0.94572324,0
-0.78441482,-0.47019533,-0.59163147,-0.85955255,-0.37786573,-0.94572324,0
0.084519664,-0.42595931,-0.36622367,1.4902553,2.4510451,1.1720153,0
2.0812058,-0.42595931,-0.50146835,-0.85955255,-0.37786573,-0.94572324,0
-0.20546393,-0.43923012,0.12967348,-0.85955255,-0.37786573,-0.94572324,0
-0.78441482,-0.47019533,-0.59163147,-0.85955255,-0.37786573,-0.94572324,0
0.55692868,0.971899,-0.27606055,1.6320286,-0.37786573,1.5163383,0
-0.78441482,-0.47019533,-0.59163147,-0.85955255,-0.37786573,-0.94572324,0
-0.13974335,-0.3994177,-0.32114211,-0.85955255,-0.37786573,-0.94572324,0
-0.78441482,-0.47019533,-0.59163147,-0.85955255,-0.37786573,-0.94572324,0
-0.78441482,-0.47019533,-0.59163147,-0.85955255,-0.37786573,-0.94572324,0
-0.78441482,-0.47019533,-0.59163147,-0.85955255,-0.37786573,-0.94572324,0
-0.24713213,-0.41268851,-0.14081588,0.98940741,-0.37786573,0.90996423,0
-0.039976797,-0.018987906,0.53540751,-0.85955255,-0.37786573,-0.94572324,0
0.94667883,2.0645287,-0.45638679,-0.85955255,-0.37786573,-0.94572324,0
-0.40686025,-0.44807732,0.2198366,0.97970269,1.2141066,0.90996423,0
-0.78441482,-0.47019533,-0.59163147,-0.85955255,-0.37786573,-0.94572324,0
-0.38196095,-0.43038291,-0.0055711987,-0.85955255,-0.37786573,-0.94572324,0
-0.23984867,-0.35075807,1.0763862,0.8970016,0.93015857,0.66619576,0
-0.10417293,-0.27998044,-0.095734317,-0.85955255,-0.37786573,-0.94572324,0
0.47969006,0.96747539,-0.14081588,0.47969868,-0.37786573,0.41328597,0
0.84894487,0.41894872,-0.14081588,1.2446837,-0.37786573,0.74237341,0
0.83370041,0.92766297,-0.36622367,0.60206253,1.2397225,0.52298179,0
0.35400792,-0.29767485,-0.0055711987,1.0092388,0.14459329,1.190298,0
-0.25102794,-0.43038291,0.17475504,0.49066924,0.74831201,0.92519976,0
0.039633185,-0.39057049,-0.0055711987,-0.85955255,-0.37786573,-0.94572324,0
-0.096550699,-0.35518168,0.85097843,2.1573492,-0.37786573,0.62353628,0
-0.08045932,-0.010140702,0.2198366,0.56197782,-0.37786573,0.80026842,0
0.036923058,-0.32421646,0.12967348,0.026108554,0.54134343,1.0257543,0
-0.78441482,-0.47019533,-0.59163147,-0.85955255,-0.37786573,-0.94572324,0
-0.78441482,-0.47019533,-0.59163147,-0.85955255,-0.37786573,-0.94572324,0
-0.25797264,-0.36845248,0.40016284,0.0079649487,0.74768643,0.81550395,0
0.15515235,-0.089765542,0.76081531,0.52189311,-0.079265976,0.98614188,0
-0.78441482,-0.47019533,-0.59163147,-0.85955255,-0.37786573,-0.94572324,0
3.1225721,3.3119846,-0.27606055,-0.85955255,-0.37786573,-0.94572324,0
1.2300565,4.5461696,-0.32114211,-0.25448441,3.1894284,0.40719176,0
-0.78441482,-0.47019533,-0.59163147,-0.85955255,-0.37786573,-0.94572324,0
-0.099260826,-0.42595931,-0.18589744,0.76788664,-0.37786573,1.3365591,0
-0.78441482,-0.47019533,-0.59163147,-0.85955255,-0.37786573,-0.94572324,0
0.44005446,-0.44365372,-0.45638679,-0.85955255,-0.37786573,-0.94572324,0
0.43632803,-0.38614689,-0.27606055,0.84046107,1.0975509,1.0379427,0
-0.20495578,-0.35960528,0.12967348,-0.85955255,-0.37786573,-0.94572324,0
-0.78441482,-0.47019533,-0.59163147,-0.85955255,-0.37786573,-0.94572324,0
-0.43548596,-0.42595931,1.9329359,-0.12874501,0.10880347,1.0288014,0
-0.78441482,-0.47019533,-0.59163147,-0.85955255,-0.37786573,-0.94572324,0
-0.78441482,-0.47019533,-0.59163147,-0.85955255,-0.37786573,-0.94572324,0
-0.78441482,-0.47019533,-0.59163147,-0.85955255,-0.37786573,-0.94572324,0
0.15193407,-0.2136264,-0.0055711987,0.42315815,-0.37786573,1.1019319,0
-0.78441482,-0.47019533,-0.59163147,-0.85955255,-0.37786573,-0.94572324,0
0.18530251,0.94535738,0.08459192,0.8379294,-0.37786573,0.54126442,0
-0.012536761,-0.42153571,0.40016284,1.2181012,1.0804627,1.6900233,1
1.2417439,4.2055522,-0.32114211,1.3657817,1.8293491,0.529076,1
0.75425981,0.016400912,0.08459192,4.9421817,1.4216019,1.2512401,1
0.96412527,-0.34191087,-0.41130523,1.5742222,3.703261,1.3792185,1
-0.78441482,-0.47019533,-0.59163147,-0.85955255,-0.37786573,-0.94572324,1
0.60266208,-0.076494735,-0.45638679,1.8446885,3.068362,1.5407151,1
0.18767387,-0.32864006,-0.45638679,1.4054445,4.6050526,1.6382225,1
0.20257957,-0.41268851,-0.32114211,1.2235865,2.9641862,1.2817111,1
1.1072539,-0.098612747,-0.54654991,1.7096663,7.7221917,1.2603814,1
0.56065511,-0.36845248,-0.27606055,4.0645375,2.422861,1.3304648,1
0.1278817,-0.27113323,-0.50146835,1.5771758,5.2983282,1.6839291,1
1.4680395,-0.29767485,-0.50146835,1.2408862,2.5325682,0.69971393,1
0.18818202,-0.36845248,0.30999972,2.1197962,0.61730215,1.5833746,1
0.11145155,-0.3949941,-0.36622367,1.3463723,2.6611745,1.5681391,1
0.27558362,-0.27998044,-0.45638679,2.1303448,6.2721276,1.2146748,1
0.54337805,0.1889214,-0.50146835,1.5788636,7.750705,1.4584433,1
2.0158239,0.15353258,-0.32114211,2.1923706,-0.37786573,0.96176503,1
1.0217155,-0.27113323,-0.41130523,5.4784729,-0.37786573,0.79722131,1
0.19224721,-0.2003556,-0.230979,1.2003796,2.2620867,1.132403,1
0.72309335,-0.195932,-0.32114211,4.0645375,2.422861,1.3243706,1
2.3191888,0.72860087,-0.50146835,-0.85955255,-0.37786573,-0.94572324,1
-0.25001164,-0.37729969,-0.32114211,1.2691565,3.652984,1.0927906,1
0.28134264,-0.41711211,-0.36622367,0.85100967,2.7896491,1.3457004,1
1.2049878,1.7637238,-0.50146835,1.5624078,6.4890725,0.93129397,1
0.73664398,-0.22247361,-0.050652758,1.5096647,0.53926914,1.3152293,1
0.17700275,-0.19150839,-0.50146835,1.5788636,7.750705,1.5559507,1
